361 15 8 52 -0.007946
362 15 8 52.03333333 -0.013526
363 15 8 52.06666667 -0.006234
364 15 8 52.1 0.003218
365 15 8 52.13333333 -0.000243
366 15 8 52.16666667 -0.001307
367 15 8 52.2 -0.006112
368 15 8 52.23333333 -0.011351
369 15 8 52.26666667 -0.012182
370 15 8 52.3 -0.009632
371 15 8 52.33333333 -0.006499
372 15 8 52.36666667 -0.012974
373 15 8 52.4 -0.014242
374 15 8 52.43333333 -0.022142
375 15 8 52.46666667 -0.017198
376 15 8 52.5 -0.005537
377 15 8 52.53333333 -0.003946
378 15 8 52.56666667 -0.011692
379 15 8 52.6 -0.016195
380 15 8 52.63333333 -0.01596
381 15 8 52.66666667 -0.013693
382 15 8 52.7 -0.008307
383 15 8 52.73333333 -0.00312
384 15 8 52.76666667 -0.012455
385 15 8 52.8 -0.015701
386 15 8 52.83333333 -0.0151
387 15 8 52.86666667 -0.016611
388 15 8 52.9 -0.009991
389 15 8 52.93333333 -0.001991
390 15 8 52.96666667 -0.007094
391 15 8 53 -0.012504
392 15 8 53.03333333 -0.0138
393 15 8 53.06666667 -0.013917
394 15 8 53.1 -0.008739
395 15 8 53.13333333 -0.005606
396 15 8 53.16666667 -0.011559
397 15 8 53.2 -0.019093
398 15 8 53.23333333 -0.024773
399 15 8 53.26666667 -0.024168
400 15 8 53.3 -0.014011
401 15 8 53.33333333 -0.00741
402 15 8 53.36666667 -0.010928
403 15 8 53.4 -0.014583
404 15 8 53.43333333 -0.013501
405 15 8 53.46666667 -0.008595
406 15 8 53.5 -0.007437
407 15 8 53.53333333 -0.001399
408 15 8 53.56666667 -0.002315
409 15 8 53.6 -0.009264
410 15 8 53.63333333 -0.010602
411 15 8 53.66666667 -0.010984
412 15 8 53.7 -0.005554
413 15 8 53.73333333 -0.000913
414 15 8 53.76666667 -0.001399
415 15 8 53.8 -0.005803
416 15 8 53.83333333 -0.008046
417 15 8 53.86666667 -0.011204
418 15 8 53.9 -0.005554
419 15 8 53.93333333 0.000116
420 15 8 53.96666667 0.00162
421 15 8 54 -0.003472
422 15 8 54.03333333 -0.011516
423 15 8 54.06666667 0.012792
424 15 8 54.1 0.050936
425 15 8 54.13333333 -0.16439
426 15 8 54.16666667 -0.161732
427 15 8 54.2 0.199451
428 15 8 54.23333333 0.247001
429 15 8 54.26666667 0.205918
430 15 8 54.3 0.078832
431 15 8 54.33333333 -0.230231
432 15 8 54.36666667 -0.166653
433 15 8 54.4 -0.016243
434 15 8 54.43333333 0.109986
435 15 8 54.46666667 0.226495
436 15 8 54.5 0.076573
437 15 8 54.53333333 -0.083438
438 15 8 54.56666667 -0.166717
439 15 8 54.6 -0.093125
440 15 8 54.63333333 0.062511
441 15 8 54.66666667 0.161151
442 15 8 54.7 0.136487
443 15 8 54.73333333 -0.022305
444 15 8 54.76666667 -0.142299
445 15 8 54.8 -0.129877
446 15 8 54.83333333 0.010245
447 15 8 54.86666667 0.114215
448 15 8 54.9 0.143205
449 15 8 54.93333333 0.033726
450 15 8 54.96666667 -0.114884
451 15 8 55 -0.124785
452 15 8 55.03333333 -0.035945
453 15 8 55.06666667 0.073127
454 15 8 55.1 0.13296
455 15 8 55.13333333 0.060155
456 15 8 55.16666667 -0.057587
457 15 8 55.2 -0.13148
458 15 8 55.23333333 -0.066882
459 15 8 55.26666667 0.029072
460 15 8 55.3 0.100576
461 15 8 55.33333333 0.071692
462 15 8 55.36666667 -0.026061
463 15 8 55.4 -0.113538
464 15 8 55.43333333 -0.095972
465 15 8 55.46666667 0.001767
466 15 8 55.5 0.069161
467 15 8 55.53333333 0.083502
468 15 8 55.56666667 0.003548
469 15 8 55.6 -0.094144
470 15 8 55.63333333 -0.104022
471 15 8 55.66666667 -0.027845
472 15 8 55.7 0.048813
473 15 8 55.73333333 0.08381
474 15 8 55.76666667 0.025274
475 15 8 55.8 -0.068344
476 15 8 55.83333333 -0.105978
477 15 8 55.86666667 -0.055327
478 15 8 55.9 0.02817
479 15 8 55.93333333 0.080026
480 15 8 55.96666667 0.043397
481 15 8 56 -0.032212
482 15 8 56.03333333 -0.089764
483 15 8 56.06666667 -0.058894
484 15 8 56.1 0.009354
485 15 8 56.13333333 0.063279
486 15 8 56.16666667 0.050941
487 15 8 56.2 -0.003797
488 15 8 56.23333333 -0.067638
489 15 8 56.26666667 -0.067171
490 15 8 56.3 0.000729
491 15 8 56.33333333 0.057746
492 15 8 56.36666667 0.059308
493 15 8 56.4 0.006997
494 15 8 56.43333333 -0.052473
495 15 8 56.46666667 -0.069508
496 15 8 56.5 -0.026627
497 15 8 56.53333333 0.030248
498 15 8 56.56666667 0.052299
499 15 8 56.6 0.015783
500 15 8 56.63333333 -0.040417
501 15 8 56.66666667 -0.068089
502 15 8 56.7 -0.034
503 15 8 56.73333333 0.019166
504 15 8 56.76666667 0.04977
505 15 8 56.8 0.027624
506 15 8 56.83333333 -0.016654
507 15 8 56.86666667 -0.058644
508 15 8 56.9 -0.039554
509 15 8 56.93333333 0.011543
510 15 8 56.96666667 0.040627
511 15 8 57 0.033242
512 15 8 57.03333333 -0.00627
513 15 8 57.06666667 -0.049061
514 15 8 57.1 -0.042069
515 15 8 57.13333333 8.00E-05
516 15 8 57.16666667 0.032858
517 15 8 57.2 0.034309
518 15 8 57.23333333 -0.00382
519 15 8 57.26666667 -0.040504
520 15 8 57.3 -0.040451
521 15 8 57.33333333 -0.002674
522 15 8 57.36666667 0.033968
523 15 8 57.4 0.040768
524 15 8 57.43333333 0.009842
525 15 8 57.46666667 -0.031297
526 15 8 57.5 -0.037835
527 15 8 57.53333333 -0.013387
528 15 8 57.56666667 0.024679
529 15 8 57.6 0.038821
530 15 8 57.63333333 0.014737
531 15 8 57.66666667 -0.02618
532 15 8 57.7 -0.041941
533 15 8 57.73333333 -0.019928
534 15 8 57.76666667 0.013191
535 15 8 57.8 0.029847
536 15 8 57.83333333 0.015286
537 15 8 57.86666667 -0.018488
538 15 8 57.9 -0.040134
539 15 8 57.93333333 -0.025253
540 15 8 57.96666667 0.007399
541 15 8 58 0.02837
542 15 8 58.03333333 0.017026
543 15 8 58.06666667 -0.008845
544 15 8 58.1 -0.035964
545 15 8 58.13333333 -0.030938
546 15 8 58.16666667 0.000796
547 15 8 58.2 0.020143
548 15 8 58.23333333 0.021231
549 15 8 58.26666667 -0.004219
550 15 8 58.3 -0.029732
551 15 8 58.33333333 -0.027842
552 15 8 58.36666667 -0.007621
553 15 8 58.4 0.013604
554 15 8 58.43333333 0.019964
555 15 8 58.46666667 0.002081
556 15 8 58.5 -0.02396
557 15 8 58.53333333 -0.03005
558 15 8 58.56666667 -0.008654
559 15 8 58.6 0.013242
560 15 8 58.63333333 0.020805
561 15 8 58.66666667 0.005852
562 15 8 58.7 -0.024459
563 15 8 58.73333333 -0.028675
564 15 8 58.76666667 -0.014395
565 15 8 58.8 0.009847
566 15 8 58.83333333 0.018963
567 15 8 58.86666667 0.0078
568 15 8 58.9 -0.017141
569 15 8 58.93333333 -0.026182
570 15 8 58.96666667 -0.01321
571 15 8 59 0.010863
572 15 8 59.03333333 0.018108
573 15 8 59.06666667 0.011638
574 15 8 59.1 -0.006173
575 15 8 59.13333333 -0.024903
576 15 8 59.16666667 -0.013704
577 15 8 59.2 0.005413
578 15 8 59.23333333 0.013493
579 15 8 59.26666667 0.009265
580 15 8 59.3 -0.005376
581 15 8 59.33333333 -0.01582
582 15 8 59.36666667 -0.01372
583 15 8 59.4 0.002799
584 15 8 59.43333333 0.015156
585 15 8 59.46666667 0.012036
586 15 8 59.5 -0.002698
587 15 8 59.53333333 -0.024223
588 15 8 59.56666667 -0.01742
589 15 8 59.6 3.20E-05
590 15 8 59.63333333 0.016333
591 15 8 59.66666667 0.017575
592 15 8 59.7 -0.000525
593 15 8 59.73333333 -0.017194
594 15 8 59.76666667 -0.017288
595 15 8 59.8 -0.001441
596 15 8 59.83333333 0.013877
597 15 8 59.86666667 0.015126
598 15 8 59.9 0.00573
599 15 8 59.93333333 -0.010717
600 15 8 59.96666667 -0.017789
601 15 9 0 0.002852
602 15 9 0.033333333 0.012548
603 15 9 0.066666667 0.016111
604 15 9 0.1 0.006389
605 15 9 0.133333333 -0.011148
606 15 9 0.166666667 -0.021607
607 15 9 0.2 -0.015845
608 15 9 0.233333333 -0.000264
609 15 9 0.266666667 0.006326
610 15 9 0.3 -0.000523
611 15 9 0.333333333 -0.014219
612 15 9 0.366666667 -0.023752
613 15 9 0.4 -0.011004
614 15 9 0.433333333 0.005333
615 15 9 0.466666667 0.010757
616 15 9 0.5 0.005882
617 15 9 0.533333333 -0.00786
618 15 9 0.566666667 -0.022946
619 15 9 0.6 -0.012163
620 15 9 0.633333333 0.002081
621 15 9 0.666666667 0.00921
622 15 9 0.7 0.003331
623 15 9 0.733333333 -0.013032
624 15 9 0.766666667 -0.027134
625 15 9 0.8 -0.022719
626 15 9 0.833333333 -0.001455
627 15 9 0.866666667 0.004444
628 15 9 0.9 0.001164
629 15 9 0.933333333 -0.006692
630 15 9 0.966666667 -0.020996
631 15 9 1 -0.015594
632 15 9 1.033333333 -0.003972
633 15 9 1.066666667 0.007999
634 15 9 1.1 0.006055103
635 15 9 1.133333333 0.007672328
636 15 9 1.166666667 0.003478391
637 15 9 1.2 0.005213377
638 15 9 1.233333333 -0.00313621
639 15 9 1.266666667 -0.00597039
640 15 9 1.3 -0.011724601
641 15 9 1.333333333 -0.003910645
642 15 9 1.366666667 0.006318417
643 15 9 1.4 -0.013039674
644 15 9 1.433333333 0.00098972
645 15 9 1.466666667 -0.004206747
646 15 9 1.5 -0.002187382
647 15 9 1.533333333 -0.00584332
648 15 9 1.566666667 -0.006331981
649 15 9 1.6 -0.001598042
650 15 9 1.633333333 -0.003875099
651 15 9 1.666666667 -0.016910541
652 15 9 1.7 0.001637564
653 15 9 1.733333333 0.005718336
654 15 9 1.766666667 -0.003350757
655 15 9 1.8 0.013049867
656 15 9 1.833333333 -0.004451551
657 15 9 1.866666667 -0.006893303
658 15 9 1.9 -0.001783269
659 15 9 1.933333333 0.004843003
660 15 9 1.966666667 -0.005848758
661 15 9 2 0.005332381
662 15 9 2.033333333 -0.00992014
663 15 9 2.066666667 -0.016329465
664 15 9 2.1 0.002087046
665 15 9 2.133333333 0.004260936
666 15 9 2.166666667 0.010651352
667 15 9 2.2 0.005674333
668 15 9 2.233333333 0.00234937
669 15 9 2.266666667 0.010007973
670 15 9 2.3 0.005516271
671 15 9 2.333333333 -0.01147361
672 15 9 2.366666667 -0.009920566
673 15 9 2.4 0.009411765
674 15 9 2.433333333 -0.006260754
675 15 9 2.466666667 0.007069053
676 15 9 2.5 0.005164459
677 15 9 2.533333333 -0.009690835
678 15 9 2.566666667 0.011514126
679 15 9 2.6 -0.01010136
680 15 9 2.633333333 0.001427257
681 15 9 2.666666667 -0.000166452
682 15 9 2.7 0.004771639
683 15 9 2.733333333 0.000510324
684 15 9 2.766666667 -0.005015159
685 15 9 2.8 0.004682748
686 15 9 2.833333333 0.010340156
687 15 9 2.866666667 -0.008026742
688 15 9 2.9 -0.00818287
689 15 9 2.933333333 0.003375295
690 15 9 2.966666667 0.000876933
691 15 9 3 -0.002714085
692 15 9 3.033333333 -0.004451952
693 15 9 3.066666667 0.00586455
694 15 9 3.1 -0.003021556
695 15 9 3.133333333 -0.00163487
696 15 9 3.166666667 -0.020271786
697 15 9 3.2 0.01064024
698 15 9 3.233333333 0.004980986
699 15 9 3.266666667 -0.010481551
700 15 9 3.3 0.002851176
701 15 9 3.333333333 0.0044905
702 15 9 3.366666667 -0.014967488
703 15 9 3.4 -0.003704912
704 15 9 3.433333333 -0.003339239
705 15 9 3.466666667 0.001869884
706 15 9 3.5 0.008126337
707 15 9 3.533333333 0.003722142
708 15 9 3.566666667 0.002423901
709 15 9 3.6 0.004949743
710 15 9 3.633333333 -0.008073406
711 15 9 3.666666667 0.000347698
712 15 9 3.7 -0.005066838
713 15 9 3.733333333 -0.005802336
714 15 9 3.766666667 -0.002069609
715 15 9 3.8 -0.000467292
716 15 9 3.833333333 -0.008509552
717 15 9 3.866666667 -0.002621293
718 15 9 3.9 -0.003886506
719 15 9 3.933333333 0.003514164
720 15 9 3.966666667 -0.006059092
721 15 9 4 0.003078243
722 15 9 4.033333333 0.004949888
723 15 9 4.066666667 -0.000446152
724 15 9 4.1 -0.001741146
725 15 9 4.133333333 0.001230068
726 15 9 4.166666667 -0.011015552
727 15 9 4.2 -0.008606787
728 15 9 4.233333333 0.007646493
729 15 9 4.266666667 0.007911553
730 15 9 4.3 0.000373835
731 15 9 4.333333333 0.002094961
732 15 9 4.366666667 0.003770264
733 15 9 4.4 -0.000369196
734 15 9 4.433333333 -0.004028318
735 15 9 4.466666667 -0.002175836
736 15 9 4.5 -0.003695453
737 15 9 4.533333333 -0.014109776
738 15 9 4.566666667 -0.003379538
739 15 9 4.6 0.00754808
740 15 9 4.633333333 -0.002126091
741 15 9 4.666666667 -0.001374856
742 15 9 4.7 -0.004867429
743 15 9 4.733333333 -0.013905285
744 15 9 4.766666667 0.004826891
745 15 9 4.8 0.013590738
746 15 9 4.833333333 -0.002944242
747 15 9 4.866666667 -0.001115185
748 15 9 4.9 0.004530629
749 15 9 4.933333333 -0.005738809
750 15 9 4.966666667 0.001118807
