1 15 8 40 0.000511345
2 15 8 40.03333333 -0.001972265
3 15 8 40.06666667 -0.007696991
4 15 8 40.1 -0.000974749
5 15 8 40.13333333 -0.006063168
6 15 8 40.16666667 0.001669324
7 15 8 40.2 0.002682623
8 15 8 40.23333333 -0.003015132
9 15 8 40.26666667 -0.009625373
10 15 8 40.3 -0.003572471
11 15 8 40.33333333 -0.003262912
12 15 8 40.36666667 -0.00795183
13 15 8 40.4 0.007322087
14 15 8 40.43333333 0.002308583
15 15 8 40.46666667 0.00526646
16 15 8 40.5 -0.001856438
17 15 8 40.53333333 0.00096273
18 15 8 40.56666667 0.008908661
19 15 8 40.6 0.000751828
20 15 8 40.63333333 -0.011110296
21 15 8 40.66666667 -0.002551074
22 15 8 40.7 0.010157239
23 15 8 40.73333333 -0.006803902
24 15 8 40.76666667 0.00218223
25 15 8 40.8 -0.014064288
26 15 8 40.83333333 -0.003739122
27 15 8 40.86666667 0.000319102
28 15 8 40.9 -0.00277605
29 15 8 40.93333333 0.004477904
30 15 8 40.96666667 0.005401345
31 15 8 41 -0.001334569
32 15 8 41.03333333 -0.001199077
33 15 8 41.06666667 0.004841451
34 15 8 41.1 0.00680448
35 15 8 41.13333333 -0.002267426
36 15 8 41.16666667 -0.005726898
37 15 8 41.2 -0.006887731
38 15 8 41.23333333 0.005035688
39 15 8 41.26666667 0.00947455
40 15 8 41.3 -0.006869043
41 15 8 41.33333333 -0.010236148
42 15 8 41.36666667 -0.00667432
43 15 8 41.4 0.002968825
44 15 8 41.43333333 -0.001189261
45 15 8 41.46666667 0.003286545
46 15 8 41.5 0.004475249
47 15 8 41.53333333 -0.012443567
48 15 8 41.56666667 0.001958016
49 15 8 41.6 0.002733331
50 15 8 41.63333333 -0.006465734
51 15 8 41.66666667 0.002600338
52 15 8 41.7 0.004316703
53 15 8 41.73333333 0.010836557
54 15 8 41.76666667 0.004974397
55 15 8 41.8 0.000774163
56 15 8 41.83333333 0.000637461
57 15 8 41.86666667 0.007553377
58 15 8 41.9 -0.016495412
59 15 8 41.93333333 -0.006264801
60 15 8 41.96666667 -0.000121869
61 15 8 42 0.008606539
62 15 8 42.03333333 0.012563486
63 15 8 42.06666667 -0.011135489
64 15 8 42.1 -0.001505351
65 15 8 42.13333333 -0.001164958
66 15 8 42.16666667 -0.013986681
67 15 8 42.2 0.003826617
68 15 8 42.23333333 0.005683742
69 15 8 42.26666667 0.018626222
70 15 8 42.3 -0.010296978
71 15 8 42.33333333 0.008894681
72 15 8 42.36666667 -0.011170977
73 15 8 42.4 -0.002099698
74 15 8 42.43333333 -0.006059524
75 15 8 42.46666667 0.004287086
76 15 8 42.5 -0.009485643
77 15 8 42.53333333 0.005692447
78 15 8 42.56666667 0.018995177
79 15 8 42.6 -0.000789003
80 15 8 42.63333333 -0.006364879
81 15 8 42.66666667 -0.00345254
82 15 8 42.7 -0.013700273
83 15 8 42.73333333 0.002941771
84 15 8 42.76666667 -0.008674046
85 15 8 42.8 0.004910076
86 15 8 42.83333333 0.002019598
87 15 8 42.86666667 0.004184179
88 15 8 42.9 0.009010552
89 15 8 42.93333333 -0.013632014
90 15 8 42.96666667 -0.006785124
91 15 8 43 0.00511364
92 15 8 43.03333333 -0.000769004
93 15 8 43.06666667 0.003538101
94 15 8 43.1 -0.001065464
95 15 8 43.13333333 -0.002717734
96 15 8 43.16666667 0.006406561
97 15 8 43.2 0.006185499
98 15 8 43.23333333 0.004727961
99 15 8 43.26666667 0.004173928
100 15 8 43.3 -0.005525088
101 15 8 43.33333333 0.008600208
102 15 8 43.36666667 0.009140379
103 15 8 43.4 -0.003711333
104 15 8 43.43333333 0.00119319
105 15 8 43.46666667 0.000103192
106 15 8 43.5 -0.004348537
107 15 8 43.53333333 -0.00641501
108 15 8 43.56666667 0.003963273
109 15 8 43.6 -0.001503168
110 15 8 43.63333333 0.000109354
111 15 8 43.66666667 -0.001788867
112 15 8 43.7 0.002106599
113 15 8 43.73333333 -0.00997185
114 15 8 43.76666667 0.004011369
115 15 8 43.8 0.01382104
116 15 8 43.83333333 0.012020338
117 15 8 43.86666667 -0.009854011
118 15 8 43.9 -0.011838509
119 15 8 43.93333333 0.001030029
120 15 8 43.96666667 0.012289718
121 15 8 44 -0.003476006
122 15 8 44.03333333 0.020939759
123 15 8 44.06666667 -0.005271195
124 15 8 44.1 0.011404246
125 15 8 44.13333333 0.005030909
126 15 8 44.16666667 -0.000730276
127 15 8 44.2 -0.007264217
128 15 8 44.23333333 -0.007404632
129 15 8 44.26666667 -0.014567735
130 15 8 44.3 -0.000477972
131 15 8 44.33333333 0.000297714
132 15 8 44.36666667 0.006754751
133 15 8 44.4 -0.006261176
134 15 8 44.43333333 0.007850479
135 15 8 44.46666667 -0.004610281
136 15 8 44.5 -0.006442699
137 15 8 44.53333333 1.58E-06
138 15 8 44.56666667 0.003464776
139 15 8 44.6 -0.007384443
140 15 8 44.63333333 0.003001187
141 15 8 44.66666667 0.005865277
142 15 8 44.7 0.009607596
143 15 8 44.73333333 0.000425895
144 15 8 44.76666667 -0.009832431
145 15 8 44.8 0.002835155
146 15 8 44.83333333 0.001017971
147 15 8 44.86666667 0.008785468
148 15 8 44.9 -0.000369176
149 15 8 44.93333333 0.010386625
150 15 8 44.96666667 0.015119
151 15 8 45 0.029708
152 15 8 45.03333333 0.061767
153 15 8 45.06666667 -0.008046
154 15 8 45.1 -0.233004
155 15 8 45.13333333 0.038213
156 15 8 45.16666667 0.057679
157 15 8 45.2 0.047986
158 15 8 45.23333333 0.040912
159 15 8 45.26666667 -0.065329
160 15 8 45.3 -0.020554
161 15 8 45.33333333 0.020836
162 15 8 45.36666667 0.040213
163 15 8 45.4 0.058623
164 15 8 45.43333333 -0.007754
165 15 8 45.46666667 -0.039402
166 15 8 45.5 -0.051016
167 15 8 45.53333333 0.014737
168 15 8 45.56666667 0.03241
169 15 8 45.6 0.033204
170 15 8 45.63333333 0.023051
171 15 8 45.66666667 -0.040324
172 15 8 45.7 -0.051185
173 15 8 45.73333333 -0.011906
174 15 8 45.76666667 0.036584
175 15 8 45.8 0.025495
176 15 8 45.83333333 0.012561
177 15 8 45.86666667 -0.026035
178 15 8 45.9 -0.050402
179 15 8 45.93333333 -0.018097
180 15 8 45.96666667 0.016305
181 15 8 46 0.035707
182 15 8 46.03333333 0.0234
183 15 8 46.06666667 -0.008706
184 15 8 46.1 -0.042913
185 15 8 46.13333333 -0.025536
186 15 8 46.16666667 0.020045
187 15 8 46.2 0.027149
188 15 8 46.23333333 0.018556
189 15 8 46.26666667 -0.007179
190 15 8 46.3 -0.04143
191 15 8 46.33333333 -0.041237
192 15 8 46.36666667 0.002127
193 15 8 46.4 0.023616
194 15 8 46.43333333 0.01623
195 15 8 46.46666667 -0.007679
196 15 8 46.5 -0.04079
197 15 8 46.53333333 -0.039619
198 15 8 46.56666667 -0.006769
199 15 8 46.6 0.016654
200 15 8 46.63333333 0.015911
201 15 8 46.66666667 0.000052
202 15 8 46.7 -0.032163
203 15 8 46.73333333 -0.041356
204 15 8 46.76666667 -0.013342
205 15 8 46.8 0.017359
206 15 8 46.83333333 0.018854
207 15 8 46.86666667 0.004567
208 15 8 46.9 -0.021119
209 15 8 46.93333333 -0.034849
210 15 8 46.96666667 -0.016966
211 15 8 47 0.011854
212 15 8 47.03333333 0.016027
213 15 8 47.06666667 0.007813
214 15 8 47.1 -0.020682
215 15 8 47.13333333 -0.033988
216 15 8 47.16666667 -0.024445
217 15 8 47.2 0.005566
218 15 8 47.23333333 0.015624
219 15 8 47.26666667 0.008685
220 15 8 47.3 -0.017037
221 15 8 47.33333333 -0.029571
222 15 8 47.36666667 -0.027234
223 15 8 47.4 0.00346
224 15 8 47.43333333 0.01618
225 15 8 47.46666667 0.011065
226 15 8 47.5 -0.01077
227 15 8 47.53333333 -0.027648
228 15 8 47.56666667 -0.024515
229 15 8 47.6 0.002214
230 15 8 47.63333333 0.015248
231 15 8 47.66666667 0.010297
232 15 8 47.7 -0.005975
233 15 8 47.73333333 -0.025445
234 15 8 47.76666667 -0.026338
235 15 8 47.8 -0.003939
236 15 8 47.83333333 0.012117
237 15 8 47.86666667 0.01219
238 15 8 47.9 0.000784
239 15 8 47.93333333 -0.023102
240 15 8 47.96666667 -0.025816
241 15 8 48 -0.011398
242 15 8 48.03333333 0.009292
243 15 8 48.06666667 0.009504
244 15 8 48.1 0.002494
245 15 8 48.13333333 -0.022492
246 15 8 48.16666667 -0.025807
247 15 8 48.2 -0.011589
248 15 8 48.23333333 0.007112
249 15 8 48.26666667 0.013454
250 15 8 48.3 0.004012
251 15 8 48.33333333 -0.020263
252 15 8 48.36666667 -0.024567
253 15 8 48.4 -0.01402
254 15 8 48.43333333 0.003861
255 15 8 48.46666667 0.008882
256 15 8 48.5 0.001243
257 15 8 48.53333333 -0.017689
258 15 8 48.56666667 -0.027073
259 15 8 48.6 -0.020891
260 15 8 48.63333333 0.00375
261 15 8 48.66666667 0.008706
262 15 8 48.7 0.004914
263 15 8 48.73333333 -0.018735
264 15 8 48.76666667 -0.026091
265 15 8 48.8 -0.022278
266 15 8 48.83333333 -0.004998
267 15 8 48.86666667 0.00757
268 15 8 48.9 0.001193
269 15 8 48.93333333 -0.014685
270 15 8 48.96666667 -0.024928
271 15 8 49 -0.024156
272 15 8 49.03333333 -0.006586
273 15 8 49.06666667 0.006736
274 15 8 49.1 0.005146
275 15 8 49.13333333 -0.010796
276 15 8 49.16666667 -0.020267
277 15 8 49.2 -0.020833
278 15 8 49.23333333 -0.006794
279 15 8 49.26666667 0.005691
280 15 8 49.3 0.004849
281 15 8 49.33333333 -0.010989
282 15 8 49.36666667 -0.019171
283 15 8 49.4 -0.02026
284 15 8 49.43333333 -0.010205
285 15 8 49.46666667 0.007205
286 15 8 49.5 0.003659
287 15 8 49.53333333 -0.008467
288 15 8 49.56666667 -0.021951
289 15 8 49.6 -0.022631
290 15 8 49.63333333 -0.01059
291 15 8 49.66666667 0.000906
292 15 8 49.7 0.006679
293 15 8 49.73333333 -0.00675
294 15 8 49.76666667 -0.023422
295 15 8 49.8 -0.026609
296 15 8 49.83333333 -0.016237
297 15 8 49.86666667 -0.003503
298 15 8 49.9 -0.002016
299 15 8 49.93333333 -0.007995
300 15 8 49.96666667 -0.024232
301 15 8 50 -0.023313
302 15 8 50.03333333 -0.015651
303 15 8 50.06666667 -0.001014
304 15 8 50.1 0.002571
305 15 8 50.13333333 -0.0085
306 15 8 50.16666667 -0.021298
307 15 8 50.2 -0.024285
308 15 8 50.23333333 -0.021879
309 15 8 50.26666667 -0.006172
310 15 8 50.3 -0.000162
311 15 8 50.33333333 -0.001064
312 15 8 50.36666667 -0.02315
313 15 8 50.4 -0.027583
314 15 8 50.43333333 -0.024013
315 15 8 50.46666667 -0.003153
316 15 8 50.5 0.005966
317 15 8 50.53333333 0.000917
318 15 8 50.56666667 -0.005284
319 15 8 50.6 -0.010538
320 15 8 50.63333333 -0.000533
321 15 8 50.66666667 0.007508
322 15 8 50.7 0.012308
323 15 8 50.73333333 0.004745
324 15 8 50.76666667 -0.004419
325 15 8 50.8 -0.018585
326 15 8 50.83333333 -0.020216
327 15 8 50.86666667 -0.017758
328 15 8 50.9 -0.011573
329 15 8 50.93333333 -0.011736
330 15 8 50.96666667 -0.014639
331 15 8 51 -0.024168
332 15 8 51.03333333 -0.023771
333 15 8 51.06666667 -0.012843
334 15 8 51.1 -0.005206
335 15 8 51.13333333 -0.003251
336 15 8 51.16666667 -0.010038
337 15 8 51.2 -0.01523
338 15 8 51.23333333 -0.016006
339 15 8 51.26666667 -0.004866
340 15 8 51.3 0.00074
341 15 8 51.33333333 0.006964
342 15 8 51.36666667 0.002677
343 15 8 51.4 -0.002163
344 15 8 51.43333333 -0.003952
345 15 8 51.46666667 0.005757
346 15 8 51.5 0.009953
347 15 8 51.53333333 0.010871
348 15 8 51.56666667 0.006765
349 15 8 51.6 -0.005054
350 15 8 51.63333333 -0.006455
351 15 8 51.66666667 0.00183
352 15 8 51.7 0.003718
353 15 8 51.73333333 0.002092
354 15 8 51.76666667 -0.001665
355 15 8 51.8 -0.007151
356 15 8 51.83333333 0.001547
357 15 8 51.86666667 0.001171
358 15 8 51.9 0.004145
359 15 8 51.93333333 0.005032
360 15 8 51.96666667 -0.002945
