1 15 8 40 0.00057711
2 15 8 40.03333333 0.00057711
3 15 8 40.06666667 0.021306491
4 15 8 40.1 0.005177732
5 15 8 40.13333333 -0.00623879
6 15 8 40.16666667 0.021284659
7 15 8 40.2 4.41E-05
8 15 8 40.23333333 0.004441518
9 15 8 40.26666667 0.004905954
10 15 8 40.3 0.005302525
11 15 8 40.33333333 -0.00651941
12 15 8 40.36666667 0.002281857
13 15 8 40.4 0.013887844
14 15 8 40.43333333 -0.000490607
15 15 8 40.46666667 -0.018944073
16 15 8 40.5 -0.001660389
17 15 8 40.53333333 -0.012231263
18 15 8 40.56666667 0.007489472
19 15 8 40.6 0.002684734
20 15 8 40.63333333 -0.001999708
21 15 8 40.66666667 -0.001636549
22 15 8 40.7 -0.014308603
23 15 8 40.73333333 0.0006651
24 15 8 40.76666667 -0.000963094
25 15 8 40.8 -0.00332961
26 15 8 40.83333333 0.011154062
27 15 8 40.86666667 0.003234813
28 15 8 40.9 0.00263753
29 15 8 40.93333333 0.003764251
30 15 8 40.96666667 0.00266416
31 15 8 41 0.000440142
32 15 8 41.03333333 -0.009117172
33 15 8 41.06666667 0.000548228
34 15 8 41.1 -0.008229623
35 15 8 41.13333333 -0.001409319
36 15 8 41.16666667 -0.011338179
37 15 8 41.2 -0.007624552
38 15 8 41.23333333 0.000369264
39 15 8 41.26666667 -8.39E-05
40 15 8 41.3 0.006364012
41 15 8 41.33333333 0.00660609
42 15 8 41.36666667 0.006013883
43 15 8 41.4 0.007281059
44 15 8 41.43333333 -0.000437458
45 15 8 41.46666667 -0.009492374
46 15 8 41.5 -0.006884315
47 15 8 41.53333333 -0.010015189
48 15 8 41.56666667 0.003737133
49 15 8 41.6 -0.006691912
50 15 8 41.63333333 0.006773417
51 15 8 41.66666667 -0.010724809
52 15 8 41.7 -0.004884606
53 15 8 41.73333333 0.008331769
54 15 8 41.76666667 0.014778308
55 15 8 41.8 -0.013044725
56 15 8 41.83333333 0.007704881
57 15 8 41.86666667 -0.004674736
58 15 8 41.9 -0.021960734
59 15 8 41.93333333 0.008297831
60 15 8 41.96666667 0.001707157
61 15 8 42 0.000995869
62 15 8 42.03333333 -0.008118196
63 15 8 42.06666667 -0.017218381
64 15 8 42.1 0.00907059
65 15 8 42.13333333 0.003109934
66 15 8 42.16666667 0.019839259
67 15 8 42.2 -0.003491534
68 15 8 42.23333333 -0.009546898
69 15 8 42.26666667 -0.000516502
70 15 8 42.3 -0.008048489
71 15 8 42.33333333 0.009499495
72 15 8 42.36666667 0.015105817
73 15 8 42.4 0.003632425
74 15 8 42.43333333 0.010185744
75 15 8 42.46666667 0.003102456
76 15 8 42.5 0.011813904
77 15 8 42.53333333 -0.000123588
78 15 8 42.56666667 0.000171221
79 15 8 42.6 -0.001843295
80 15 8 42.63333333 -0.017996783
81 15 8 42.66666667 0.002744771
82 15 8 42.7 0.00445958
83 15 8 42.73333333 4.25E-03
84 15 8 42.76666667 -0.002423111
85 15 8 42.8 -0.001764536
86 15 8 42.83333333 -0.024277445
87 15 8 42.86666667 0.004776106
88 15 8 42.9 -0.000944271
89 15 8 42.93333333 -0.00881983
90 15 8 42.96666667 0.010536631
91 15 8 43 0.004398781
92 15 8 43.03333333 -0.007159603
93 15 8 43.06666667 -0.007485485
94 15 8 43.1 -0.008535412
95 15 8 43.13333333 0.002247205
96 15 8 43.16666667 -0.015296858
97 15 8 43.2 -0.006129302
98 15 8 43.23333333 -0.004322919
99 15 8 43.26666667 0.005708887
100 15 8 43.3 -0.008806927
101 15 8 43.33333333 -0.002018157
102 15 8 43.36666667 0.006992194
103 15 8 43.4 0.013114377
104 15 8 43.43333333 0.008034216
105 15 8 43.46666667 -0.022323131
106 15 8 43.5 2.26E-03
107 15 8 43.53333333 -0.003479211
108 15 8 43.56666667 -0.020769319
109 15 8 43.6 0.001165984
110 15 8 43.63333333 0.012416474
111 15 8 43.66666667 -0.003457803
112 15 8 43.7 -0.0197249
113 15 8 43.73333333 0.009265432
114 15 8 43.76666667 0.011259409
115 15 8 43.8 0.020186858
116 15 8 43.83333333 -0.001915915
117 15 8 43.86666667 0.026494439
118 15 8 43.9 -0.00720561
119 15 8 43.93333333 0.012519684
120 15 8 43.96666667 0.004816964
121 15 8 44 0.004159592
122 15 8 44.03333333 -0.005442064
123 15 8 44.06666667 -0.008023925
124 15 8 44.1 -0.002669692
125 15 8 44.13333333 0.001827636
126 15 8 44.16666667 -0.000562997
127 15 8 44.2 0.004743277
128 15 8 44.23333333 0.005913532
129 15 8 44.26666667 -0.009065807
130 15 8 44.3 0.00019032
131 15 8 44.33333333 -0.008692933
132 15 8 44.36666667 -0.008187891
133 15 8 44.4 -0.003868573
134 15 8 44.43333333 0.008103202
135 15 8 44.46666667 -0.006214299
136 15 8 44.5 0.011631279
137 15 8 44.53333333 0.008501416
138 15 8 44.56666667 -0.00419828
139 15 8 44.6 -0.003598068
140 15 8 44.63333333 -0.009730049
141 15 8 44.66666667 -0.017047992
142 15 8 44.7 0.011274172
143 15 8 44.73333333 -0.001468456
144 15 8 44.76666667 -0.014346794
145 15 8 44.8 0.012334173
146 15 8 44.83333333 0.001115671
147 15 8 44.86666667 0.022205299
148 15 8 44.9 -0.078335833
149 15 8 44.93333333 -0.0797818
150 15 8 44.96666667 -0.051493633
151 15 8 45 -0.08970255
152 15 8 45.03333333 0.01113175
153 15 8 45.06666667 0.0594482
154 15 8 45.1 -0.03514
155 15 8 45.13333333 -0.038799717
156 15 8 45.16666667 -0.092606617
157 15 8 45.2 -0.00855715
158 15 8 45.23333333 0.037760333
159 15 8 45.26666667 0.064627383
160 15 8 45.3 0.059532083
161 15 8 45.33333333 0.000533283
162 15 8 45.36666667 -0.044273483
163 15 8 45.4 -0.0414603
164 15 8 45.43333333 0.0251706
165 15 8 45.46666667 0.058766633
166 15 8 45.5 0.05582185
167 15 8 45.53333333 0.008664833
168 15 8 45.56666667 -0.0316841
169 15 8 45.6 -0.028361783
170 15 8 45.63333333 -0.008422517
171 15 8 45.66666667 0.048472783
172 15 8 45.7 0.050627033
173 15 8 45.73333333 0.0270326
174 15 8 45.76666667 -0.019262133
175 15 8 45.8 -0.04092305
176 15 8 45.83333333 -0.0108332
177 15 8 45.86666667 0.02407125
178 15 8 45.9 0.045541767
179 15 8 45.93333333 0.026454633
180 15 8 45.96666667 -0.012489867
181 15 8 46 -0.03600625
182 15 8 46.03333333 -0.0241703
183 15 8 46.06666667 0.0153776
184 15 8 46.1 0.039619183
185 15 8 46.13333333 0.03070445
186 15 8 46.16666667 -0.003879283
187 15 8 46.2 -0.028979417
188 15 8 46.23333333 -0.026997017
189 15 8 46.26666667 0.0029736
190 15 8 46.3 0.029901083
191 15 8 46.33333333 0.031709417
192 15 8 46.36666667 0.0032886
193 15 8 46.4 -0.0243271
194 15 8 46.43333333 -0.02922115
195 15 8 46.46666667 -0.00817635
196 15 8 46.5 0.02353575
197 15 8 46.53333333 0.029716167
198 15 8 46.56666667 0.006130017
199 15 8 46.6 -0.018492017
200 15 8 46.63333333 -0.028849333
201 15 8 46.66666667 -0.0101157
202 15 8 46.7 0.0180579
203 15 8 46.73333333 0.03008915
204 15 8 46.76666667 0.012371917
205 15 8 46.8 -0.012313933
206 15 8 46.83333333 -0.026122483
207 15 8 46.86666667 -0.014719483
208 15 8 46.9 0.011456783
209 15 8 46.93333333 0.0267596
210 15 8 46.96666667 0.022999667
211 15 8 47 -0.002093933
212 15 8 47.03333333 -0.0206283
213 15 8 47.06666667 -0.01324505
214 15 8 47.1 0.006877967
215 15 8 47.13333333 0.02275875
216 15 8 47.16666667 0.019871717
217 15 8 47.2 -0.00152915
218 15 8 47.23333333 -0.0151438
219 15 8 47.26666667 -0.016441367
220 15 8 47.3 0.001705667
221 15 8 47.33333333 0.02152815
222 15 8 47.36666667 0.021640967
223 15 8 47.4 0.005146867
224 15 8 47.43333333 -0.005574683
225 15 8 47.46666667 -0.0102627
226 15 8 47.5 0.0038962
227 15 8 47.53333333 0.020441633
228 15 8 47.56666667 0.022858617
229 15 8 47.6 0.013129377
230 15 8 47.63333333 0.000133328
231 15 8 47.66666667 -0.002309548
232 15 8 47.7 0.008146557
233 15 8 47.73333333 -0.015604495
234 15 8 47.76666667 0.016639483
235 15 8 47.8 -0.003046354
236 15 8 47.83333333 -0.018869577
237 15 8 47.86666667 0.009839998
238 15 8 47.9 0.016962978
239 15 8 47.93333333 0.002565502
240 15 8 47.96666667 0.015184799
241 15 8 48 -0.01548884
242 15 8 48.03333333 -0.016592428
243 15 8 48.06666667 -0.010208184
244 15 8 48.1 -0.006234006
245 15 8 48.13333333 -0.004133449
246 15 8 48.16666667 0.003378811
247 15 8 48.2 0.000493244
248 15 8 48.23333333 0.008895352
249 15 8 48.26666667 0.007092115
250 15 8 48.3 -0.017515029
251 15 8 48.33333333 0.003631833
252 15 8 48.36666667 -0.004592907
253 15 8 48.4 -0.002054508
254 15 8 48.43333333 0.003124208
255 15 8 48.46666667 0.001702366
256 15 8 48.5 0.000841702
257 15 8 48.53333333 0.01257028
258 15 8 48.56666667 0.015458408
259 15 8 48.6 0.008587633
260 15 8 48.63333333 -0.020045108
261 15 8 48.66666667 0.014056936
262 15 8 48.7 -0.006057546
263 15 8 48.73333333 0.000784465
264 15 8 48.76666667 -0.008904254
265 15 8 48.8 -0.012927453
266 15 8 48.83333333 -0.010036116
267 15 8 48.86666667 0.009342597
268 15 8 48.9 -0.001088531
269 15 8 48.93333333 -0.020147259
270 15 8 48.96666667 0.009520994
271 15 8 49 -0.015330593
272 15 8 49.03333333 -0.007221519
273 15 8 49.06666667 -0.004836937
274 15 8 49.1 0.009266857
275 15 8 49.13333333 -0.015255736
276 15 8 49.16666667 0.001060554
277 15 8 49.2 0.006998711
278 15 8 49.23333333 0.004629918
279 15 8 49.26666667 -0.001765735
280 15 8 49.3 -0.001495107
281 15 8 49.33333333 -0.003520375
282 15 8 49.36666667 0.004838397
283 15 8 49.4 0.000592849
284 15 8 49.43333333 -0.006565442
285 15 8 49.46666667 0.001292873
286 15 8 49.5 0.008128258
287 15 8 49.53333333 -0.004963566
288 15 8 49.56666667 0.001207516
289 15 8 49.6 -0.005867809
290 15 8 49.63333333 -0.010474209
291 15 8 49.66666667 -0.009902365
292 15 8 49.7 -0.001271928
293 15 8 49.73333333 -0.014763357
294 15 8 49.76666667 0.016025556
295 15 8 49.8 0.007805749
296 15 8 49.83333333 0.012552168
297 15 8 49.86666667 0.016183258
298 15 8 49.9 0.001338314
299 15 8 49.93333333 -0.010731457
300 15 8 49.96666667 0.011500067
301 15 8 50 0.00721976
302 15 8 50.03333333 -0.015474249
303 15 8 50.06666667 -0.005970563
304 15 8 50.1 0.002835195
305 15 8 50.13333333 0.000244253
306 15 8 50.16666667 0.01402333
307 15 8 50.2 -0.001128141
308 15 8 50.23333333 -0.004438572
309 15 8 50.26666667 -0.003433422
310 15 8 50.3 0.005557086
311 15 8 50.33333333 0.010275854
312 15 8 50.36666667 0.011565183
313 15 8 50.4 0.009462039
314 15 8 50.43333333 0.006528185
315 15 8 50.46666667 0.000896754
316 15 8 50.5 -0.012482551
317 15 8 50.53333333 -0.011898699
318 15 8 50.56666667 0.013306372
319 15 8 50.6 -0.002346334
320 15 8 50.63333333 -0.010804673
321 15 8 50.66666667 -0.001919697
322 15 8 50.7 -0.001445825
323 15 8 50.73333333 0.003252952
324 15 8 50.76666667 0.007644532
325 15 8 50.8 -0.006159084
326 15 8 50.83333333 0.014885445
327 15 8 50.86666667 0.003163859
328 15 8 50.9 0.020808872
329 15 8 50.93333333 -0.011676817
330 15 8 50.96666667 0.005920369
331 15 8 51 -0.007438585
332 15 8 51.03333333 0.000243451
333 15 8 51.06666667 -0.007286579
334 15 8 51.1 -0.015650637
335 15 8 51.13333333 0.024585425
336 15 8 51.16666667 -0.002785753
337 15 8 51.2 0.009893413
338 15 8 51.23333333 -0.001380559
339 15 8 51.26666667 0.010750372
340 15 8 51.3 0.00529314
341 15 8 51.33333333 0.01246
342 15 8 51.36666667 0.015963387
343 15 8 51.4 0.002079024
344 15 8 51.43333333 -0.012728804
345 15 8 51.46666667 -0.000477262
346 15 8 51.5 0.02005326
347 15 8 51.53333333 -0.00504964
348 15 8 51.56666667 -0.007321022
349 15 8 51.6 -0.007058889
350 15 8 51.63333333 -0.001983541
351 15 8 51.66666667 0.009255068
352 15 8 51.7 0.01220023
353 15 8 51.73333333 -0.010587749
354 15 8 51.76666667 0.015489232
355 15 8 51.8 0.005489973
356 15 8 51.83333333 -0.009680855
357 15 8 51.86666667 -0.00072084
358 15 8 51.9 -0.006366115
359 15 8 51.93333333 0.023660135
360 15 8 51.96666667 0.001515775
