1 2016/1/16 15 8 35.026 0.030283 0.007035424
2 2016/1/16 15 8 35.059 0.040652 -0.001055871
3 2016/1/16 15 8 35.092 0.052132 -0.001332905
4 2016/1/16 15 8 35.126 0.048113 0.004093194
5 2016/1/16 15 8 35.159 0.031317 -0.005241675
6 2016/1/16 15 8 35.192 0.013338 0.00376878
7 2016/1/16 15 8 35.225 0.019552 -0.010515466
8 2016/1/16 15 8 35.259 0.028711 -0.02102223
9 2016/1/16 15 8 35.294 0.017534 -0.005928375
10 2016/1/16 15 8 35.325 0.018397 -0.003259912
11 2016/1/16 15 8 35.358 0.019518 -0.005115769
12 2016/1/16 15 8 35.392 0.013623 -0.01318406
13 2016/1/16 15 8 35.425 -0.005052 0.001006584
14 2016/1/16 15 8 35.459 -0.005393 -0.001146544
15 2016/1/16 15 8 35.493 0.004193 -0.014983252
16 2016/1/16 15 8 35.525 0.008945 0.013553059
17 2016/1/16 15 8 35.559 0.011562 -0.003243854
18 2016/1/16 15 8 35.592 -0.0145 -0.011094603
19 2016/1/16 15 8 35.625 -0.010597 -0.013290689
20 2016/1/16 15 8 35.66 -0.003618 0.006926956
21 2016/1/16 15 8 35.692 -0.015405 0.011884284
22 2016/1/16 15 8 35.726 0.004165 0.001212306
23 2016/1/16 15 8 35.759 0.002603 -0.001109667
24 2016/1/16 15 8 35.799 -0.015443 -0.003559868
25 2016/1/16 15 8 35.835 -0.012101 -0.008790133
26 2016/1/16 15 8 35.859 0.003034 0.013310809
27 2016/1/16 15 8 35.893 -0.011012 -0.013260403
28 2016/1/16 15 8 35.925 -0.00012 0.003482695
29 2016/1/16 15 8 35.959 -0.005975 0.011545971
30 2016/1/16 15 8 35.992 0.016655 -0.009729772
31 2016/1/16 15 8 36.026 0.013409 -0.008760559
32 2016/1/16 15 8 36.058 0.022458 -0.021100769
33 2016/1/16 15 8 36.092 0.009408 -0.010209961
34 2016/1/16 15 8 36.125 0.008198 -0.001450885
35 2016/1/16 15 8 36.159 -0.000703 -0.023039255
36 2016/1/16 15 8 36.193 -0.000314 2.82E-05
37 2016/1/16 15 8 36.226 -0.003671 0.001071921
38 2016/1/16 15 8 36.259 0.002631 -0.003029274
39 2016/1/16 15 8 36.293 0.013028 -0.009221234
40 2016/1/16 15 8 36.325 0.010675 0.004009157
41 2016/1/16 15 8 36.359 0.002557 -0.00947717
42 2016/1/16 15 8 36.392 -0.007934 -0.003046678
43 2016/1/16 15 8 36.426 0.016891 0.001421499
44 2016/1/16 15 8 36.459 0.020912 -0.017823962
45 2016/1/16 15 8 36.492 0.026641 -0.00049588
46 2016/1/16 15 8 36.525 -0.006686 0.017190602
47 2016/1/16 15 8 36.559 -0.008164 -0.0043155
48 2016/1/16 15 8 36.592 -0.008561 0.01536568
49 2016/1/16 15 8 36.626 0.003795 -0.013131644
50 2016/1/16 15 8 36.659 -0.001582 0.00962099
51 2016/1/16 15 8 36.692 -0.030624 0.003579919
52 2016/1/16 15 8 36.725 -0.018399 -0.008873171
53 2016/1/16 15 8 36.758 -0.037204 0.000626325
54 2016/1/16 15 8 36.793 -0.016863 -0.003977336
55 2016/1/16 15 8 36.825 -0.018072 0.002875363
56 2016/1/16 15 8 36.859 -0.018485 0.01336549
57 2016/1/16 15 8 36.893 -0.020621 -0.003585101
58 2016/1/16 15 8 36.925 -0.002153 0.00246091
59 2016/1/16 15 8 36.959 -0.00824 -0.01004003
60 2016/1/16 15 8 36.992 -0.023223 -0.001514962
61 2016/1/16 15 8 37.025 -0.0094 0.002243621
62 2016/1/16 15 8 37.06 0.012421 -0.013573679
63 2016/1/16 15 8 37.092 0.009245 0.017185821
64 2016/1/16 15 8 37.125 0.006474 0.010147597
65 2016/1/16 15 8 37.159 -0.009762 0.004279154
66 2016/1/16 15 8 37.193 0.024086 -0.012711931
67 2016/1/16 15 8 37.226 0.008559 -0.022986322
68 2016/1/16 15 8 37.259 0.011378 0.010623748
69 2016/1/16 15 8 37.292 0.016729 0.00678616
70 2016/1/16 15 8 37.326 0.02417 0.00201088
71 2016/1/16 15 8 37.358 0.007275 0.00935597
72 2016/1/16 15 8 37.392 0.000198 0.00257853
73 2016/1/16 15 8 37.425 -0.00036 -0.007764174
74 2016/1/16 15 8 37.459 0.004233 0.002030839
75 2016/1/16 15 8 37.492 0.008356 0.009749453
76 2016/1/16 15 8 37.526 0.023839 -0.006728969
77 2016/1/16 15 8 37.559 0.004976 0.001658889
78 2016/1/16 15 8 37.592 -0.008316 0.006065721
79 2016/1/16 15 8 37.626 -0.015259 0.004899087
80 2016/1/16 15 8 37.66 -0.028627 0.01464965
81 2016/1/16 15 8 37.692 -0.014338 -0.002218805
82 2016/1/16 15 8 37.725 -0.014626 -0.002568883
83 2016/1/16 15 8 37.758 0.009398 0.003213742
84 2016/1/16 15 8 37.792 0.008921 -0.009067962
85 2016/1/16 15 8 37.826 0.013378 0.000213754
86 2016/1/16 15 8 37.859 0.019672 0.008931679
87 2016/1/16 15 8 37.893 0.014944 0.004577724
88 2016/1/16 15 8 37.925 0.00513 -0.005017754
89 2016/1/16 15 8 37.959 0.025087 -0.003618889
90 2016/1/16 15 8 37.992 0.018733 0.006388366
91 2016/1/16 15 8 38.025 0.036531 0.007756711
92 2016/1/16 15 8 38.06 0.048374 0.000535734
93 2016/1/16 15 8 38.092 0.045734 -0.012467027
94 2016/1/16 15 8 38.125 0.054059 -0.003047369
95 2016/1/16 15 8 38.159 0.046047 0.008845852
96 2016/1/16 15 8 38.192 0.041393 -0.008303624
97 2016/1/16 15 8 38.225 0.024722 0.015581434
98 2016/1/16 15 8 38.259 0.028153 -0.012626756
99 2016/1/16 15 8 38.292 0.005046 -0.01845137
100 2016/1/16 15 8 38.325 0.001886 -0.01007897
101 2016/1/16 15 8 38.358 0.018713 0.009087747
102 2016/1/16 15 8 38.392 0.020888 -0.005143148
103 2016/1/16 15 8 38.424 0.026136 -0.00373379
104 2016/1/16 15 8 38.459 0.012782 0.014320032
105 2016/1/16 15 8 38.492 0.017251 0.006130623
106 2016/1/16 15 8 38.525 0.024943 -0.000669895
107 2016/1/16 15 8 38.559 0.027992 0.023123018
108 2016/1/16 15 8 38.591 -0.00155 -0.015733115
109 2016/1/16 15 8 38.625 0.002169 -0.014503037
110 2016/1/16 15 8 38.659 0.007433 -0.015879105
111 2016/1/16 15 8 38.692 -0.006202 0.012383007
112 2016/1/16 15 8 38.725 -0.01264 -0.010401402
113 2016/1/16 15 8 38.759 -0.012696 0.005729918
114 2016/1/16 15 8 38.792 -0.012766 -0.004639429
115 2016/1/16 15 8 38.825 0.006148 0.007271136
116 2016/1/16 15 8 38.859 -0.005216 -0.013497348
117 2016/1/16 15 8 38.891 0.010283 0.014003196
118 2016/1/16 15 8 38.925 -0.003128 0.001469297
119 2016/1/16 15 8 38.959 -0.007673 -0.013504142
120 2016/1/16 15 8 38.992 -0.036024 0.020194753
121 2016/1/16 15 8 39.025 -0.008583 -0.006911732
122 2016/1/16 15 8 39.059 -0.005192 -0.010042842
123 2016/1/16 15 8 39.092 0.016975 -0.00967348
124 2016/1/16 15 8 39.125 0.000102 -0.010267053
125 2016/1/16 15 8 39.159 -0.011488 0.009486046
126 2016/1/16 15 8 39.191 -0.027622 0.026028309
127 2016/1/16 15 8 39.225 -0.009159 0.001888911
128 2016/1/16 15 8 39.258 0.003837 -0.015191332
129 2016/1/16 15 8 39.292 -0.009854 0.008762238
130 2016/1/16 15 8 39.325 -0.01961 0.012718574
131 2016/1/16 15 8 39.358 -0.034082 0.01037927
132 2016/1/16 15 8 39.391 -0.017441 -0.017335482
133 2016/1/16 15 8 39.424 -0.014762 0.005408838
134 2016/1/16 15 8 39.458 -0.034583 -0.005623751
135 2016/1/16 15 8 39.492 -0.051706 -0.000906003
136 2016/1/16 15 8 39.525 -0.057679 -0.016448961
137 2016/1/16 15 8 39.559 -0.050841 -0.017915577
138 2016/1/16 15 8 39.592 -0.040216 0.01257587
139 2016/1/16 15 8 39.625 -0.025373 0.013467899
140 2016/1/16 15 8 39.658 -0.020453 -0.004917905
141 2016/1/16 15 8 39.693 -0.042707 -0.013075221
142 2016/1/16 15 8 39.725 -0.069125 -0.014146061
143 2016/1/16 15 8 39.758 -0.078815 0.015376778
144 2016/1/16 15 8 39.791 -0.052821 -0.003864541
145 2016/1/16 15 8 39.825 -0.056427 0.002613306
146 2016/1/16 15 8 39.858 -0.075078 -0.002919143
147 2016/1/16 15 8 39.891 -0.065006 -0.001106663
148 2016/1/16 15 8 39.925 -0.071959 -0.012206593
149 2016/1/16 15 8 39.958 -0.040554 0.008195342
150 2016/1/16 15 8 39.992 -0.035354 -0.004158265
151 2016/1/16 15 8 40.026 -0.046619 0.002322911
152 2016/1/16 15 8 40.058 -0.046127 -0.011151348
153 2016/1/16 15 8 40.093 -0.051774 -0.004034277
154 2016/1/16 15 8 40.125 -0.025249 0.005637847
155 2016/1/16 15 8 40.159 -0.033071 -0.018231915
156 2016/1/16 15 8 40.191 -0.046231 -6.84E-07
157 2016/1/16 15 8 40.225 -0.02443 -0.016926246
158 2016/1/16 15 8 40.258 -0.033115 -0.008002815
159 2016/1/16 15 8 40.291 -0.025363 0.012778573
160 2016/1/16 15 8 40.327 -0.00633 -0.000661693
161 2016/1/16 15 8 40.357 0.003673 -0.012112929
162 2016/1/16 15 8 40.392 0.006524 -0.003735695
163 2016/1/16 15 8 40.424 0.030858 0.012203674
164 2016/1/16 15 8 40.458 0.033758 0.016867032
165 2016/1/16 15 8 40.492 0.030237 0.009633912
166 2016/1/16 15 8 40.525 0.013489 -0.004282608
167 2016/1/16 15 8 40.558 0.037945 0.005904389
168 2016/1/16 15 8 40.592 0.037857 0.009824017
169 2016/1/16 15 8 40.625 -0.002329 0.007656316
170 2016/1/16 15 8 40.658 -0.004305 0.012701389
171 2016/1/16 15 8 40.692 0.023559 0.005469984
172 2016/1/16 15 8 40.725 0.046473 -0.002585968
173 2016/1/16 15 8 40.758 0.05532 0.003940859
174 2016/1/16 15 8 40.794 0.029869 0.019479869
175 2016/1/16 15 8 40.83 0.038207 0.003060482
176 2016/1/16 15 8 40.858 0.027284 -0.007285355
177 2016/1/16 15 8 40.891 0.024622 -0.014178714
178 2016/1/16 15 8 40.925 0.035171 0.000378734
179 2016/1/16 15 8 40.958 -0.001422 -0.011046293
180 2016/1/16 15 8 40.992 -0.008657 -0.002288404
181 2016/1/16 15 8 41.025 -0.009011 -0.004900473
182 2016/1/16 15 8 41.058 0.000895 -0.010636495
183 2016/1/16 15 8 41.092 0.0162 0.001311451
184 2016/1/16 15 8 41.125 -0.027934 -0.008956456
185 2016/1/16 15 8 41.158 0.001476 0.002451152
186 2016/1/16 15 8 41.192 -0.011466 -0.004106779
187 2016/1/16 15 8 41.225 -0.013493 -0.000653052
188 2016/1/16 15 8 41.257 -0.028339 0.007852097
189 2016/1/16 15 8 41.291 -0.017053 -0.000631509
190 2016/1/16 15 8 41.325 -0.016292 -0.006457499
191 2016/1/16 15 8 41.358 -0.002978 0.011236277
192 2016/1/16 15 8 41.392 -0.005749 -0.009541015
193 2016/1/16 15 8 41.424 -0.025616 -0.013514202
194 2016/1/16 15 8 41.458 -0.045214 0.008734117
195 2016/1/16 15 8 41.492 -0.009492 0.000986035
196 2016/1/16 15 8 41.525 -0.000969 -0.00107637
197 2016/1/16 15 8 41.558 0.017183 0.006836524
198 2016/1/16 15 8 41.592 -0.018637 -0.000580198
199 2016/1/16 15 8 41.624 -0.00672 -0.008182442
200 2016/1/16 15 8 41.659 0.005409 -0.011185134
201 2016/1/16 15 8 41.692 0.010433 0.015961619
202 2016/1/16 15 8 41.726 0.016446 -0.004692244
203 2016/1/16 15 8 41.758 0.009552 -0.010982541
204 2016/1/16 15 8 41.792 0.006832 -0.018310409
205 2016/1/16 15 8 41.826 0.012027 0.003307139
206 2016/1/16 15 8 41.87 0.003356 -0.006968638
207 2016/1/16 15 8 41.896 -0.002063 -0.007321653
208 2016/1/16 15 8 41.925 0.02475 0.009286934
209 2016/1/16 15 8 41.958 0.045734 -0.005753998
210 2016/1/16 15 8 41.993 0.039322 0.004011543
211 2016/1/16 15 8 42.025 0.050254 0.018906671
212 2016/1/16 15 8 42.057 0.04554 5.28E-05
213 2016/1/16 15 8 42.092 0.061213 0.004699862
214 2016/1/16 15 8 42.124 0.039965 0.007518311
215 2016/1/16 15 8 42.158 0.038778 -0.010376831
216 2016/1/16 15 8 42.191 0.011781 -0.02089003
217 2016/1/16 15 8 42.225 0.028443 -0.017196366
218 2016/1/16 15 8 42.256 0.037973 0.000527972
219 2016/1/16 15 8 42.291 0.016398 0.012016967
220 2016/1/16 15 8 42.325 0.032866 -0.011342732
221 2016/1/16 15 8 42.358 0.043387 0.004966709
222 2016/1/16 15 8 42.39 0.019264 -0.010523663
223 2016/1/16 15 8 42.424 0.015415 0.011655614
224 2016/1/16 15 8 42.457 0.02135 0.000790923
225 2016/1/16 15 8 42.491 0.025383 0.009971489
226 2016/1/16 15 8 42.526 0.030458 0.014873746
227 2016/1/16 15 8 42.558 0.024975 -0.004438381
228 2016/1/16 15 8 42.59 0.030878 -0.010216947
229 2016/1/16 15 8 42.624 0.016705 0.016004852
230 2016/1/16 15 8 42.658 0.012333 -0.01594148
231 2016/1/16 15 8 42.691 0.03708 -0.001630927
232 2016/1/16 15 8 42.724 0.030179 -0.013868425
233 2016/1/16 15 8 42.758 0.009099 -0.010168021
234 2016/1/16 15 8 42.79 -0.005451 0.003470513
235 2016/1/16 15 8 42.824 -0.006714 -0.024989818
236 2016/1/16 15 8 42.858 0.017992 -0.007396742
237 2016/1/16 15 8 42.89 0.021661 -0.01092037
238 2016/1/16 15 8 42.924 0.017405 -0.013892103
239 2016/1/16 15 8 42.959 0.017898 -0.005412778
240 2016/1/16 15 8 42.991 0.032694 -0.009413079
241 2016/1/16 15 8 43.024 0.031579 -0.00260738
242 2016/1/16 15 8 43.057 0.020812 -0.004422507
243 2016/1/16 15 8 43.091 0.030033 0.005539729
244 2016/1/16 15 8 43.125 0.034583 0.00659717
245 2016/1/16 15 8 43.157 0.043704 0.008503789
246 2016/1/16 15 8 43.191 0.05001 -0.004065238
247 2016/1/16 15 8 43.225 0.01645 -9.60E-05
248 2016/1/16 15 8 43.256 0.030972 -0.003788216
249 2016/1/16 15 8 43.291 0.058636 0.000687829
250 2016/1/16 15 8 43.325 0.042761 0.005851866
251 2016/1/16 15 8 43.359 0.033774 0.007510337
252 2016/1/16 15 8 43.391 0.042675 -0.005775272
253 2016/1/16 15 8 43.424 0.034771 -0.025598183
254 2016/1/16 15 8 43.458 0.037008 -0.008458648
255 2016/1/16 15 8 43.491 0.029723 -0.006478198
256 2016/1/16 15 8 43.524 0.009181 -0.006450944
257 2016/1/16 15 8 43.556 0.02725 -0.002509958
258 2016/1/16 15 8 43.592 0.001876 -0.000244468
259 2016/1/16 15 8 43.625 -0.004425 0.011937123
260 2016/1/16 15 8 43.657 0.022928 0.002990626
261 2016/1/16 15 8 43.691 0.018335 -0.016283213
262 2016/1/16 15 8 43.725 0.027246 0.000253183
263 2016/1/16 15 8 43.757 0.021679 -0.005310382
264 2016/1/16 15 8 43.791 0.023709 0.01886288
265 2016/1/16 15 8 43.825 0.030343 -0.003684409
266 2016/1/16 15 8 43.857 0.023777 0.005666104
267 2016/1/16 15 8 43.891 0.012469 -0.000372583
268 2016/1/16 15 8 43.923 0.013813 -0.016469549
269 2016/1/16 15 8 43.959 0.031941 -0.022123478
270 2016/1/16 15 8 43.99 0.022169 -0.009618354
271 2016/1/16 15 8 44.025 0.01752 0.00188548
272 2016/1/16 15 8 44.056 0.023313 0.008861076
273 2016/1/16 15 8 44.091 0.021384 0.019850326
274 2016/1/16 15 8 44.124 0.027912 0.008217582
275 2016/1/16 15 8 44.157 0.013747 -0.008678826
276 2016/1/16 15 8 44.192 0.023807 0.013530377
277 2016/1/16 15 8 44.224 0.037402 0.000969342
278 2016/1/16 15 8 44.257 0.042839 -0.010208451
279 2016/1/16 15 8 44.292 0.0099 -0.001163666
280 2016/1/16 15 8 44.326 0.008394 -0.00851206
281 2016/1/16 15 8 44.357 0.014822 -0.003913262
282 2016/1/16 15 8 44.391 0.000182 -0.000630207
283 2016/1/16 15 8 44.423 0.003458 0.017832738
284 2016/1/16 15 8 44.458 0.022195 -0.005627596
285 2016/1/16 15 8 44.493 0.014504 -0.003586841
286 2016/1/16 15 8 44.524 0.026302 -0.001052815
287 2016/1/16 15 8 44.558 0.044891 0.008890324
288 2016/1/16 15 8 44.592 0.038275 -0.004891049
289 2016/1/16 15 8 44.623 0.052144 -0.000610029
290 2016/1/16 15 8 44.657 0.053111 0.004321873
291 2016/1/16 15 8 44.69 0.055975 -0.001198329
292 2016/1/16 15 8 44.726 0.066326 0.017048464
293 2016/1/16 15 8 44.756 0.057997 0.006569767
294 2016/1/16 15 8 44.793 0.058666 0.004722415
295 2016/1/16 15 8 44.824 0.045993 0.001453439
296 2016/1/16 15 8 44.856 0.060402 0.003203873
297 2016/1/16 15 8 44.891 0.040682 0.153377
298 2016/1/16 15 8 44.922 0.064195 -0.380936
299 2016/1/16 15 8 44.958 0.040988 -0.400884
300 2016/1/16 15 8 44.992 0.053187 -0.392997
301 2016/1/16 15 8 45.024 -0.60405 -0.439882
302 2016/1/16 15 8 45.057 -0.229483 -2.057542
303 2016/1/16 15 8 45.091 -1.199395 -1.12174
304 2016/1/16 15 8 45.123 -0.806429 -0.67013
305 2016/1/16 15 8 45.157 -0.441305 -0.28212
306 2016/1/16 15 8 45.191 -1.06406 2.176834
307 2016/1/16 15 8 45.224 -0.630927 -1.385348
308 2016/1/16 15 8 45.256 -0.975453 2.015569
309 2016/1/16 15 8 45.292 -0.543069 -1.331482
310 2016/1/16 15 8 45.323 -0.835569 1.558619
311 2016/1/16 15 8 45.358 -0.737971 0.074025
312 2016/1/16 15 8 45.39 -0.707399 -0.022258
313 2016/1/16 15 8 45.424 -0.756427 0.506029
314 2016/1/16 15 8 45.458 -0.97439 -0.127029
315 2016/1/16 15 8 45.491 -0.934024 -0.252299
316 2016/1/16 15 8 45.524 -0.865892 0.389096
317 2016/1/16 15 8 45.557 -0.766246 -0.324116
318 2016/1/16 15 8 45.591 -1.068163 0.790589
319 2016/1/16 15 8 45.625 -0.959632 0.014854
320 2016/1/16 15 8 45.657 -0.795822 -0.148165
321 2016/1/16 15 8 45.691 -0.937731 0.033961
322 2016/1/16 15 8 45.724 -0.945875 -0.424129
323 2016/1/16 15 8 45.757 -0.917324 -0.022905
324 2016/1/16 15 8 45.797 -0.896278 0.405625
325 2016/1/16 15 8 45.831 -0.940632 0.087699
326 2016/1/16 15 8 45.857 -1.031008 0.063666
327 2016/1/16 15 8 45.89 -0.883406 -0.261362
328 2016/1/16 15 8 45.923 -0.850617 -0.128479
329 2016/1/16 15 8 45.957 -0.955058 0.346977
330 2016/1/16 15 8 45.991 -0.976556 0.335034
331 2016/1/16 15 8 46.023 -0.901921 0.336792
332 2016/1/16 15 8 46.058 -0.86725 0.066055
333 2016/1/16 15 8 46.091 -0.955805 -0.19438
334 2016/1/16 15 8 46.124 -0.957058 -0.178633
335 2016/1/16 15 8 46.157 -0.912698 0.106472
336 2016/1/16 15 8 46.19 -0.929052 0.267979
337 2016/1/16 15 8 46.225 -0.957595 0.111066
338 2016/1/16 15 8 46.257 -0.939575 -0.031558
339 2016/1/16 15 8 46.291 -0.907015 -0.22565
340 2016/1/16 15 8 46.324 -0.908979 -0.071747
341 2016/1/16 15 8 46.358 -0.938842 0.04125
342 2016/1/16 15 8 46.39 -0.865215 0.039204
343 2016/1/16 15 8 46.422 -0.877 0.199591
344 2016/1/16 15 8 46.457 -0.892984 0.133243
345 2016/1/16 15 8 46.49 -0.924322 -0.091653
346 2016/1/16 15 8 46.523 -0.928599 -0.159531
347 2016/1/16 15 8 46.557 -0.889772 -0.095825
348 2016/1/16 15 8 46.591 -0.925127 0.045782
349 2016/1/16 15 8 46.624 -0.91457 0.10249
350 2016/1/16 15 8 46.657 -0.904608 -0.006026
351 2016/1/16 15 8 46.69 -0.927698 -0.161526
352 2016/1/16 15 8 46.723 -0.905976 -0.288922
353 2016/1/16 15 8 46.757 -0.901084 -0.258783
354 2016/1/16 15 8 46.791 -0.909542 0.001293
355 2016/1/16 15 8 46.823 -0.927266 0.162443
356 2016/1/16 15 8 46.858 -0.919819 0.087667
357 2016/1/16 15 8 46.89 -0.926393 -0.139494
358 2016/1/16 15 8 46.925 -0.886249 -0.276745
359 2016/1/16 15 8 46.957 -0.90825 -0.175395
360 2016/1/16 15 8 46.99 -0.94213 0.019425
361 2016/1/16 15 8 47.024 -0.971536 0.084325
362 2016/1/16 15 8 47.056 -0.919288 0.043046
363 2016/1/16 15 8 47.091 -0.908206 -0.103534
364 2016/1/16 15 8 47.123 -0.953074 -0.185521
365 2016/1/16 15 8 47.157 -0.944245 -0.106101
366 2016/1/16 15 8 47.191 -0.960429 0.060177
367 2016/1/16 15 8 47.224 -0.94034 0.188475
368 2016/1/16 15 8 47.257 -0.906282 0.104586
369 2016/1/16 15 8 47.291 -0.908312 0.040595
370 2016/1/16 15 8 47.323 -0.906282 -0.004939
371 2016/1/16 15 8 47.358 -0.921627 0.002573
372 2016/1/16 15 8 47.39 -0.928393 0.10248
373 2016/1/16 15 8 47.423 -0.909388 0.174258
374 2016/1/16 15 8 47.457 -0.903753 0.179466
375 2016/1/16 15 8 47.49 -0.946566 0.088514
376 2016/1/16 15 8 47.523 -0.954573 -0.02718
377 2016/1/16 15 8 47.558 -0.937645 -0.109299
378 2016/1/16 15 8 47.59 -0.910487 -0.029068
379 2016/1/16 15 8 47.623 -0.920201 0.114114
380 2016/1/16 15 8 47.657 -0.932715 0.128498
381 2016/1/16 15 8 47.69 -0.949329 0.02814
382 2016/1/16 15 8 47.723 -0.926481 -0.078335
383 2016/1/16 15 8 47.757 -0.910003 -0.12784
384 2016/1/16 15 8 47.791 -0.924641 -0.014913
385 2016/1/16 15 8 47.823 -0.943269 0.16813
386 2016/1/16 15 8 47.859 -0.923657 0.259235
387 2016/1/16 15 8 47.89 -0.908937 0.139305
388 2016/1/16 15 8 47.923 -0.888953 0.004503
389 2016/1/16 15 8 47.957 -0.900673 -0.020025
390 2016/1/16 15 8 47.99 -0.9018 0.0431
391 2016/1/16 15 8 48.023 -0.900098 0.116925
392 2016/1/16 15 8 48.057 -0.907217 0.127953
393 2016/1/16 15 8 48.09 -0.871876 0.057104
394 2016/1/16 15 8 48.123 -0.877488 -0.079557
395 2016/1/16 15 8 48.157 -0.9162 -0.135602
396 2016/1/16 15 8 48.19 -0.953414 -0.06622
397 2016/1/16 15 8 48.223 -0.91425 0.008057
398 2016/1/16 15 8 48.257 -0.90337 0.102029
399 2016/1/16 15 8 48.29 -0.915491 0.045201
400 2016/1/16 15 8 48.323 -0.90972 -0.025132
401 2016/1/16 15 8 48.357 -0.912644 -0.002804
402 2016/1/16 15 8 48.39 -0.920391 0.011554
403 2016/1/16 15 8 48.424 -0.942659 0.036314
404 2016/1/16 15 8 48.456 -0.932731 0.130788
405 2016/1/16 15 8 48.49 -0.923387 0.149197
406 2016/1/16 15 8 48.523 -0.919658 0.067771
407 2016/1/16 15 8 48.557 -0.942731 -0.054001
408 2016/1/16 15 8 48.589 -0.919801 -0.032264
409 2016/1/16 15 8 48.624 -0.900417 0.071501
410 2016/1/16 15 8 48.656 -0.928716 0.152105
411 2016/1/16 15 8 48.69 -0.951069 0.146219
412 2016/1/16 15 8 48.723 -0.92386 -0.008217
413 2016/1/16 15 8 48.756 -0.889922 -0.105847
414 2016/1/16 15 8 48.79 -0.935416 -0.091567
415 2016/1/16 15 8 48.824 -0.912978 0.002883
416 2016/1/16 15 8 48.857 -0.950342 0.04408
417 2016/1/16 15 8 48.89 -0.924016 0.056835
418 2016/1/16 15 8 48.923 -0.924615 -0.033822
419 2016/1/16 15 8 48.957 -0.892293 -0.123849
420 2016/1/16 15 8 48.99 -0.934136 -0.10646
421 2016/1/16 15 8 49.023 -0.916597 -0.008495
422 2016/1/16 15 8 49.057 -0.910864 0.003171
423 2016/1/16 15 8 49.09 -0.919208 -0.014679
424 2016/1/16 15 8 49.123 -0.900307 -0.054966
425 2016/1/16 15 8 49.157 -0.929286 -0.151673
426 2016/1/16 15 8 49.19 -0.927288 -0.16534
427 2016/1/16 15 8 49.222 -0.923231 -0.084407
428 2016/1/16 15 8 49.256 -0.930852 -0.078541
429 2016/1/16 15 8 49.29 -0.924863 -0.084465
430 2016/1/16 15 8 49.324 -0.924338 -0.130483
431 2016/1/16 15 8 49.356 -0.940672 -0.212338
432 2016/1/16 15 8 49.39 -0.926869 -0.264252
433 2016/1/16 15 8 49.422 -0.889684 -0.201825
434 2016/1/16 15 8 49.457 -0.925039 -0.090354
435 2016/1/16 15 8 49.491 -0.890607 -0.067662
436 2016/1/16 15 8 49.523 -0.929086 -0.063953
437 2016/1/16 15 8 49.556 -0.927414 -0.096361
438 2016/1/16 15 8 49.59 -0.886315 -0.118991
439 2016/1/16 15 8 49.623 -0.896792 -0.029519
440 2016/1/16 15 8 49.656 -0.885194 0.068768
441 2016/1/16 15 8 49.69 -0.885428 0.055193
442 2016/1/16 15 8 49.724 -0.901911 0.01208
443 2016/1/16 15 8 49.756 -0.921603 0.00687
444 2016/1/16 15 8 49.79 -0.893813 -0.028245
445 2016/1/16 15 8 49.823 -0.898352 -0.017052
446 2016/1/16 15 8 49.856 -0.897477 0.092191
447 2016/1/16 15 8 49.891 -0.90433 0.168519
448 2016/1/16 15 8 49.923 -0.896045 0.113727
449 2016/1/16 15 8 49.957 -0.897741 0.030393
450 2016/1/16 15 8 49.99 -0.896198 0.017479
451 2016/1/16 15 8 50.023 -0.888614 0.013242
452 2016/1/16 15 8 50.058 -0.913521 0.02608
453 2016/1/16 15 8 50.09 -0.924016 0.014151
454 2016/1/16 15 8 50.122 -0.90483 -0.054502
455 2016/1/16 15 8 50.156 -0.911977 -0.104201
456 2016/1/16 15 8 50.189 -0.918795 -0.11173
457 2016/1/16 15 8 50.223 -0.931403 -0.122445
458 2016/1/16 15 8 50.256 -0.918547 -0.092651
459 2016/1/16 15 8 50.29 -0.908723 -0.044189
460 2016/1/16 15 8 50.323 -0.900795 -0.04695
461 2016/1/16 15 8 50.356 -0.920001 -0.095554
462 2016/1/16 15 8 50.388 -0.944373 -0.16974
463 2016/1/16 15 8 50.422 -0.90613 -0.212094
464 2016/1/16 15 8 50.456 -0.895715 -0.179317
465 2016/1/16 15 8 50.488 -0.919212 -0.118232
466 2016/1/16 15 8 50.523 -0.935724 -0.14202
467 2016/1/16 15 8 50.556 -0.928257 -0.231582
468 2016/1/16 15 8 50.589 -0.919548 -0.253887
469 2016/1/16 15 8 50.622 -0.895753 -0.216768
470 2016/1/16 15 8 50.655 -0.886189 -0.182341
471 2016/1/16 15 8 50.688 -0.918884 -0.118851
472 2016/1/16 15 8 50.723 -0.921403 -0.100556
473 2016/1/16 15 8 50.756 -0.907061 -0.177798
474 2016/1/16 15 8 50.793 -0.884527 -0.22371
475 2016/1/16 15 8 50.825 -0.879453 -0.183412
476 2016/1/16 15 8 50.855 -0.908837 -0.14924
477 2016/1/16 15 8 50.889 -0.908132 -0.127073
478 2016/1/16 15 8 50.924 -0.909316 -0.107367
479 2016/1/16 15 8 50.956 -0.900877 -0.134248
480 2016/1/16 15 8 50.99 -0.902065 -0.197466
481 2016/1/16 15 8 51.022 -0.929635 -0.146087
482 2016/1/16 15 8 51.055 -0.916184 -0.061414
483 2016/1/16 15 8 51.089 -0.908437 -0.024663
484 2016/1/16 15 8 51.123 -0.93865 -0.038848312
485 2016/1/16 15 8 51.155 -0.945246 -0.05702051
486 2016/1/16 15 8 51.187 -0.934387 0.016205458
487 2016/1/16 15 8 51.222 -0.945258 0.040819731
488 2016/1/16 15 8 51.255 -0.933752 0.069318244
489 2016/1/16 15 8 51.288 -0.898973 0.08870176
490 2016/1/16 15 8 51.322 -0.880656 -0.116254018
491 2016/1/16 15 8 51.355 -0.892825 -0.047182951
492 2016/1/16 15 8 51.389 -0.924082 0.036500448
493 2016/1/16 15 8 51.424 -0.902257 0.048204817
494 2016/1/16 15 8 51.455 -0.871786 0.019039831
495 2016/1/16 15 8 51.488 -0.860193 -0.000797611
496 2016/1/16 15 8 51.522 -0.870804 -0.067459578
497 2016/1/16 15 8 51.555 -0.885384 -0.096973868
498 2016/1/16 15 8 51.587 -0.910103 -0.058718917
499 2016/1/16 15 8 51.622 -0.862652 -0.014071689
500 2016/1/16 15 8 51.654 -0.897513 -0.131190379
501 2016/1/16 15 8 51.688 -0.877645 0.016125714
502 2016/1/16 15 8 51.721 -0.913971 0.046578053
503 2016/1/16 15 8 51.755 -0.910974 0.017388784
504 2016/1/16 15 8 51.788 -0.898056 0.002177559
505 2016/1/16 15 8 51.822 -0.861931 -0.021349521
506 2016/1/16 15 8 51.854 -0.894888 0.053456289
507 2016/1/16 15 8 51.888 -0.910804 -0.014567663
508 2016/1/16 15 8 51.922 -0.908867 -0.008484255
509 2016/1/16 15 8 51.954 -0.872338 -0.067350612
510 2016/1/16 15 8 51.988 -0.907287 -0.064069752
511 2016/1/16 15 8 52.022 -0.919156 -0.002181868
512 2016/1/16 15 8 52.054 -0.894908 0.050163857
513 2016/1/16 15 8 52.087 -0.898941 0.00674986
514 2016/1/16 15 8 52.122 -0.885923 -0.017916908
515 2016/1/16 15 8 52.155 -0.907269 -0.027593071
516 2016/1/16 15 8 52.187 -0.90983 -0.0207432
517 2016/1/16 15 8 52.221 -0.919128 -0.020432911
518 2016/1/16 15 8 52.254 -0.917125 0.067423888
519 2016/1/16 15 8 52.287 -0.909876 -0.052046857
520 2016/1/16 15 8 52.322 -0.93035 -0.039530101
521 2016/1/16 15 8 52.354 -0.893805 0.021470209
522 2016/1/16 15 8 52.387 -0.893801 -0.081316586
523 2016/1/16 15 8 52.421 -0.88181 -0.033079592
524 2016/1/16 15 8 52.454 -0.925954 -0.048861203
525 2016/1/16 15 8 52.487 -0.907846 0.009243956
526 2016/1/16 15 8 52.522 -0.906923 -0.055802104
527 2016/1/16 15 8 52.554 -0.906831 0.048920008
528 2016/1/16 15 8 52.588 -0.887393 0.015911937
529 2016/1/16 15 8 52.621 -0.895094 -0.044947081
530 2016/1/16 15 8 52.654 -0.891984 -0.049181758
531 2016/1/16 15 8 52.687 -0.876149 -0.032211587
532 2016/1/16 15 8 52.722 -0.885578 -0.063887515
533 2016/1/16 15 8 52.755 -0.898134 0.018715606
534 2016/1/16 15 8 52.787 -0.876107 0.070061722
535 2016/1/16 15 8 52.821 -0.904079 0.029393647
536 2016/1/16 15 8 52.854 -0.887719 -0.021045823
537 2016/1/16 15 8 52.888 -0.906522 0.087186805
538 2016/1/16 15 8 52.922 -0.906056 -0.008539488
539 2016/1/16 15 8 52.954 -0.903913 -0.10342795
540 2016/1/16 15 8 52.993 -0.880206 -0.111282196
541 2016/1/16 15 8 53.022 -0.880676 -0.009369739
542 2016/1/16 15 8 53.054 -0.907682 -0.056370354
543 2016/1/16 15 8 53.088 -0.901678 0.046010026
544 2016/1/16 15 8 53.121 -0.881704 0.025783658
545 2016/1/16 15 8 53.156 -0.883017 0.09079906
546 2016/1/16 15 8 53.187 -0.887319 -0.020672167
547 2016/1/16 15 8 53.221 -0.894199 -0.004638761
548 2016/1/16 15 8 53.253 -0.880282 -0.017994405
549 2016/1/16 15 8 53.288 -0.871852 -0.023660406
550 2016/1/16 15 8 53.321 -0.879663 -0.045970149
551 2016/1/16 15 8 53.354 -0.89617 -0.048081556
552 2016/1/16 15 8 53.387 -0.852001 0.095897066
553 2016/1/16 15 8 53.421 -0.863045 -0.028794944
554 2016/1/16 15 8 53.454 -0.844748 0.043489096
555 2016/1/16 15 8 53.487 -0.844033 -0.063847223
556 2016/1/16 15 8 53.521 -0.870936 -0.030275496
557 2016/1/16 15 8 53.554 -0.879241 0.010619872
558 2016/1/16 15 8 53.587 -0.874303 0.01398683
559 2016/1/16 15 8 53.621 -0.87422 -0.014795686
560 2016/1/16 15 8 53.654 -0.854773 -0.05922126
561 2016/1/16 15 8 53.688 -0.864867 0.022861071
562 2016/1/16 15 8 53.721 -0.87682 -0.075492734
563 2016/1/16 15 8 53.754 -0.8884 -0.045378773
564 2016/1/16 15 8 53.788 -0.88356 0.013950815
565 2016/1/16 15 8 53.822 -0.894127 0.070007838
566 2016/1/16 15 8 53.854 -0.892113 0.005974197
567 2016/1/16 15 8 53.887 -0.892277 -0.066581469
568 2016/1/16 15 8 53.92 -0.898274 0.023518459
569 2016/1/16 15 8 53.954 -0.873586 0.02011692
570 2016/1/16 15 8 53.988 -0.877591 0.051551412
571 2016/1/16 15 8 54.021 -0.884777 0.012676846
572 2016/1/16 15 8 54.054 -0.855415 0.006573
573 2016/1/16 15 8 54.088 -2.839458 -2.08842
574 2016/1/16 15 8 54.121 -1.215739 -2.596694
575 2016/1/16 15 8 54.154 -1.321728 -1.855519
576 2016/1/16 15 8 54.188 -2.281233 1.104021
577 2016/1/16 15 8 54.221 -1.948818 1.014797
578 2016/1/16 15 8 54.254 -1.739933 3.396596
579 2016/1/16 15 8 54.288 -1.691006 -0.586967
580 2016/1/16 15 8 54.32 -2.095314 1.269341
581 2016/1/16 15 8 54.354 -1.641039 -1.366149
582 2016/1/16 15 8 54.388 -1.789472 0.918218
583 2016/1/16 15 8 54.42 -1.880165 0.346015
584 2016/1/16 15 8 54.454 -1.806751 1.097256
585 2016/1/16 15 8 54.488 -1.813515 0.42571
586 2016/1/16 15 8 54.521 -2.092657 0.577024
587 2016/1/16 15 8 54.554 -2.022959 -1.599963
588 2016/1/16 15 8 54.587 -2.098348 0.334682
589 2016/1/16 15 8 54.621 -1.977787 -0.324869
590 2016/1/16 15 8 54.654 -1.97826 1.084164
591 2016/1/16 15 8 54.688 -2.007778 0.737972
592 2016/1/16 15 8 54.721 -1.987571 -0.130029
593 2016/1/16 15 8 54.754 -2.144451 -0.299219
594 2016/1/16 15 8 54.789 -2.118511 -1.229865
595 2016/1/16 15 8 54.821 -2.050287 -0.352857
596 2016/1/16 15 8 54.853 -2.051554 0.488195
597 2016/1/16 15 8 54.888 -2.025372 0.720441
598 2016/1/16 15 8 54.92 -2.044227 0.280853
599 2016/1/16 15 8 54.953 -2.046636 -0.349291
600 2016/1/16 15 8 54.987 -2.091489 -1.033009
601 2016/1/16 15 8 55.02 -2.097577 -0.401944
602 2016/1/16 15 8 55.054 -2.035074 0.357249
603 2016/1/16 15 8 55.088 -2.016763 0.501625
604 2016/1/16 15 8 55.121 -2.037623 0.51548
605 2016/1/16 15 8 55.153 -2.043294 -0.332442
606 2016/1/16 15 8 55.187 -2.056677 -0.773671
607 2016/1/16 15 8 55.22 -2.130171 -0.482769
608 2016/1/16 15 8 55.253 -2.057181 -0.167034
609 2016/1/16 15 8 55.287 -2.062834 0.448888
610 2016/1/16 15 8 55.321 -2.037575 0.510384
611 2016/1/16 15 8 55.353 -2.019437 -0.114832
612 2016/1/16 15 8 55.389 -2.120683 -0.329436
613 2016/1/16 15 8 55.42 -2.099017 -0.663367
614 2016/1/16 15 8 55.454 -2.039209 -0.103552
615 2016/1/16 15 8 55.487 -2.020682 0.3836
616 2016/1/16 15 8 55.52 -2.042789 0.512639
617 2016/1/16 15 8 55.553 -2.029357 0.266748
618 2016/1/16 15 8 55.587 -2.063004 -0.305889
619 2016/1/16 15 8 55.62 -2.08519 -0.636224
620 2016/1/16 15 8 55.654 -2.065772 -0.354175
621 2016/1/16 15 8 55.687 -2.094563 0.041917
622 2016/1/16 15 8 55.72 -2.10317 0.377196
623 2016/1/16 15 8 55.753 -2.063026 0.200602
624 2016/1/16 15 8 55.794 -2.113799 -0.29987
625 2016/1/16 15 8 55.828 -2.119364 -0.63464
626 2016/1/16 15 8 55.853 -2.099477 -0.45762
627 2016/1/16 15 8 55.887 -2.073145 0.092986
628 2016/1/16 15 8 55.921 -2.055795 0.412131
629 2016/1/16 15 8 55.954 -2.031159 0.276584
630 2016/1/16 15 8 55.987 -2.074052 -0.140229
631 2016/1/16 15 8 56.021 -2.094687 -0.505978
632 2016/1/16 15 8 56.053 -2.1014 -0.440811
633 2016/1/16 15 8 56.087 -2.11125 -0.10523
634 2016/1/16 15 8 56.12 -2.056126 0.163521
635 2016/1/16 15 8 56.154 -2.042857 0.208913
636 2016/1/16 15 8 56.187 -2.057345 -0.118873
637 2016/1/16 15 8 56.223 -2.06468 -0.392858
638 2016/1/16 15 8 56.253 -2.087857 -0.467745
639 2016/1/16 15 8 56.287 -2.089139 -0.229844
640 2016/1/16 15 8 56.322 -2.033526 0.146089
641 2016/1/16 15 8 56.353 -2.027459 0.280036
642 2016/1/16 15 8 56.387 -2.023404 0.102079
643 2016/1/16 15 8 56.421 -2.040134 -0.173877
644 2016/1/16 15 8 56.454 -2.077022 -0.357018
645 2016/1/16 15 8 56.487 -2.032857 -0.21716
646 2016/1/16 15 8 56.519 -2.00883 0.153094
647 2016/1/16 15 8 56.553 -2.042561 0.362672
648 2016/1/16 15 8 56.587 -2.012853 0.240221
649 2016/1/16 15 8 56.619 -2.025734 -0.135447
650 2016/1/16 15 8 56.654 -2.05158 -0.414219
651 2016/1/16 15 8 56.686 -2.064947 -0.367451
652 2016/1/16 15 8 56.72 -2.041898 -0.125325
653 2016/1/16 15 8 56.753 -2.040284 0.090134
654 2016/1/16 15 8 56.787 -2.038576 0.0915
655 2016/1/16 15 8 56.82 -2.037751 -0.205077
656 2016/1/16 15 8 56.852 -2.056208 -0.452476
657 2016/1/16 15 8 56.886 -2.072079 -0.36523
658 2016/1/16 15 8 56.92 -2.061835 -0.099539
659 2016/1/16 15 8 56.952 -2.042189 0.169156
660 2016/1/16 15 8 56.987 -2.024821 0.21658
661 2016/1/16 15 8 57.019 -2.059971 0.014766
662 2016/1/16 15 8 57.053 -2.071719 -0.187349
663 2016/1/16 15 8 57.086 -2.042693 -0.234598
664 2016/1/16 15 8 57.119 -2.055976 -0.036732
665 2016/1/16 15 8 57.152 -2.011579 0.20049
666 2016/1/16 15 8 57.187 -2.008247 0.239032
667 2016/1/16 15 8 57.219 -2.043056 0.067853
668 2016/1/16 15 8 57.253 -2.065181 -0.173819
669 2016/1/16 15 8 57.287 -2.081794 -0.282815
670 2016/1/16 15 8 57.32 -2.036281 -0.135656
671 2016/1/16 15 8 57.353 -2.008343 0.081952
672 2016/1/16 15 8 57.386 -2.046866 0.170193
673 2016/1/16 15 8 57.42 -2.009799 0.081414
674 2016/1/16 15 8 57.452 -2.02069 -0.15204
675 2016/1/16 15 8 57.486 -2.042763 -0.294828
676 2016/1/16 15 8 57.519 -2.070502 -0.217917
677 2016/1/16 15 8 57.554 -2.040981 0.040595
678 2016/1/16 15 8 57.588 -2.01205 0.216168
679 2016/1/16 15 8 57.619 -2.024469 0.13556
680 2016/1/16 15 8 57.654 -2.058397 -0.13726
681 2016/1/16 15 8 57.687 -2.070035 -0.281559
682 2016/1/16 15 8 57.719 -2.056162 -0.23816
683 2016/1/16 15 8 57.754 -2.035719 -0.012196
684 2016/1/16 15 8 57.785 -2.00923 0.151031
685 2016/1/16 15 8 57.82 -2.040406 0.062809
686 2016/1/16 15 8 57.852 -2.065353 -0.145342
687 2016/1/16 15 8 57.887 -2.062251 -0.296834
688 2016/1/16 15 8 57.919 -2.071229 -0.239329
689 2016/1/16 15 8 57.953 -2.051578 -0.063519
690 2016/1/16 15 8 57.986 -2.053216 0.088134
691 2016/1/16 15 8 58.019 -2.014993 0.177256
692 2016/1/16 15 8 58.054 -2.027028 0.03469
693 2016/1/16 15 8 58.086 -2.055153 -0.130866
694 2016/1/16 15 8 58.119 -2.067484 -0.108148
695 2016/1/16 15 8 58.152 -2.028938 0.045606
696 2016/1/16 15 8 58.186 -1.981836 0.20677
697 2016/1/16 15 8 58.218 -2.018219 0.208294
698 2016/1/16 15 8 58.252 -2.012362 0.075639
699 2016/1/16 15 8 58.286 -2.023756 -0.085432
700 2016/1/16 15 8 58.319 -2.013439 -0.151812
701 2016/1/16 15 8 58.352 -2.017586 -0.06594
702 2016/1/16 15 8 58.386 -2.010071 0.100561
703 2016/1/16 15 8 58.418 -2.007969 0.23093
704 2016/1/16 15 8 58.452 -1.992834 0.091086
705 2016/1/16 15 8 58.486 -2.015806 -0.095274
706 2016/1/16 15 8 58.519 -2.042221 -0.148892
707 2016/1/16 15 8 58.552 -2.015127 -0.057798
708 2016/1/16 15 8 58.586 -2.000876 0.111531
709 2016/1/16 15 8 58.618 -2.000387 0.211139
710 2016/1/16 15 8 58.653 -2.028952 0.088204
711 2016/1/16 15 8 58.686 -2.012572 -0.079424
712 2016/1/16 15 8 58.719 -2.031365 -0.193593
713 2016/1/16 15 8 58.753 -2.039768 -0.123449
714 2016/1/16 15 8 58.785 -2.043242 -0.003617
715 2016/1/16 15 8 58.821 -2.040727 0.074137
716 2016/1/16 15 8 58.852 -2.015882 0.071099
717 2016/1/16 15 8 58.885 -2.038526 0.017881
718 2016/1/16 15 8 58.918 -1.996971 -0.025206
719 2016/1/16 15 8 58.978 -2.015252 0.029726
720 2016/1/16 15 8 59.02 -2.024273 0.134215
721 2016/1/16 15 8 59.062 -2.009388 0.295141
722 2016/1/16 15 8 59.111 -1.987151 0.196011
723 2016/1/16 15 8 59.154 -2.002452 0.032191
724 2016/1/16 15 8 59.19 -2.021683 0.059026
725 2016/1/16 15 8 59.227 -1.968055 0.312864
726 2016/1/16 15 8 59.278 -1.996168 0.346886
727 2016/1/16 15 8 59.325 -1.984324 0.177272
728 2016/1/16 15 8 59.347 -2.008179 0.033362
729 2016/1/16 15 8 59.373 -2.00939 -0.047848
730 2016/1/16 15 8 59.395 -2.030861 0.00714
731 2016/1/16 15 8 59.421 -2.009975 0.123053
732 2016/1/16 15 8 59.452 -2.000075 0.107119
733 2016/1/16 15 8 59.487 -2.017416 -0.024317
734 2016/1/16 15 8 59.518 -2.034275 -0.157875
735 2016/1/16 15 8 59.553 -2.025538 -0.200073
736 2016/1/16 15 8 59.585 -2.00568 -0.073079
737 2016/1/16 15 8 59.618 -2.004789 0.115826
738 2016/1/16 15 8 59.652 -1.994448 0.193726
739 2016/1/16 15 8 59.687 -2.007979 0.106623
740 2016/1/16 15 8 59.718 -2.038486 -0.023235
741 2016/1/16 15 8 59.752 -2.028125 -8.30E-05
742 2016/1/16 15 8 59.787 -2.00124 0.075132
743 2016/1/16 15 8 59.82 -2.043827 0.140566
744 2016/1/16 15 8 59.852 -2.042605 0.161392
745 2016/1/16 15 8 59.885 -2.045891 0.080522
746 2016/1/16 15 8 59.918 -2.049488 0.038591
747 2016/1/16 15 8 59.953 -2.026373 0.010296
748 2016/1/16 15 8 59.986 -2.051889 -0.02836
749 2016/1/16 15 9 0.027 -2.081771 -0.008988
750 2016/1/16 15 9 0.071 -2.049051 0.052704
751 2016/1/16 15 9 0.095 -2.041652 0.052714
752 2016/1/16 15 9 0.12 -2.055377 -0.024385
753 2016/1/16 15 9 0.152 -2.047427 -0.117065
754 2016/1/16 15 9 0.185 -2.053973 -0.11285
755 2016/1/16 15 9 0.219 -2.050549 0.025252
756 2016/1/16 15 9 0.252 -2.012935 0.156444
757 2016/1/16 15 9 0.285 -2.033266 0.12559
758 2016/1/16 15 9 0.32 -2.033802 0.015384
759 2016/1/16 15 9 0.352 -2.046824 -0.023486
760 2016/1/16 15 9 0.385 -2.030522 0.073127
761 2016/1/16 15 9 0.417 -2.01563 0.154932
762 2016/1/16 15 9 0.452 -2.024649 0.200102
763 2016/1/16 15 9 0.486 -2.030252 0.129951
764 2016/1/16 15 9 0.518 -2.045166 -0.003956
765 2016/1/16 15 9 0.552 -2.045881 -0.062674
766 2016/1/16 15 9 0.586 -2.048304 -0.069929
767 2016/1/16 15 9 0.618 -2.038728 -0.009004
768 2016/1/16 15 9 0.651 -2.05921 0.068291
769 2016/1/16 15 9 0.684 -2.06317 0.047706
770 2016/1/16 15 9 0.719 -2.057546 -0.026053
771 2016/1/16 15 9 0.751 -2.032649 -0.040014
772 2016/1/16 15 9 0.79 -2.040523 -0.014064
773 2016/1/16 15 9 0.822 -2.03227 0.075668
774 2016/1/16 15 9 0.852 -2.007412 0.199271
775 2016/1/16 15 9 0.885 -1.998251 0.321045
776 2016/1/16 15 9 0.919 -2.013668 0.303131
777 2016/1/16 15 9 0.952 -2.03322 0.138277
778 2016/1/16 15 9 0.985 -2.027675 0.097369
779 2016/1/16 15 9 1.018 -2.003675 0.225319
780 2016/1/16 15 9 1.052 -2.006797 0.322867
781 2016/1/16 15 9 1.086 -1.996965 0.318584
782 2016/1/16 15 9 1.118 -2.029141 0.229023
783 2016/1/16 15 9 1.151 -2.003461 0.144671
784 2016/1/16 15 9 1.185 -2.027126 0.038296
785 2016/1/16 15 9 1.221 -2.020915 0.044218
786 2016/1/16 15 9 1.252 -2.016855 0.130394
787 2016/1/16 15 9 1.284 -2.012452 0.150791
788 2016/1/16 15 9 1.319 -2.001693 0.097197
789 2016/1/16 15 9 1.351 -2.028654 0.03466
790 2016/1/16 15 9 1.385 -1.998437 0.095186
791 2016/1/16 15 9 1.419 -1.995337 0.142274
792 2016/1/16 15 9 1.452 -2.005562 0.205666
793 2016/1/16 15 9 1.485 -2.021117 0.223679
794 2016/1/16 15 9 1.518 -2.016407 0.154752
795 2016/1/16 15 9 1.551 -2.031626 0.056925
796 2016/1/16 15 9 1.586 -2.022046 0.077487
797 2016/1/16 15 9 1.618 -1.995387 0.115754
798 2016/1/16 15 9 1.652 -1.996048 0.105553
799 2016/1/16 15 9 1.685 -2.007844 0.137723
800 2016/1/16 15 9 1.719 -1.980325 0.154153
801 2016/1/16 15 9 1.751 -1.99628 0.09313
802 2016/1/16 15 9 1.785 -2.008765 0.029225
803 2016/1/16 15 9 1.819 -2.000525 0.037976
804 2016/1/16 15 9 1.851 -2.008503 0.041667
805 2016/1/16 15 9 1.884 -1.985335 0.043545
806 2016/1/16 15 9 1.918 -2.007856 0.020919
807 2016/1/16 15 9 1.953 -2.019341 -0.031824
808 2016/1/16 15 9 1.984 -2.004386 -0.125635
809 2016/1/16 15 9 2.019 -2.035218 -0.155296
810 2016/1/16 15 9 2.052 -2.000345 -0.12651
811 2016/1/16 15 9 2.086 -2.014825 -0.145574
812 2016/1/16 15 9 2.119 -2.001455 -0.16857
813 2016/1/16 15 9 2.152 -1.998303 -0.15711
814 2016/1/16 15 9 2.185 -2.005221 -0.136317
815 2016/1/16 15 9 2.219 -1.987752 -0.030747
816 2016/1/16 15 9 2.252 -2.001244 0.071654
817 2016/1/16 15 9 2.317 -2.012754 0.111483
818 2016/1/16 15 9 2.342 -2.014943 0.056327
819 2016/1/16 15 9 2.363 -1.998953 -0.01909
820 2016/1/16 15 9 2.39 -2.017637 -0.103058
821 2016/1/16 15 9 2.418 -2.048995 -0.15731
822 2016/1/16 15 9 2.452 -2.029407 -0.106424
823 2016/1/16 15 9 2.485 -2.030614 -0.099141
824 2016/1/16 15 9 2.519 -2.014893 -0.130043
825 2016/1/16 15 9 2.554 -2.03337 -0.154004
826 2016/1/16 15 9 2.585 -2.040551 -0.162004
827 2016/1/16 15 9 2.618 -2.038887 -0.160905
828 2016/1/16 15 9 2.651 -2.034642 -0.083113
829 2016/1/16 15 9 2.685 -2.028594 0.003856
830 2016/1/16 15 9 2.719 -2.038773 0.033711
831 2016/1/16 15 9 2.751 -2.014635 0.09141
832 2016/1/16 15 9 2.784 -2.013876 0.084798
833 2016/1/16 15 9 2.818 -2.036712 0.013402
834 2016/1/16 15 9 2.851 -2.033208 0.010514
835 2016/1/16 15 9 2.884 -2.035713 0.063371
836 2016/1/16 15 9 2.918 -2.015686 0.094395
837 2016/1/16 15 9 2.952 -2.017853 0.092447
838 2016/1/16 15 9 2.985 -2.013463 0.073382
839 2016/1/16 15 9 3.018 -2.005111 0.058872
840 2016/1/16 15 9 3.051 -1.990057 0.083128
841 2016/1/16 15 9 3.085 -2.016385 0.097447
842 2016/1/16 15 9 3.118 -2.01039 0.057857
843 2016/1/16 15 9 3.151 -2.008065 0.003353
844 2016/1/16 15 9 3.184 -2.022478 -0.021023
845 2016/1/16 15 9 3.218 -2.027709 -0.042829
846 2016/1/16 15 9 3.25 -2.020971 -0.057199
847 2016/1/16 15 9 3.284 -2.021643 -0.027639
848 2016/1/16 15 9 3.317 -2.04139 0.012018
849 2016/1/16 15 9 3.352 -2.011163 0.012655
850 2016/1/16 15 9 3.384 -2.004979 0.006275
851 2016/1/16 15 9 3.418 -2.011587 0.015106
852 2016/1/16 15 9 3.451 -2.027425 0.04085698
853 2016/1/16 15 9 3.485 -2.010606 0.053620523
854 2016/1/16 15 9 3.518 -2.010476 0.056236056
855 2016/1/16 15 9 3.551 -2.008836 0.008598154
856 2016/1/16 15 9 3.585 -2.029235 0.067772777
857 2016/1/16 15 9 3.618 -2.021441 -0.034855767
858 2016/1/16 15 9 3.651 -2.010728 0.124335128
859 2016/1/16 15 9 3.685 -2.017719 0.031382658
860 2016/1/16 15 9 3.718 -2.017356 0.015554026
861 2016/1/16 15 9 3.751 -2.021549 -0.011772266
862 2016/1/16 15 9 3.784 -2.000197 -0.044350706
863 2016/1/16 15 9 3.818 -2.012256 -0.045802822
864 2016/1/16 15 9 3.852 -1.989522 -0.028512051
865 2016/1/16 15 9 3.885 -1.997143 -0.060335082
866 2016/1/16 15 9 3.917 -1.98158 0.008675356
867 2016/1/16 15 9 3.951 -2.001785 -0.017941465
868 2016/1/16 15 9 3.985 -2.002306 -0.003424394
869 2016/1/16 15 9 4.019 -2.007946 -0.039446651
870 2016/1/16 15 9 4.051 -1.998593 0.042456025
871 2016/1/16 15 9 4.085 -2.005872 -0.006774815
872 2016/1/16 15 9 4.117 -1.993391 0.041467944
873 2016/1/16 15 9 4.151 -2.005097 -0.01458515
874 2016/1/16 15 9 4.185 -2.020464 0.044517708
875 2016/1/16 15 9 4.219 -2.014665 -0.035337225
876 2016/1/16 15 9 4.251 -2.007916 0.103343659
877 2016/1/16 15 9 4.284 -2.026325 -0.0548115
878 2016/1/16 15 9 4.318 -2.028029 -0.025607527
879 2016/1/16 15 9 4.352 -2.026848 0.096195967
880 2016/1/16 15 9 4.385 -2.017438 -0.006211503
881 2016/1/16 15 9 4.418 -2.035234 0.049149596
882 2016/1/16 15 9 4.451 -2.01121 -0.018328752
883 2016/1/16 15 9 4.486 -2.027449 -0.005200669
884 2016/1/16 15 9 4.518 -2.021652 0.027146552
885 2016/1/16 15 9 4.551 -2.031503 0.016925281
886 2016/1/16 15 9 4.587 -2.047709 -0.062259745
887 2016/1/16 15 9 4.618 -2.012104 -0.045418855
888 2016/1/16 15 9 4.65 -2.011966 -0.053906646
889 2016/1/16 15 9 4.684 -2.017588 -0.007040804
890 2016/1/16 15 9 4.719 -2.018854 0.010994357
891 2016/1/16 15 9 4.751 -1.998543 -0.054691549
892 2016/1/16 15 9 4.785 -2.008399 0.012210462
893 2016/1/16 15 9 4.817 -2.008745 -0.012840563
894 2016/1/16 15 9 4.851 -2.010772 -0.019575289
895 2016/1/16 15 9 4.884 -1.998821 0.029437168
896 2016/1/16 15 9 4.919 -2.016349 -0.018704633
897 2016/1/16 15 9 4.95 -2.005912 -0.006099446
898 2016/1/16 15 9 4.987 -1.995101 -0.066374099
899 2016/1/16 15 9 5.018 -1.992756 0.012135822
900 2016/1/16 15 9 5.05 -1.986422 0.038374344
901 2016/1/16 15 9 5.085 -1.992443 -0.029184052
902 2016/1/16 15 9 5.119 -1.975983 0.01521485
903 2016/1/16 15 9 5.151 -1.982938 -0.028160368
904 2016/1/16 15 9 5.184 -1.996729 0.015563086
905 2016/1/16 15 9 5.218 -2.013235 0.0223649
906 2016/1/16 15 9 5.251 -2.014455 0.022968014
907 2016/1/16 15 9 5.285 -2.003401 0.04425718
908 2016/1/16 15 9 5.319 -2.013668 -0.052517842
909 2016/1/16 15 9 5.351 -2.016645 0.005476499
910 2016/1/16 15 9 5.384 -2.019138 -0.040628058
911 2016/1/16 15 9 5.418 -2.027024 -0.029320076
912 2016/1/16 15 9 5.451 -2.019717 -0.036506833
913 2016/1/16 15 9 5.486 -2.01774 -0.016554796
914 2016/1/16 15 9 5.517 -2.022446 0.012709566
915 2016/1/16 15 9 5.551 -2.027557 -0.042919984
916 2016/1/16 15 9 5.584 -2.043268 0.01828795
917 2016/1/16 15 9 5.618 -2.057421 0.057667873
918 2016/1/16 15 9 5.65 -2.022216 0.003282775
919 2016/1/16 15 9 5.685 -2.066597 0.02798152
920 2016/1/16 15 9 5.717 -2.04782 0.037477287
921 2016/1/16 15 9 5.751 -2.063445 -0.055921758
922 2016/1/16 15 9 5.79 -2.057682 0.035925889
923 2016/1/16 15 9 5.823 -2.060984 -0.040939505
924 2016/1/16 15 9 5.852 -2.058038 -0.018747807
925 2016/1/16 15 9 5.884 -2.060712 0.02258039
926 2016/1/16 15 9 5.918 -2.049123 -0.036279374
927 2016/1/16 15 9 5.951 -2.058773 -0.040106314
928 2016/1/16 15 9 5.985 -2.052365 0.05336574
929 2016/1/16 15 9 6.017 -2.029707 -0.044510582
930 2016/1/16 15 9 6.051 -2.046732 -0.023718877
931 2016/1/16 15 9 6.084 -2.01874 -0.029975429
932 2016/1/16 15 9 6.117 -2.026011 -0.019052825
933 2016/1/16 15 9 6.151 -2.045419 -0.023253199
934 2016/1/16 15 9 6.185 -2.045865 0.034154529
935 2016/1/16 15 9 6.219 -2.0452 0.010306417
936 2016/1/16 15 9 6.253 -2.0315 0.052297649
937 2016/1/16 15 9 6.284 -2.034293 0.053384992
938 2016/1/16 15 9 6.318 -2.027691 0.008183943
939 2016/1/16 15 9 6.351 -2.042719 -0.015292124
940 2016/1/16 15 9 6.384 -2.035935 -0.089090628
941 2016/1/16 15 9 6.417 -2.026469 0.034818785
942 2016/1/16 15 9 6.451 -2.031946 0.082780522
943 2016/1/16 15 9 6.485 -2.036716 0.099713842
944 2016/1/16 15 9 6.518 -2.044533 0.00535216
945 2016/1/16 15 9 6.552 -2.04981 -0.001406383
946 2016/1/16 15 9 6.585 -2.053523 0.00123467
947 2016/1/16 15 9 6.62 -2.03166 0.019327088
948 2016/1/16 15 9 6.652 -2.071801 0.096338401
949 2016/1/16 15 9 6.684 -2.048584 0.046252646
950 2016/1/16 15 9 6.716 -2.047017 -0.047879551
951 2016/1/16 15 9 6.751 -2.036776 0.075358537
952 2016/1/16 15 9 6.784 -2.040236 0.047706431
953 2016/1/16 15 9 6.818 -2.033486 0.035500615
954 2016/1/16 15 9 6.851 -2.046336 0.029007597
955 2016/1/16 15 9 6.884 -2.045439 -0.033923221
956 2016/1/16 15 9 6.917 -2.07913 -0.006967101
957 2016/1/16 15 9 6.951 -2.056955 -0.058467903
958 2016/1/16 15 9 6.985 -2.049836 -0.041924001
959 2016/1/16 15 9 7.017 -2.06245 0.006805873
960 2016/1/16 15 9 7.05 -2.070888 -0.03274664
961 2016/1/16 15 9 7.085 -2.052077 0.078389927
962 2016/1/16 15 9 7.117 -2.036189 0.012973716
963 2016/1/16 15 9 7.151 -2.053921 0.019189376
964 2016/1/16 15 9 7.183 -2.054318 0.065672024
965 2016/1/16 15 9 7.217 -2.038284 -0.041174119
966 2016/1/16 15 9 7.252 -2.037873 -0.107178161
967 2016/1/16 15 9 7.284 -2.031706 0.04142313
968 2016/1/16 15 9 7.317 -2.028658 0.023485462
969 2016/1/16 15 9 7.352 -2.014691 0.036270236
970 2016/1/16 15 9 7.384 -2.024239 -0.055175541
971 2016/1/16 15 9 7.416 -2.030126 0.059472444
972 2016/1/16 15 9 7.451 -2.02546 -0.00424112
973 2016/1/16 15 9 7.485 -2.015352 -0.131713607
974 2016/1/16 15 9 7.517 -2.014202 0.072888899
975 2016/1/16 15 9 7.55 -2.010394 -0.037058943
976 2016/1/16 15 9 7.584 -2.035689 -0.061011048
977 2016/1/16 15 9 7.619 -2.038434 0.014886538
978 2016/1/16 15 9 7.65 -2.021203 -0.061651879
979 2016/1/16 15 9 7.683 -2.043226 0.073123576
980 2016/1/16 15 9 7.716 -2.027739 0.04093903
981 2016/1/16 15 9 7.752 -2.043228 0.001481716
982 2016/1/16 15 9 7.784 -2.012929 -0.031292398
983 2016/1/16 15 9 7.816 -2.005483 0.028448667
984 2016/1/16 15 9 7.853 -1.994312 0.005193298
985 2016/1/16 15 9 7.883 -1.994372 -0.055030963
986 2016/1/16 15 9 7.917 -2.001352 -0.035105563
987 2016/1/16 15 9 7.95 -1.990327 0.024201082
988 2016/1/16 15 9 7.984 -1.987722 -0.024630492
989 2016/1/16 15 9 8.016 -2.007644 0.004690691
990 2016/1/16 15 9 8.05 -1.986664 0.010553022
991 2016/1/16 15 9 8.084 -1.983452 -0.011719051
992 2016/1/16 15 9 8.116 -1.984313 -0.070964273
993 2016/1/16 15 9 8.151 -2.023047 0.005718261
994 2016/1/16 15 9 8.183 -2.001344 0.1323206
995 2016/1/16 15 9 8.216 -1.985537 0.002088905
996 2016/1/16 15 9 8.255 -2.016445 0.031754267
997 2016/1/16 15 9 8.283 -2.017644 -0.053056218
998 2016/1/16 15 9 8.316 -2.040549 0.115902151
999 2016/1/16 15 9 8.351 -2.024515 0.132013131
1000 2016/1/16 15 9 8.382 -2.048631 0.023427324
1001 2016/1/16 15 9 8.416 -2.021922 -0.079536056
1002 2016/1/16 15 9 8.449 -2.022951 -0.032180195
1003 2016/1/16 15 9 8.484 -2.037269 0.04551076
1004 2016/1/16 15 9 8.516 -2.030452 -0.083670552
1005 2016/1/16 15 9 8.55 -2.021189 0.03271102
1006 2016/1/16 15 9 8.583 -2.033051 -0.003513248
1007 2016/1/16 15 9 8.617 -2.039523 0.015265479
1008 2016/1/16 15 9 8.65 -2.015648 -0.003741803
1009 2016/1/16 15 9 8.683 -2.013387 -0.040766345
1010 2016/1/16 15 9 8.716 -2.01596 -0.018345653
1011 2016/1/16 15 9 8.751 -2.033312 0.014501398
1012 2016/1/16 15 9 8.784 -2.019349 0.031181261
1013 2016/1/16 15 9 8.817 -1.995794 0.030124806
1014 2016/1/16 15 9 8.851 -1.996128 -0.03610817
1015 2016/1/16 15 9 8.883 -2.005491 -0.12558062
1016 2016/1/16 15 9 8.916 -1.993445 0.009798419
1017 2016/1/16 15 9 8.952 -1.997986 0.032479448
1018 2016/1/16 15 9 8.983 -1.979023 0.002849768
1019 2016/1/16 15 9 9.017 -1.984275 -0.017363005
1020 2016/1/16 15 9 9.05 -1.982477 0.15105008
1021 2016/1/16 15 9 9.084 -1.979439 0.012457086
1022 2016/1/16 15 9 9.117 -1.969353 -0.063736666
1023 2016/1/16 15 9 9.15 -1.947358 0.000213633
1024 2016/1/16 15 9 9.183 -1.968236 0.022420568
1025 2016/1/16 15 9 9.216 -1.977357 -0.033065696
1026 2016/1/16 15 9 9.25 -1.983562 -0.139051748
1027 2016/1/16 15 9 9.283 -1.967337 -0.066518276
1028 2016/1/16 15 9 9.316 -1.96654 0.069302798
1029 2016/1/16 15 9 9.35 -1.981023 -0.020883495
1030 2016/1/16 15 9 9.383 -1.984315 0.197573
1031 2016/1/16 15 9 9.416 -1.969719 -0.213647
1032 2016/1/16 15 9 9.45 -1.9666 -0.207411
1033 2016/1/16 15 9 9.484 -1.968568 -0.209704
1034 2016/1/16 15 9 9.518 -1.985971 -0.220868
1035 2016/1/16 15 9 9.549 -1.982517 -0.23394
1036 2016/1/16 15 9 9.584 -1.984468 -0.215231
1037 2016/1/16 15 9 9.617 -1.990685 -0.201823
1038 2016/1/16 15 9 9.649 -1.999276 -0.196416
1039 2016/1/16 15 9 9.683 -1.99931 -0.192607
1040 2016/1/16 15 9 9.716 -2.132896 -0.127759
1041 2016/1/16 15 9 9.751 -1.931416 -2.267058
1042 2016/1/16 15 9 9.783 -2.443028 -1.43868
1043 2016/1/16 15 9 9.816 -2.482234 -0.535457
1044 2016/1/16 15 9 9.85 -2.235281 -0.510915
1045 2016/1/16 15 9 9.884 -2.5178 2.266411
1046 2016/1/16 15 9 9.916 -2.22718 -0.981987
1047 2016/1/16 15 9 9.95 -2.785997 2.828177
1048 2016/1/16 15 9 9.983 -2.235647 -2.105557
1049 2016/1/16 15 9 10.019 -2.59215 1.773696
1050 2016/1/16 15 9 10.049 -2.401681 -0.594456
1051 2016/1/16 15 9 10.084 -2.534605 0.654314
1052 2016/1/16 15 9 10.116 -2.471525 0.97413
1053 2016/1/16 15 9 10.15 -2.407569 0.24682
1054 2016/1/16 15 9 10.182 -2.476511 0.010843
1055 2016/1/16 15 9 10.216 -2.523365 -0.130575
1056 2016/1/16 15 9 10.25 -2.477845 -0.550648
1057 2016/1/16 15 9 10.283 -2.547164 1.011273
1058 2016/1/16 15 9 10.316 -2.43652 0.341176
1059 2016/1/16 15 9 10.35 -2.498689 0.621319
1060 2016/1/16 15 9 10.383 -2.563026 0.116942
1061 2016/1/16 15 9 10.416 -2.551454 -0.51652
1062 2016/1/16 15 9 10.45 -2.609039 -0.030898
1063 2016/1/16 15 9 10.483 -2.510073 0.267435
1064 2016/1/16 15 9 10.519 -2.449532 0.516208
1065 2016/1/16 15 9 10.55 -2.560008 0.735524
1066 2016/1/16 15 9 10.583 -2.5547 0.013489
1067 2016/1/16 15 9 10.617 -2.519096 -0.365824
1068 2016/1/16 15 9 10.65 -2.601744 -0.157482
1069 2016/1/16 15 9 10.683 -2.518798 0.000364
1070 2016/1/16 15 9 10.716 -2.583888 0.52476
1071 2016/1/16 15 9 10.75 -2.599543 0.584738
1072 2016/1/16 15 9 10.787 -2.536573 0.092252
1073 2016/1/16 15 9 10.82 -2.539445 0.039675
1074 2016/1/16 15 9 10.852 -2.581687 -0.162975
1075 2016/1/16 15 9 10.883 -2.586973 0.028379
1076 2016/1/16 15 9 10.916 -2.595406 0.553479
1077 2016/1/16 15 9 10.95 -2.542655 0.493185
1078 2016/1/16 15 9 10.983 -2.520019 0.293133
1079 2016/1/16 15 9 11.019 -2.564966 0.017007
1080 2016/1/16 15 9 11.05 -2.62645 -0.341284
1081 2016/1/16 15 9 11.083 -2.633805 -0.207049
1082 2016/1/16 15 9 11.117 -2.602511 0.067337
1083 2016/1/16 15 9 11.15 -2.534981 0.320176
1084 2016/1/16 15 9 11.182 -2.527997 0.429182
1085 2016/1/16 15 9 11.216 -2.547565 0.14144
1086 2016/1/16 15 9 11.253 -2.575337 -0.071214
1087 2016/1/16 15 9 11.283 -2.573721 0.030201
1088 2016/1/16 15 9 11.316 -2.557617 0.310893
1089 2016/1/16 15 9 11.349 -2.561638 0.486729
1090 2016/1/16 15 9 11.383 -2.571004 0.449121
1091 2016/1/16 15 9 11.416 -2.566679 0.133344
1092 2016/1/16 15 9 11.45 -2.612761 -0.265465
1093 2016/1/16 15 9 11.483 -2.617293 -0.261726
1094 2016/1/16 15 9 11.519 -2.600714 0.002469
1095 2016/1/16 15 9 11.549 -2.557876 0.302809
1096 2016/1/16 15 9 11.583 -2.609163 0.411745
1097 2016/1/16 15 9 11.616 -2.585213 0.124423
1098 2016/1/16 15 9 11.651 -2.60335 -0.18175
1099 2016/1/16 15 9 11.683 -2.623186 -0.257205
1100 2016/1/16 15 9 11.716 -2.599054 -0.052603
1101 2016/1/16 15 9 11.75 -2.608338 0.251768
1102 2016/1/16 15 9 11.784 -2.571186 0.368608
1103 2016/1/16 15 9 11.816 -2.591637 0.160582
1104 2016/1/16 15 9 11.85 -2.591535 -0.113005
1105 2016/1/16 15 9 11.883 -2.586223 -0.163453
1106 2016/1/16 15 9 11.916 -2.60188 0.046555
1107 2016/1/16 15 9 11.949 -2.574404 0.252973
1108 2016/1/16 15 9 11.983 -2.565601 0.325609
1109 2016/1/16 15 9 12.018 -2.571498 0.203004
1110 2016/1/16 15 9 12.049 -2.591425 -0.032096
1111 2016/1/16 15 9 12.083 -2.608492 -0.205357
1112 2016/1/16 15 9 12.116 -2.613997 -0.129686
1113 2016/1/16 15 9 12.15 -2.594821 0.103369
1114 2016/1/16 15 9 12.183 -2.537735 0.333785
1115 2016/1/16 15 9 12.216 -2.542867 0.306177
1116 2016/1/16 15 9 12.25 -2.587803 0.057385
1117 2016/1/16 15 9 12.284 -2.601081 -0.12664
1118 2016/1/16 15 9 12.316 -2.61867 -0.123895
1119 2016/1/16 15 9 12.349 -2.565293 0.076154
1120 2016/1/16 15 9 12.383 -2.584356 0.244807
1121 2016/1/16 15 9 12.418 -2.575061 0.197395
1122 2016/1/16 15 9 12.45 -2.623943 -0.032632
1123 2016/1/16 15 9 12.483 -2.637029 -0.188036
1124 2016/1/16 15 9 12.517 -2.637612 -0.11353
1125 2016/1/16 15 9 12.55 -2.60193 0.150089
1126 2016/1/16 15 9 12.584 -2.584376 0.342952
1127 2016/1/16 15 9 12.616 -2.559582 0.359903
1128 2016/1/16 15 9 12.65 -2.559638 0.240526
1129 2016/1/16 15 9 12.683 -2.573671 0.041912
1130 2016/1/16 15 9 12.716 -2.58396 0.040071
1131 2016/1/16 15 9 12.751 -2.590636 0.244765
1132 2016/1/16 15 9 12.783 -2.579853 0.435156
1133 2016/1/16 15 9 12.816 -2.551157 0.507957
1134 2016/1/16 15 9 12.849 -2.547533 0.446808
1135 2016/1/16 15 9 12.883 -2.564802 0.275201
1136 2016/1/16 15 9 12.917 -2.567512 0.147482
1137 2016/1/16 15 9 12.95 -2.572832 0.187911
1138 2016/1/16 15 9 12.983 -2.552189 0.349528
1139 2016/1/16 15 9 13.017 -2.561518 0.410996
1140 2016/1/16 15 9 13.049 -2.57747 0.270143
1141 2016/1/16 15 9 13.083 -2.608532 0.017055
1142 2016/1/16 15 9 13.116 -2.61845 -0.140563
1143 2016/1/16 15 9 13.151 -2.627473 -0.056968
1144 2016/1/16 15 9 13.183 -2.594643 0.139406
1145 2016/1/16 15 9 13.216 -2.608056 0.278693
1146 2016/1/16 15 9 13.249 -2.590672 0.164601
1147 2016/1/16 15 9 13.284 -2.626516 -0.019508
1148 2016/1/16 15 9 13.316 -2.623663 -0.097656
1149 2016/1/16 15 9 13.35 -2.608226 0.04875
1150 2016/1/16 15 9 13.383 -2.582172 0.211985
1151 2016/1/16 15 9 13.416 -2.565519 0.288317
1152 2016/1/16 15 9 13.45 -2.575009 0.275555
1153 2016/1/16 15 9 13.483 -2.576981 0.177028
1154 2016/1/16 15 9 13.516 -2.599673 0.103079
1155 2016/1/16 15 9 13.55 -2.600943 0.168153
1156 2016/1/16 15 9 13.583 -2.601255 0.274496
1157 2016/1/16 15 9 13.616 -2.619866 0.369917
1158 2016/1/16 15 9 13.65 -2.586941 0.322069
1159 2016/1/16 15 9 13.683 -2.56308 0.195657
1160 2016/1/16 15 9 13.716 -2.563058 0.112046
1161 2016/1/16 15 9 13.749 -2.58122 0.078214
1162 2016/1/16 15 9 13.785 -2.582374 0.16424
1163 2016/1/16 15 9 13.816 -2.571997 0.270699
1164 2016/1/16 15 9 13.85 -2.546025 0.278631
1165 2016/1/16 15 9 13.884 -2.5632 0.19206
1166 2016/1/16 15 9 13.916 -2.573609 0.084019
1167 2016/1/16 15 9 13.949 -2.599235 0.028115
1168 2016/1/16 15 9 13.983 -2.582939 0.065461
1169 2016/1/16 15 9 14.017 -2.565701 0.132025
1170 2016/1/16 15 9 14.05 -2.590618 0.178069
1171 2016/1/16 15 9 14.083 -2.572361 0.114669
1172 2016/1/16 15 9 14.116 -2.589158 -0.030333
1173 2016/1/16 15 9 14.15 -2.598215 -0.070138
1174 2016/1/16 15 9 14.183 -2.595804 -0.022027
1175 2016/1/16 15 9 14.215 -2.603995 0.08768
1176 2016/1/16 15 9 14.249 -2.576326 0.198496
1177 2016/1/16 15 9 14.283 -2.573267 0.107104
1178 2016/1/16 15 9 14.316 -2.59264 -0.026547
1179 2016/1/16 15 9 14.349 -2.6243 -0.101115
1180 2016/1/16 15 9 14.383 -2.5828 0.035119
1181 2016/1/16 15 9 14.417 -2.592562 0.165574
1182 2016/1/16 15 9 14.449 -2.588205 0.165504
1183 2016/1/16 15 9 14.483 -2.617653 0.027822
1184 2016/1/16 15 9 14.517 -2.6033 -0.043578
1185 2016/1/16 15 9 14.55 -2.571525 -0.054205
1186 2016/1/16 15 9 14.583 -2.579614 0.013989
1187 2016/1/16 15 9 14.616 -2.615409 0.050272
1188 2016/1/16 15 9 14.65 -2.597044 0.012549
1189 2016/1/16 15 9 14.683 -2.622165 -0.142622
1190 2016/1/16 15 9 14.716 -2.621122 -0.214957
1191 2016/1/16 15 9 14.749 -2.62783 -0.274973
1192 2016/1/16 15 9 14.784 -2.638625 -0.226339
1193 2016/1/16 15 9 14.816 -2.628703 -0.107118
1194 2016/1/16 15 9 14.849 -2.620999 -0.039517
1195 2016/1/16 15 9 14.883 -2.620158 -0.065521
1196 2016/1/16 15 9 14.916 -2.613959 -0.094196
1197 2016/1/16 15 9 14.949 -2.636789 -0.151887
1198 2016/1/16 15 9 14.983 -2.642834 -0.120807
1199 2016/1/16 15 9 15.016 -2.626464 -0.053634
1200 2016/1/16 15 9 15.05 -2.6347 0.012607
1201 2016/1/16 15 9 15.083 -2.643573 0.025333
1202 2016/1/16 15 9 15.116 -2.62622 -0.020569
1203 2016/1/16 15 9 15.152 -2.633557 -0.0418
1204 2016/1/16 15 9 15.183 -2.640644 -0.060286838
1205 2016/1/16 15 9 15.216 -2.58412 0.028555592
1206 2016/1/16 15 9 15.249 -2.587811 0.034190328
1207 2016/1/16 15 9 15.283 -2.578071 0.057298718
1208 2016/1/16 15 9 15.316 -2.567081 0.014253812
1209 2016/1/16 15 9 15.349 -2.555124 -0.002351396
1210 2016/1/16 15 9 15.383 -2.569862 -0.004968728
1211 2016/1/16 15 9 15.418 -2.568397 0.017516541
1212 2016/1/16 15 9 15.45 -2.60359 0.105911391
1213 2016/1/16 15 9 15.483 -2.558955 -0.062656102
1214 2016/1/16 15 9 15.516 -2.544571 -0.058449082
1215 2016/1/16 15 9 15.55 -2.600298 0.068164715
1216 2016/1/16 15 9 15.583 -2.573887 -0.02580936
1217 2016/1/16 15 9 15.616 -2.598033 0.024861007
1218 2016/1/16 15 9 15.649 -2.587498 -0.032534401
1219 2016/1/16 15 9 15.682 -2.635343 0.047033943
1220 2016/1/16 15 9 15.715 -2.6115 0.015135996
1221 2016/1/16 15 9 15.749 -2.620233 0.044735944
1222 2016/1/16 15 9 15.791 -2.632193 -0.067560328
1223 2016/1/16 15 9 15.824 -2.634532 0.039219312
1224 2016/1/16 15 9 15.848 -2.617974 -0.056052684
1225 2016/1/16 15 9 15.883 -2.631168 -0.088878836
1226 2016/1/16 15 9 15.916 -2.614025 -0.06151595
1227 2016/1/16 15 9 15.95 -2.636953 0.036660202
1228 2016/1/16 15 9 15.983 -2.633523 -0.009526355
1229 2016/1/16 15 9 16.017 -2.656499 0.011843607
1230 2016/1/16 15 9 16.05 -2.622091 -0.036599379
1231 2016/1/16 15 9 16.083 -2.612998 -0.032426038
1232 2016/1/16 15 9 16.116 -2.66068 0.01228495
1233 2016/1/16 15 9 16.15 -2.646527 0.019906436
1234 2016/1/16 15 9 16.183 -2.620879 -0.017097013
1235 2016/1/16 15 9 16.216 -2.627662 -0.025085818
1236 2016/1/16 15 9 16.25 -2.625817 0.011610305
1237 2016/1/16 15 9 16.284 -2.627599 0.007151684
1238 2016/1/16 15 9 16.316 -2.604353 0.061766429
1239 2016/1/16 15 9 16.349 -2.613408 0.078492117
1240 2016/1/16 15 9 16.383 -2.618731 -0.031876674
1241 2016/1/16 15 9 16.418 -2.616169 -0.01950573
1242 2016/1/16 15 9 16.45 -2.583121 0.032773493
1243 2016/1/16 15 9 16.483 -2.583874 0.080803268
1244 2016/1/16 15 9 16.518 -2.584274 -0.034808522
1245 2016/1/16 15 9 16.551 -2.605366 -0.032417433
1246 2016/1/16 15 9 16.584 -2.591011 0.056832217
1247 2016/1/16 15 9 16.616 -2.545937 0.075169296
1248 2016/1/16 15 9 16.652 -2.549728 0.021976191
1249 2016/1/16 15 9 16.683 -2.544864 -0.035762077
1250 2016/1/16 15 9 16.717 -2.557898 0.007161638
1251 2016/1/16 15 9 16.749 -2.593836 0.01825315
1252 2016/1/16 15 9 16.783 -2.603099 0.019464804
1253 2016/1/16 15 9 16.817 -2.599074 -0.007545735
1254 2016/1/16 15 9 16.85 -2.571336 -0.025697668
1255 2016/1/16 15 9 16.883 -2.59876 -0.032708969
1256 2016/1/16 15 9 16.916 -2.584312 -0.002865232
1257 2016/1/16 15 9 16.949 -2.580017 -0.006955096
1258 2016/1/16 15 9 16.984 -2.582428 -0.013003232
1259 2016/1/16 15 9 17.016 -2.563693 -0.037392052
1260 2016/1/16 15 9 17.05 -2.564546 -0.011975756
1261 2016/1/16 15 9 17.083 -2.572279 -0.005845206
1262 2016/1/16 15 9 17.116 -2.55496 -0.002730199
1263 2016/1/16 15 9 17.149 -2.591143 -0.022490073
1264 2016/1/16 15 9 17.183 -2.619209 -0.016719133
1265 2016/1/16 15 9 17.216 -2.652634 0.027258183
1266 2016/1/16 15 9 17.251 -2.6229 -0.001409038
1267 2016/1/16 15 9 17.283 -2.633633 0.013676177
1268 2016/1/16 15 9 17.316 -2.644547 -0.003900787
1269 2016/1/16 15 9 17.349 -2.630253 0.002753004
1270 2016/1/16 15 9 17.384 -2.635844 -0.022134482
1271 2016/1/16 15 9 17.416 -2.628853 0.004984842
1272 2016/1/16 15 9 17.449 -2.620263 0.049616497
1273 2016/1/16 15 9 17.483 -2.608574 -0.049513277
1274 2016/1/16 15 9 17.515 -2.614337 0.023350295
1275 2016/1/16 15 9 17.55 -2.603168 -0.011582925
1276 2016/1/16 15 9 17.582 -2.638911 0.041036092
1277 2016/1/16 15 9 17.616 -2.645223 0.000720171
1278 2016/1/16 15 9 17.652 -2.639294 -0.014221659
1279 2016/1/16 15 9 17.683 -2.621496 0.018857257
1280 2016/1/16 15 9 17.716 -2.625565 -0.032283292
1281 2016/1/16 15 9 17.749 -2.645197 0.039823293
1282 2016/1/16 15 9 17.782 -2.627285 -0.005361533
1283 2016/1/16 15 9 17.816 -2.647144 -0.061653517
1284 2016/1/16 15 9 17.849 -2.629628 0.031669932
1285 2016/1/16 15 9 17.883 -2.655466 0.004674662
1286 2016/1/16 15 9 17.917 -2.647548 -0.024277616
1287 2016/1/16 15 9 17.95 -2.627664 -0.043954273
1288 2016/1/16 15 9 17.983 -2.632155 -0.032305972
1289 2016/1/16 15 9 18.016 -2.614387 -0.019769742
1290 2016/1/16 15 9 18.051 -2.595446 -0.02160135
1291 2016/1/16 15 9 18.082 -2.600066 -0.009337055
1292 2016/1/16 15 9 18.117 -2.616013 0.013015971
1293 2016/1/16 15 9 18.151 -2.618436 0.005797675
1294 2016/1/16 15 9 18.183 -2.627161 -0.004963739
1295 2016/1/16 15 9 18.215 -2.643393 0.02773676
1296 2016/1/16 15 9 18.249 -2.642185 0.023526507
1297 2016/1/16 15 9 18.282 -2.652042 0.02331763
1298 2016/1/16 15 9 18.317 -2.66063 0.010440417
1299 2016/1/16 15 9 18.349 -2.669551 -0.000796099
1300 2016/1/16 15 9 18.383 -2.650452 -0.015907036
1301 2016/1/16 15 9 18.417 -2.648665 0.008716096
1302 2016/1/16 15 9 18.45 -2.68975 0.04286523
1303 2016/1/16 15 9 18.482 -2.650424 -0.012954569
1304 2016/1/16 15 9 18.515 -2.61168 0.020737377
1305 2016/1/16 15 9 18.551 -2.636442 0.01497772
1306 2016/1/16 15 9 18.582 -2.61297 0.005499385
1307 2016/1/16 15 9 18.616 -2.623471 0.00575734
1308 2016/1/16 15 9 18.649 -2.629938 0.045740936
1309 2016/1/16 15 9 18.682 -2.622249 0.003631444
1310 2016/1/16 15 9 18.716 -2.617439 -0.054834358
1311 2016/1/16 15 9 18.749 -2.658037 -0.010432985
1312 2016/1/16 15 9 18.782 -2.6218 -0.01713312
1313 2016/1/16 15 9 18.816 -2.625677 0.014582268
1314 2016/1/16 15 9 18.849 -2.629488 -0.002342629
1315 2016/1/16 15 9 18.883 -2.627185 -0.02304046
1316 2016/1/16 15 9 18.916 -2.615355 0.001377125
1317 2016/1/16 15 9 18.949 -2.612933 -0.022118128
1318 2016/1/16 15 9 18.982 -2.597755 0.010010453
1319 2016/1/16 15 9 19.017 -2.605843 -0.002376616
1320 2016/1/16 15 9 19.05 -2.609277 0.003252405
1321 2016/1/16 15 9 19.082 -2.618827 0.013599005
1322 2016/1/16 15 9 19.115 -2.618548 -0.011366329
1323 2016/1/16 15 9 19.149 -2.604788 -0.007553912
1324 2016/1/16 15 9 19.182 -2.66224 0.004612282
1325 2016/1/16 15 9 19.216 -2.642067 0.004509551
1326 2016/1/16 15 9 19.249 -2.652286 0.030474243
1327 2016/1/16 15 9 19.283 -2.631572 0.02110067
1328 2016/1/16 15 9 19.315 -2.612415 -0.011119515
1329 2016/1/16 15 9 19.349 -2.609209 -0.017777289
1330 2016/1/16 15 9 19.382 -2.632578 0.004312557
1331 2016/1/16 15 9 19.417 -2.68623 0.024633684
1332 2016/1/16 15 9 19.449 -2.709627 0.027350289
1333 2016/1/16 15 9 19.482 -2.70245 0.031216472
1334 2016/1/16 15 9 19.516 -2.676608 0.012684832
1335 2016/1/16 15 9 19.549 -2.644903 0.008892586
1336 2016/1/16 15 9 19.582 -2.628176 -0.009072876
1337 2016/1/16 15 9 19.616 -2.588557 -0.003480072
1338 2016/1/16 15 9 19.649 -2.608862 -0.002104613
1339 2016/1/16 15 9 19.683 -2.639252 -0.019170997
1340 2016/1/16 15 9 19.716 -2.593762 -0.002521222
1341 2016/1/16 15 9 19.749 -2.594991 0.007090225
1342 2016/1/16 15 9 19.782 -2.611596 -0.001257847
1343 2016/1/16 15 9 19.816 -2.651287 0.000271708
1344 2016/1/16 15 9 19.849 -2.623949 0.027757834
1345 2016/1/16 15 9 19.882 -2.602621 0.006884813
1346 2016/1/16 15 9 19.917 -2.606211 -0.001183083
1347 2016/1/16 15 9 19.949 -2.603812 -0.008465066
1348 2016/1/16 15 9 19.982 -2.596135 0.003569437
1349 2016/1/16 15 9 20.016 -2.619922 0.026121128
1350 2016/1/16 15 9 20.05 -2.630295 -0.013421792
1351 2016/1/16 15 9 20.084 -2.571486 -0.021663297
1352 2016/1/16 15 9 20.116 -2.616426 -0.001830644
1353 2016/1/16 15 9 20.149 -2.641008 -0.005671259
1354 2016/1/16 15 9 20.182 -2.668954 0.040751606
1355 2016/1/16 15 9 20.215 -2.691014 -0.034299998
1356 2016/1/16 15 9 20.249 -2.72387 0.006912098
1357 2016/1/16 15 9 20.282 -2.701352 -0.02239461
1358 2016/1/16 15 9 20.316 -2.699256 -0.010230645
1359 2016/1/16 15 9 20.349 -2.691254 -0.01657453
1360 2016/1/16 15 9 20.383 -2.673572 -0.03360685
1361 2016/1/16 15 9 20.416 -2.710856 -0.008083864
1362 2016/1/16 15 9 20.449 -2.682801 0.011509277
1363 2016/1/16 15 9 20.482 -2.685307 -0.010165141
1364 2016/1/16 15 9 20.516 -2.695615 0.019089085
1365 2016/1/16 15 9 20.549 -2.684301 -0.00625132
1366 2016/1/16 15 9 20.583 -2.691044 0.017094793
1367 2016/1/16 15 9 20.616 -2.698169 -0.039039359
1368 2016/1/16 15 9 20.649 -2.706322 -0.001885477
1369 2016/1/16 15 9 20.683 -2.687701 -0.024916367
1370 2016/1/16 15 9 20.716 -2.672845 -0.001093459
1371 2016/1/16 15 9 20.749 -2.694118 -0.014883529
1372 2016/1/16 15 9 20.786 -2.696382 -0.007191961
1373 2016/1/16 15 9 20.819 -2.69975 0.005404369
1374 2016/1/16 15 9 20.854 -2.69279 -0.002242921
1375 2016/1/16 15 9 20.883 -2.700051 0.013821399
1376 2016/1/16 15 9 20.916 -2.718315 -0.000135037
1377 2016/1/16 15 9 20.949 -2.715908 0.009825731
1378 2016/1/16 15 9 20.983 -2.699226 0.011232729
1379 2016/1/16 15 9 21.016 -2.724267 -0.012722835
1380 2016/1/16 15 9 21.049 -2.735917 0.00328041
1381 2016/1/16 15 9 21.084 -2.718349 0.017078691
1382 2016/1/16 15 9 21.115 -2.732311 -0.007106961
1383 2016/1/16 15 9 21.149 -2.743654 -0.01810678
1384 2016/1/16 15 9 21.182 -2.710446 0.006370702
1385 2016/1/16 15 9 21.216 -2.707326 -0.006579814
1386 2016/1/16 15 9 21.25 -2.722272 -0.004473234
1387 2016/1/16 15 9 21.282 -2.713559 0.010132368
1388 2016/1/16 15 9 21.316 -2.684209 0.000309154
1389 2016/1/16 15 9 21.349 -2.694624 -0.00992038
1390 2016/1/16 15 9 21.383 -2.688881 -0.005770038
1391 2016/1/16 15 9 21.415 -2.710798 0.003886218
1392 2016/1/16 15 9 21.449 -2.71057 0.007409806
1393 2016/1/16 15 9 21.482 -2.708541 -0.020084355
1394 2016/1/16 15 9 21.517 -2.709689 0.002814282
1395 2016/1/16 15 9 21.549 -2.722863 0.009605244
1396 2016/1/16 15 9 21.584 -2.699069 -0.003753494
1397 2016/1/16 15 9 21.615 -2.729715 0.002837094
1398 2016/1/16 15 9 21.65 -2.725762 0.000731688
1399 2016/1/16 15 9 21.683 -2.72546 -0.009905312
1400 2016/1/16 15 9 21.715 -2.729793 -0.007277733
1401 2016/1/16 15 9 21.749 -2.710574 0.004086932
1402 2016/1/16 15 9 21.782 -2.684726 0.015406105
1403 2016/1/16 15 9 21.816 -2.69574 -0.011069333
1404 2016/1/16 15 9 21.849 -2.698469 0.014803121
1405 2016/1/16 15 9 21.882 -2.694408 0.016461832
1406 2016/1/16 15 9 21.916 -2.691286 0.009748089
1407 2016/1/16 15 9 21.95 -2.680104 -0.009524918
1408 2016/1/16 15 9 21.982 -2.664083 -0.011645957
1409 2016/1/16 15 9 22.016 -2.681218 0.010194641
1410 2016/1/16 15 9 22.049 -2.675533 -0.005351087
1411 2016/1/16 15 9 22.082 -2.707418 -0.008874522
1412 2016/1/16 15 9 22.115 -2.712018 -0.008213651
1413 2016/1/16 15 9 22.149 -2.680651 -0.004877871
1414 2016/1/16 15 9 22.182 -2.681864 -0.005741281
1415 2016/1/16 15 9 22.216 -2.686023 0.003757239
1416 2016/1/16 15 9 22.249 -2.678326 0.008659393
1417 2016/1/16 15 9 22.282 -2.701621 0.001487108
1418 2016/1/16 15 9 22.316 -2.67337 0.009611382
1419 2016/1/16 15 9 22.349 -2.671602 0.003505774
1420 2016/1/16 15 9 22.383 -2.659375 0.011575306
1421 2016/1/16 15 9 22.415 -2.649118 -0.007196633
1422 2016/1/16 15 9 22.449 -2.628885 0.006275629
1423 2016/1/16 15 9 22.482 -2.617932 8.42E-05
1424 2016/1/16 15 9 22.516 -2.633665 0.011445846
1425 2016/1/16 15 9 22.549 -2.615362 0.000191538
1426 2016/1/16 15 9 22.583 -2.635844 -0.006552892
1427 2016/1/16 15 9 22.616 -2.627738 0.005863476
1428 2016/1/16 15 9 22.649 -2.644747 -0.005661258
1429 2016/1/16 15 9 22.682 -2.639534 -0.018955715
1430 2016/1/16 15 9 22.716 -2.643073 -0.010239857
1431 2016/1/16 15 9 22.749 -2.629786 -0.004272859
1432 2016/1/16 15 9 22.803 -2.636551 0.007495528
1433 2016/1/16 15 9 22.823 -2.628829 0.00902661
1434 2016/1/16 15 9 22.849 -2.619211 0.013564944
1435 2016/1/16 15 9 22.883 -2.617083 0.024331741
1436 2016/1/16 15 9 22.916 -2.641451 0.006112774
1437 2016/1/16 15 9 22.951 -2.622602 -0.004116626
1438 2016/1/16 15 9 22.983 -2.622741 0.001563277
1439 2016/1/16 15 9 23.016 -2.644901 0.004057372
1440 2016/1/16 15 9 23.05 -2.643797 0.002490916
1441 2016/1/16 15 9 23.082 -2.658724 0.020839177
1442 2016/1/16 15 9 23.116 -2.642967 0.013191265
1443 2016/1/16 15 9 23.149 -2.61025 -0.0008546
1444 2016/1/16 15 9 23.182 -2.622107 -0.001343856
1445 2016/1/16 15 9 23.216 -2.607675 -0.010430848
1446 2016/1/16 15 9 23.249 -2.613652 0.007954761
1447 2016/1/16 15 9 23.282 -2.606115 -0.010587611
1448 2016/1/16 15 9 23.315 -2.616143 0.00777282
1449 2016/1/16 15 9 23.35 -2.629358 0.013332787
1450 2016/1/16 15 9 23.382 -2.623274 -0.002119059
1451 2016/1/16 15 9 23.416 -2.604986 -0.004725387
1452 2016/1/16 15 9 23.449 -2.611784 0.012880408
1453 2016/1/16 15 9 23.482 -2.619936 -0.004947328
1454 2016/1/16 15 9 23.515 -2.635664 0.006441968
1455 2016/1/16 15 9 23.549 -2.626815 0.00031913
1456 2016/1/16 15 9 23.583 -2.613356 0.007179697
1457 2016/1/16 15 9 23.616 -2.634768 0.019896932
1458 2016/1/16 15 9 23.649 -2.675653 0.011533433
1459 2016/1/16 15 9 23.683 -2.660556 -0.00840911
1460 2016/1/16 15 9 23.716 -2.68994 -0.011081532
1461 2016/1/16 15 9 23.749 -2.669193 0.00434147
1462 2016/1/16 15 9 23.782 -2.675252 0.008493388
1463 2016/1/16 15 9 23.816 -2.654947 0.018218589
1464 2016/1/16 15 9 23.85 -2.624932 -0.000847235
1465 2016/1/16 15 9 23.882 -2.614718 0.008221087
1466 2016/1/16 15 9 23.916 -2.59902 0.004762041
1467 2016/1/16 15 9 23.95 -2.614802 0.007536701
1468 2016/1/16 15 9 23.982 -2.590348 -0.007390372
1469 2016/1/16 15 9 24.016 -2.633711 0.020953659
1470 2016/1/16 15 9 24.049 -2.629069 -0.005081491
1471 2016/1/16 15 9 24.082 -2.67317 -0.019900899
1472 2016/1/16 15 9 24.115 -2.671355 0.009110808
1473 2016/1/16 15 9 24.149 -2.643605 0.002217993
1474 2016/1/16 15 9 24.182 -2.645085 -0.005027851
1475 2016/1/16 15 9 24.216 -2.652937 0.000687843
1476 2016/1/16 15 9 24.249 -2.669671 -0.001150845
1477 2016/1/16 15 9 24.282 -2.68817 -0.00221905
1478 2016/1/16 15 9 24.315 -2.664773 0.019504646
1479 2016/1/16 15 9 24.35 -2.647048 -0.002658326
1480 2016/1/16 15 9 24.382 -2.6425 0.00818899
1481 2016/1/16 15 9 24.415 -2.628184 -0.002241901
1482 2016/1/16 15 9 24.449 -2.621039 -0.004111419
1483 2016/1/16 15 9 24.482 -2.675677 -0.00447634
1484 2016/1/16 15 9 24.515 -2.671606 0.008650836
1485 2016/1/16 15 9 24.549 -2.686638 0.009791804
1486 2016/1/16 15 9 24.584 -2.65836 -0.003378786
1487 2016/1/16 15 9 24.615 -2.673676 -0.001512974
1488 2016/1/16 15 9 24.649 -2.686821 -0.004569027
1489 2016/1/16 15 9 24.683 -2.699082 -0.007494263
1490 2016/1/16 15 9 24.716 -2.64876 -0.012441591
1491 2016/1/16 15 9 24.749 -2.589412 -0.006852078
1492 2016/1/16 15 9 24.782 -2.575133 -0.000379227
1493 2016/1/16 15 9 24.816 -2.625074 0.001149133
1494 2016/1/16 15 9 24.85 -2.66206 0.009159093
1495 2016/1/16 15 9 24.882 -2.633449 0.001326751
1496 2016/1/16 15 9 24.915 -2.615659 0.002430397
1497 2016/1/16 15 9 24.949 -2.596519 0.004079399
1498 2016/1/16 15 9 24.983 -2.594401 -0.001511307
1499 2016/1/16 15 9 25.016 -2.610302 0.015781048
1500 2016/1/16 15 9 25.049 -2.625855 -0.002471561
1501 2016/1/16 15 9 25.083 -2.622329 0.007146904
1502 2016/1/16 15 9 25.116 -2.620933 -0.004836259
1503 2016/1/16 15 9 25.149 -2.657002 -0.015345402
1504 2016/1/16 15 9 25.183 -2.664463 -0.007400961
1505 2016/1/16 15 9 25.216 -2.728592 -0.003999282
1506 2016/1/16 15 9 25.249 -2.72884 0.001884563
1507 2016/1/16 15 9 25.282 -2.71687 -0.006272768
1508 2016/1/16 15 9 25.315 -2.701707 0.010783707
1509 2016/1/16 15 9 25.349 -2.701933 0.018486608
1510 2016/1/16 15 9 25.383 -2.697712 -0.004418616
1511 2016/1/16 15 9 25.415 -2.682415 0.003406939
1512 2016/1/16 15 9 25.449 -2.678977 -0.008707691
1513 2016/1/16 15 9 25.483 -2.690113 -0.025652354
1514 2016/1/16 15 9 25.516 -2.656109 0.004227655
1515 2016/1/16 15 9 25.549 -2.66353 0.01153913
1516 2016/1/16 15 9 25.582 -2.661628 -0.003259646
1517 2016/1/16 15 9 25.616 -2.688633 0.000181914
1518 2016/1/16 15 9 25.648 -2.705369 -0.011214018
1519 2016/1/16 15 9 25.682 -2.734876 -0.008466929
1520 2016/1/16 15 9 25.716 -2.726902 0.025571323
1521 2016/1/16 15 9 25.749 -2.736025 0.004586885
1522 2016/1/16 15 9 25.787 -2.749906 -0.011346205
1523 2016/1/16 15 9 25.825 -2.771955 0.015293111
1524 2016/1/16 15 9 25.85 -2.777795 -0.01233662
1525 2016/1/16 15 9 25.882 -2.788021 -0.008984954
1526 2016/1/16 15 9 25.916 -2.811007 -0.011926978
1527 2016/1/16 15 9 25.949 -2.793842 -0.00368425
1528 2016/1/16 15 9 25.982 -2.79031 -0.012974382
1529 2016/1/16 15 9 26.016 -2.80301 0.005092678
1530 2016/1/16 15 9 26.049 -2.791778 -0.000200698
1531 2016/1/16 15 9 26.082 -2.769706 0.014599188
1532 2016/1/16 15 9 26.116 -2.745721 -0.000665912
1533 2016/1/16 15 9 26.148 -2.714082 0.007049171
1534 2016/1/16 15 9 26.183 -2.727927 0.010909095
1535 2016/1/16 15 9 26.216 -2.721737 0.016371546
1536 2016/1/16 15 9 26.251 -2.717596 -0.006910594
1537 2016/1/16 15 9 26.282 -2.708964 0.00423925
1538 2016/1/16 15 9 26.317 -2.711593 -0.002249167
1539 2016/1/16 15 9 26.351 -2.711257 0.014328062
1540 2016/1/16 15 9 26.382 -2.686893 0.004141023
1541 2016/1/16 15 9 26.415 -2.712656 -0.003151044
1542 2016/1/16 15 9 26.449 -2.748228 -0.001454126
1543 2016/1/16 15 9 26.482 -2.770954 -0.017695248
1544 2016/1/16 15 9 26.516 -2.750495 -0.00208997
1545 2016/1/16 15 9 26.549 -2.706361 -0.011710035
1546 2016/1/16 15 9 26.582 -2.733442 -0.008256392
1547 2016/1/16 15 9 26.617 -2.727368 0.00838849
1548 2016/1/16 15 9 26.65 -2.757872 -0.018715839
1549 2016/1/16 15 9 26.682 -2.75 -0.005391783
1550 2016/1/16 15 9 26.716 -2.75273 0.009449812
1551 2016/1/16 15 9 26.749 -2.748462 -0.013398488
1552 2016/1/16 15 9 26.782 -2.769458 0.013681477
1553 2016/1/16 15 9 26.815 -2.757515 -0.010112539
1554 2016/1/16 15 9 26.849 -2.750473 -0.010239217
1555 2016/1/16 15 9 26.882 -2.737239 0.006568799
1556 2016/1/16 15 9 26.915 -2.765722 -0.000372911
1557 2016/1/16 15 9 26.949 -2.793356 0.009513668
1558 2016/1/16 15 9 26.982 -2.789491 0.003108504
1559 2016/1/16 15 9 27.015 -2.7432 0.005064805
1560 2016/1/16 15 9 27.049 -2.772742 -0.028333773
1561 2016/1/16 15 9 27.082 -2.778241 0.008863269
1562 2016/1/16 15 9 27.116 -2.780376 0.020119543
1563 2016/1/16 15 9 27.148 -2.764164 -0.005525355
1564 2016/1/16 15 9 27.182 -2.775816 0.012147485
1565 2016/1/16 15 9 27.215 -2.736386 -0.003243534
1566 2016/1/16 15 9 27.25 -2.71897 -0.015666865
1567 2016/1/16 15 9 27.282 -2.692706 -0.003760768
1568 2016/1/16 15 9 27.315 -2.714132 0.003676362
1569 2016/1/16 15 9 27.349 -2.713862 0.003386801
1570 2016/1/16 15 9 27.382 -2.698179 0.014630498
1571 2016/1/16 15 9 27.415 -2.677235 0.007055564
1572 2016/1/16 15 9 27.449 -2.685186 -0.012932848
1573 2016/1/16 15 9 27.482 -2.725987 0.004286679
1574 2016/1/16 15 9 27.515 -2.706633 0.002238166
1575 2016/1/16 15 9 27.548 -2.69947 0.001407206
1576 2016/1/16 15 9 27.582 -2.698317 0.023463271
1577 2016/1/16 15 9 27.616 -2.706563 -0.002677444
1578 2016/1/16 15 9 27.648 -2.713926 0.024018124
1579 2016/1/16 15 9 27.682 -2.692389 0.01365581
1580 2016/1/16 15 9 27.715 -2.674471 -0.002072672
1581 2016/1/16 15 9 27.749 -2.666916 -0.01248152
1582 2016/1/16 15 9 27.783 -2.654174 -0.003499769
1583 2016/1/16 15 9 27.814 -2.699658 0.022004593
1584 2016/1/16 15 9 27.85 -2.737377 0.001102428
1585 2016/1/16 15 9 27.882 -2.705401 0.00657496
1586 2016/1/16 15 9 27.915 -2.648071 0.007780113
1587 2016/1/16 15 9 27.949 -2.696613 -0.007023438
1588 2016/1/16 15 9 27.981 -2.72227 0.008570952
1589 2016/1/16 15 9 28.015 -2.723976 0.004812143
1590 2016/1/16 15 9 28.048 -2.714218 -0.011560173
1591 2016/1/16 15 9 28.082 -2.693827 -0.004344651
1592 2016/1/16 15 9 28.115 -2.683128 -0.014391325
1593 2016/1/16 15 9 28.149 -2.691176 -0.007929376
1594 2016/1/16 15 9 28.182 -2.699244 5.66E-05
1595 2016/1/16 15 9 28.214 -2.678128 -8.16E-06
1596 2016/1/16 15 9 28.25 -2.672999 0.011528496
1597 2016/1/16 15 9 28.282 -2.680459 -0.001660697
1598 2016/1/16 15 9 28.315 -2.70098 -0.01511207
1599 2016/1/16 15 9 28.349 -2.685791 0.014586043
1600 2016/1/16 15 9 28.381 -2.731187 -0.011263223
1601 2016/1/16 15 9 28.415 -2.706078 -0.008301769
1602 2016/1/16 15 9 28.449 -2.707524 -0.014327607
1603 2016/1/16 15 9 28.482 -2.702464 0.010131933
1604 2016/1/16 15 9 28.515 -2.671516 0.005511885
1605 2016/1/16 15 9 28.548 -2.687635 -0.006217925
1606 2016/1/16 15 9 28.582 -2.667507 0.000442791
1607 2016/1/16 15 9 28.615 -2.69593 -0.00675428
1608 2016/1/16 15 9 28.648 -2.67646 -0.008771568
1609 2016/1/16 15 9 28.682 -2.656878 -0.005636192
1610 2016/1/16 15 9 28.714 -2.684025 -0.006686453
1611 2016/1/16 15 9 28.749 -2.689742 0.005506106
1612 2016/1/16 15 9 28.782 -2.665492 0.003337932
1613 2016/1/16 15 9 28.814 -2.668205 0.005140301
1614 2016/1/16 15 9 28.849 -2.650584 -0.010501401
1615 2016/1/16 15 9 28.881 -2.729877 -0.028065085
1616 2016/1/16 15 9 28.915 -2.74638 -0.000821871
1617 2016/1/16 15 9 28.948 -2.725242 -0.005990405
1618 2016/1/16 15 9 28.981 -2.736468 -0.010363605
1619 2016/1/16 15 9 29.015 -2.727717 -0.010622146
1620 2016/1/16 15 9 29.048 -2.725176 0.008205963
1621 2016/1/16 15 9 29.082 -2.69161 -0.013445481
1622 2016/1/16 15 9 29.115 -2.70078 -0.009470215
1623 2016/1/16 15 9 29.148 -2.719214 -0.013005641
1624 2016/1/16 15 9 29.182 -2.726011 -0.007970468
1625 2016/1/16 15 9 29.214 -2.706531 -0.002274691
1626 2016/1/16 15 9 29.249 -2.677625 -0.018638131
1627 2016/1/16 15 9 29.282 -2.68476 0.008083172
1628 2016/1/16 15 9 29.315 -2.716084 0.007844549
1629 2016/1/16 15 9 29.349 -2.735404 0.009924217
1630 2016/1/16 15 9 29.382 -2.745509 -0.001164152
1631 2016/1/16 15 9 29.415 -2.700744 0.000682189
1632 2016/1/16 15 9 29.449 -2.717194 -0.010810306
1633 2016/1/16 15 9 29.482 -2.694506 0.01245689
1634 2016/1/16 15 9 29.515 -2.735889 0.014507264
1635 2016/1/16 15 9 29.548 -2.700764 0.006588599
1636 2016/1/16 15 9 29.582 -2.698745 0.002074758
1637 2016/1/16 15 9 29.615 -2.768389 -0.018790671
1638 2016/1/16 15 9 29.648 -2.760599 -0.00160952
1639 2016/1/16 15 9 29.682 -2.74677 -0.004950494
1640 2016/1/16 15 9 29.714 -2.766222 -0.002248653
1641 2016/1/16 15 9 29.749 -2.734405 0.009410423
1642 2016/1/16 15 9 29.781 -2.720999 0.019296571
1643 2016/1/16 15 9 29.814 -2.741824 -0.00700096
1644 2016/1/16 15 9 29.849 -2.76936 0.006940939
1645 2016/1/16 15 9 29.883 -2.782997 -0.006530584
1646 2016/1/16 15 9 29.915 -2.771825 0.000983731
1647 2016/1/16 15 9 29.948 -2.749253 0.006357694
1648 2016/1/16 15 9 29.981 -2.738254 -0.020601552
1649 2016/1/16 15 9 30.015 -2.738596 0.009545099
1650 2016/1/16 15 9 30.048 -2.701793 0.006965665
1651 2016/1/16 15 9 30.082 -2.706593 0.000587233
1652 2016/1/16 15 9 30.115 -2.710433 -0.011630038
1653 2016/1/16 15 9 30.149 -2.683008 0.018506756
1654 2016/1/16 15 9 30.182 -2.651591 -0.003011979
1655 2016/1/16 15 9 30.214 -2.623432 -0.003927656
1656 2016/1/16 15 9 30.249 -2.652506 -0.004420349
1657 2016/1/16 15 9 30.281 -2.690565 0.00457706
1658 2016/1/16 15 9 30.314 -2.645107 0.001686108
1659 2016/1/16 15 9 30.348 -2.643335 -0.01259003
1660 2016/1/16 15 9 30.383 -2.639452 0.011436199
1661 2016/1/16 15 9 30.415 -2.662625 -0.011355479
1662 2016/1/16 15 9 30.449 -2.670512 0.00330114
1663 2016/1/16 15 9 30.48 -2.689193 -0.001090332
1664 2016/1/16 15 9 30.515 -2.685827 -0.013232493
1665 2016/1/16 15 9 30.548 -2.688867 0.003623783
1666 2016/1/16 15 9 30.582 -2.675441 -0.006324347
1667 2016/1/16 15 9 30.615 -2.661914 -0.006974795
1668 2016/1/16 15 9 30.648 -2.67643 0.004707408
1669 2016/1/16 15 9 30.681 -2.653267 -0.005767745
1670 2016/1/16 15 9 30.714 -2.666029 0.008557575
1671 2016/1/16 15 9 30.748 -2.659565 0.0012539
1672 2016/1/16 15 9 30.789 -2.663301 -0.00934152
1673 2016/1/16 15 9 30.819 -2.618643 0.009636317
1674 2016/1/16 15 9 30.848 -2.629874 0.009057311
1675 2016/1/16 15 9 30.881 -2.609571 0.000857734
1676 2016/1/16 15 9 30.915 -2.64244 -0.005879432
1677 2016/1/16 15 9 30.948 -2.630958 -0.002936983
1678 2016/1/16 15 9 30.981 -2.645169 0.011168168
1679 2016/1/16 15 9 31.015 -2.668123 -0.004219081
1680 2016/1/16 15 9 31.049 -2.64938 -0.004149482
1681 2016/1/16 15 9 31.08 -2.632782 0.009673728
1682 2016/1/16 15 9 31.115 -2.641509 -0.003551988
1683 2016/1/16 15 9 31.147 -2.644176 0.008257997
1684 2016/1/16 15 9 31.18 -2.660388 -0.005352875
1685 2016/1/16 15 9 31.214 -2.647152 0.004724803
1686 2016/1/16 15 9 31.249 -2.613152 -0.016431461
1687 2016/1/16 15 9 31.281 -2.624357 0.013063223
1688 2016/1/16 15 9 31.314 -2.637314 0.010970901
1689 2016/1/16 15 9 31.348 -2.646779 0.000150429
1690 2016/1/16 15 9 31.382 -2.640021 -0.007388012
1691 2016/1/16 15 9 31.415 -2.628979 -0.009715724
1692 2016/1/16 15 9 31.449 -2.619748 0.008921579
1693 2016/1/16 15 9 31.48 -2.629925 -0.010000389
1694 2016/1/16 15 9 31.517 -2.628096 0.005729829
1695 2016/1/16 15 9 31.548 -2.649949 0.011142247
1696 2016/1/16 15 9 31.58 -2.63912 0.010791875
1697 2016/1/16 15 9 31.616 -2.64268 0.00570336
1698 2016/1/16 15 9 31.648 -2.617577 -0.006592625
1699 2016/1/16 15 9 31.681 -2.612903 0.002954967
1700 2016/1/16 15 9 31.714 -2.629776 -0.022770714
1701 2016/1/16 15 9 31.748 -2.5957 0.001379619
1702 2016/1/16 15 9 31.78 -2.60359 0.003613902
1703 2016/1/16 15 9 31.814 -2.611616 0.002004711
1704 2016/1/16 15 9 31.848 -2.615887 -0.001571341
1705 2016/1/16 15 9 31.88 -2.609365 0.004663501
1706 2016/1/16 15 9 31.916 -2.583405 -0.012006
1707 2016/1/16 15 9 31.948 -2.580426 0.006327058
1708 2016/1/16 15 9 31.98 -2.601593 0.008719258
1709 2016/1/16 15 9 32.015 -2.633673 0.000275569
1710 2016/1/16 15 9 32.049 -2.616031 -0.017106768
1711 2016/1/16 15 9 32.081 -2.632676 0.005673958
1712 2016/1/16 15 9 32.114 -2.631128 -0.016814659
1713 2016/1/16 15 9 32.147 -2.692932 -0.007380561
1714 2016/1/16 15 9 32.181 -2.658722 0.009566104
1715 2016/1/16 15 9 32.215 -2.61321 0.010349103
1716 2016/1/16 15 9 32.249 -2.638219 0.005009118
1717 2016/1/16 15 9 32.281 -2.677093 0.010342386
1718 2016/1/16 15 9 32.314 -2.643509 -0.0006681
1719 2016/1/16 15 9 32.347 -2.62618 0.009947
1720 2016/1/16 15 9 32.381 -2.659163 -0.001501917
1721 2016/1/16 15 9 32.416 -2.622027 -0.00209213
1722 2016/1/16 15 9 32.447 -2.629109 0.011672419
1723 2016/1/16 15 9 32.479 -2.607072 -0.005694429
1724 2016/1/16 15 9 32.515 -2.562768 -0.007917754
1725 2016/1/16 15 9 32.547 -2.605597 0.007292093
1726 2016/1/16 15 9 32.581 -2.649504 0.00091885
1727 2016/1/16 15 9 32.615 -2.671335 -0.00269518
1728 2016/1/16 15 9 32.647 -2.643615 -0.010839035
1729 2016/1/16 15 9 32.68 -2.598248 -0.009935223
1730 2016/1/16 15 9 32.716 -2.625435 -0.004378959
1731 2016/1/16 15 9 32.749 -2.666419 -0.009166141
1732 2016/1/16 15 9 32.781 -2.675354 0.00078518
1733 2016/1/16 15 9 32.814 -2.668017 -0.002709723
1734 2016/1/16 15 9 32.847 -2.689742 -0.001822216
1735 2016/1/16 15 9 32.881 -2.688132 -0.005061846
1736 2016/1/16 15 9 32.914 -2.690615 -0.009190541
1737 2016/1/16 15 9 32.947 -2.641929 -0.00361407
1738 2016/1/16 15 9 32.98 -2.658153 -0.007681117
1739 2016/1/16 15 9 33.014 -2.675731 0.000433225
1740 2016/1/16 15 9 33.047 -2.657294 0.003868418
1741 2016/1/16 15 9 33.08 -2.666744 0.003956354
1742 2016/1/16 15 9 33.114 -2.687233 0.006720531
1743 2016/1/16 15 9 33.149 -2.672885 0.007580821
1744 2016/1/16 15 9 33.18 -2.683484 0.011575948
1745 2016/1/16 15 9 33.214 -2.687319 -0.002304753
1746 2016/1/16 15 9 33.247 -2.6784 -0.015561675
1747 2016/1/16 15 9 33.281 -2.668017 0.011832744
1748 2016/1/16 15 9 33.315 -2.681458 0.00512876
1749 2016/1/16 15 9 33.347 -2.690063 -0.000360747
1750 2016/1/16 15 9 33.382 -2.669862 -0.015044752
1751 2016/1/16 15 9 33.414 -2.626841 0.006778576
1752 2016/1/16 15 9 33.447 -2.668931 0.004817884
1753 2016/1/16 15 9 33.481 -2.651441 -0.001490107
1754 2016/1/16 15 9 33.515 -2.649937 -0.000384538
1755 2016/1/16 15 9 33.549 -2.670198 0.013127389
1756 2016/1/16 15 9 33.581 -2.666349 0.003429303
1757 2016/1/16 15 9 33.614 -2.682886 0.018303164
1758 2016/1/16 15 9 33.648 -2.688507 0.007610179
1759 2016/1/16 15 9 33.682 -2.697482 -0.001809665
1760 2016/1/16 15 9 33.713 -2.704122 0.011719294
1761 2016/1/16 15 9 33.747 -2.720472 -0.000158153
1762 2016/1/16 15 9 33.782 -2.674157 -0.012688852
1763 2016/1/16 15 9 33.814 -2.663804 -0.003145843
1764 2016/1/16 15 9 33.848 -2.623442 -0.00321202
1765 2016/1/16 15 9 33.88 -2.634856 0.00101924
1766 2016/1/16 15 9 33.915 -2.648741 0.011201451
1767 2016/1/16 15 9 33.947 -2.610725 0.011298437
1768 2016/1/16 15 9 33.98 -2.607176 -0.034606603
1769 2016/1/16 15 9 34.014 -2.623941 0.00738559
1770 2016/1/16 15 9 34.047 -2.64606 -0.007331435
1771 2016/1/16 15 9 34.081 -2.642043 -0.009930019
1772 2016/1/16 15 9 34.113 -2.636108 -0.000990906
1773 2016/1/16 15 9 34.149 -2.619772 0.004888835
1774 2016/1/16 15 9 34.181 -2.64449 0.003396777
1775 2016/1/16 15 9 34.214 -2.635235 0.022769371
1776 2016/1/16 15 9 34.247 -2.630137 -0.002320989
1777 2016/1/16 15 9 34.281 -2.609854 -0.002977502
1778 2016/1/16 15 9 34.314 -2.594841 0.00921623
1779 2016/1/16 15 9 34.347 -2.591697 0.010441423
1780 2016/1/16 15 9 34.381 -2.58912 -0.0013142
1781 2016/1/16 15 9 34.414 -2.590436 0.007725622
1782 2016/1/16 15 9 34.447 -2.594495 -0.012759305
1783 2016/1/16 15 9 34.48 -2.58759 -0.014308206
1784 2016/1/16 15 9 34.514 -2.60495 -0.002164778
1785 2016/1/16 15 9 34.547 -2.621624 0.004473141
1786 2016/1/16 15 9 34.58 -2.646269 0.007484435
1787 2016/1/16 15 9 34.614 -2.641369 -0.008128623
1788 2016/1/16 15 9 34.648 -2.605607 -0.010773765
1789 2016/1/16 15 9 34.682 -2.578705 -0.00234132
1790 2016/1/16 15 9 34.713 -2.603097 -0.003932428
1791 2016/1/16 15 9 34.748 -2.660086 -0.007095698
1792 2016/1/16 15 9 34.783 -2.629688 -0.002003221
1793 2016/1/16 15 9 34.813 -2.626468 0.005901793
1794 2016/1/16 15 9 34.848 -2.604151 0.009109036
1795 2016/1/16 15 9 34.881 -2.609712 -0.007794514
1796 2016/1/16 15 9 34.916 -2.618162 0.00964154
1797 2016/1/16 15 9 34.948 -2.644348 0.006432721
1798 2016/1/16 15 9 34.98 -2.654899 0.018357558
1799 2016/1/16 15 9 35.014 -2.618677 -0.025288869
1800 2016/1/16 15 9 35.047 -2.629234 -0.0020277
1801 2016/1/16 15 9 35.08 -2.612535 -0.006239486
1802 2016/1/16 15 9 35.115 -2.640405 -0.008357463
1803 2016/1/16 15 9 35.147 -2.640552 -0.012954832
1804 2016/1/16 15 9 35.182 -2.630679 0.009407796
1805 2016/1/16 15 9 35.215 -2.630847 -0.007387585
1806 2016/1/16 15 9 35.247 -2.622271 -0.000193775
1807 2016/1/16 15 9 35.281 -2.603995 0.007423753
1808 2016/1/16 15 9 35.313 -2.628879 -0.002429396
1809 2016/1/16 15 9 35.346 -2.616234 0.001241377
1810 2016/1/16 15 9 35.38 -2.616916 -0.005601831
1811 2016/1/16 15 9 35.414 -2.606007 -0.003636664
1812 2016/1/16 15 9 35.447 -2.621816 0.01115143
1813 2016/1/16 15 9 35.48 -2.62643 -0.004958511
1814 2016/1/16 15 9 35.515 -2.615775 -0.00470422
1815 2016/1/16 15 9 35.546 -2.6294 -0.005197356
1816 2016/1/16 15 9 35.581 -2.615969 0.008668452
1817 2016/1/16 15 9 35.613 -2.602667 0.013804422
1818 2016/1/16 15 9 35.646 -2.58734 -0.017246191
1819 2016/1/16 15 9 35.68 -2.578335 0.022564106
1820 2016/1/16 15 9 35.713 -2.614477 -0.013142023
1821 2016/1/16 15 9 35.747 -2.610194 -0.009493378
1822 2016/1/16 15 9 35.783 -2.608957 0.008701349
1823 2016/1/16 15 9 35.817 -2.600955 -0.010333668
1824 2016/1/16 15 9 35.85 -2.599881 0.0074165
1825 2016/1/16 15 9 35.88 -2.628959 0.017948919
1826 2016/1/16 15 9 35.914 -2.644032 -0.001304964
1827 2016/1/16 15 9 35.947 -2.626809 0.008736708
1828 2016/1/16 15 9 35.98 -2.630125 0.013978307
      
      
      
      
      
      
      
      
      
      
      
      
      
      
      
      
      
      
      
      
      
      
      
      
      
      
      
      
      
      
      
      
      
      
      
      
      
      
      
      
      
      
      
      
      
      
      
      
      
      
      
      
      
      
      
      
      
      
      
      
      
      
      
      
      
      
      
      
      
      
      
      
      
      
      
      
      
      
      
      
      
      
      
      
      
      
      
      
      
      
      
      
      
      
      
      
      
      
      
      
      
      
      
      
      
      
      
      
      
      
      
      
      
      
      
      
      
      
      
      
      
      
      
      
      
      
      
      
      
      
      
      
      
      
      
      
      
      
      
      
      
      
      
      
      
      
      
      
      
      
      
      
      
      
      
      
      
      
      
      
      
      
      
      
      
      
      
      
      
      
      
      
      
      
      
      
      
      
      
      
      
      
      
      
      
      
      
      
      
      
      
      
      
      
      
      
      
      
      
      
      
      
      
      
      
      
      
      
      
      
      
      
      
      
      
      
      
      
      
      
      
      
      
      
      
      
      
      
      
      
      
      
      
      
      
      
      
      
      
      
      
      
      
      
      
      
      
      
      
      
      
      
      
      
      
      
      
      
      
      
      
      
      
      
      
      
      
      
      
      
      
      
      
      
      
      
      
      
      
      
      
      
      
      
      
      
      
      
      
      
      
      
      
      
      
      
      
      
      
      
      
      
      
      
      
      
      
      
      
      
      
      
      
      
      
      
      
      
      
      
      
      
      
      
      
      
      
      
      
      
      
      
      
      
      
      
      
      
      
      
      
      
      
      
      
      
      
      
      
      
      
      
      
      
      
      
      
      
      
      
      
      
      
      
      
      
      
      
      
      
      
      
      
      
      
      
      
      
      
      
      
      
      
      
      
      
      
      
      
      
      
