1 2016/1/16 15 8 35.026 0.084189 -0.006039541
2 2016/1/16 15 8 35.059 0.072912 0.00225778
3 2016/1/16 15 8 35.092 0.056497 0.010324596
4 2016/1/16 15 8 35.126 0.062251 -0.002448106
5 2016/1/16 15 8 35.159 0.07844 0.006235859
6 2016/1/16 15 8 35.192 0.067498 0.010063193
7 2016/1/16 15 8 35.225 0.101151 0.015271678
8 2016/1/16 15 8 35.259 0.086429 -0.007991463
9 2016/1/16 15 8 35.294 0.098488 -2.60E-04
10 2016/1/16 15 8 35.325 0.071913 0.00383863
11 2016/1/16 15 8 35.358 0.095796 -1.08E-05
12 2016/1/16 15 8 35.392 0.088225 -0.010290897
13 2016/1/16 15 8 35.425 0.086311 -0.003821339
14 2016/1/16 15 8 35.459 0.071244 -0.004771725
15 2016/1/16 15 8 35.493 0.080808 0.005313187
16 2016/1/16 15 8 35.525 0.09491 0.007810292
17 2016/1/16 15 8 35.559 0.079858 -0.023309741
18 2016/1/16 15 8 35.592 0.087295 0.016934449
19 2016/1/16 15 8 35.625 0.088024 0.01586694
20 2016/1/16 15 8 35.66 0.083387 0.001415584
21 2016/1/16 15 8 35.692 0.087851 0.006320684
22 2016/1/16 15 8 35.726 0.091927 -0.003402442
23 2016/1/16 15 8 35.759 0.082703 0.004044348
24 2016/1/16 15 8 35.799 0.079031 0.004622924
25 2016/1/16 15 8 35.835 0.077195 -0.005963493
26 2016/1/16 15 8 35.859 0.074049 0.000842384
27 2016/1/16 15 8 35.893 0.082767 -0.01053934
28 2016/1/16 15 8 35.925 0.075201 -0.001446692
29 2016/1/16 15 8 35.959 0.086803 -0.002025458
30 2016/1/16 15 8 35.992 0.078209 0.018660571
31 2016/1/16 15 8 36.026 0.090066 -0.008553613
32 2016/1/16 15 8 36.058 0.08317 -0.002116626
33 2016/1/16 15 8 36.092 0.069807 -0.011831743
34 2016/1/16 15 8 36.125 0.064471 -0.012693897
35 2016/1/16 15 8 36.159 0.069295 -0.002934629
36 2016/1/16 15 8 36.193 0.065824 0.006917397
37 2016/1/16 15 8 36.226 0.064545 -0.002602703
38 2016/1/16 15 8 36.259 0.068748 -0.001020307
39 2016/1/16 15 8 36.293 0.06956 -0.014301863
40 2016/1/16 15 8 36.325 0.061424 -0.001562087
41 2016/1/16 15 8 36.359 0.066179 -0.006492548
42 2016/1/16 15 8 36.392 0.061828 -0.00112015
43 2016/1/16 15 8 36.426 0.066395 -0.002794279
44 2016/1/16 15 8 36.459 0.078361 0.011070853
45 2016/1/16 15 8 36.492 0.074783 0.005955798
46 2016/1/16 15 8 36.525 0.072735 0.001938826
47 2016/1/16 15 8 36.559 0.071451 0.004615493
48 2016/1/16 15 8 36.592 0.067306 -0.013508321
49 2016/1/16 15 8 36.626 0.068861 0.012328453
50 2016/1/16 15 8 36.659 0.071455 0.002019343
51 2016/1/16 15 8 36.692 0.070924 -0.01482653
52 2016/1/16 15 8 36.725 0.064367 0.003310408
53 2016/1/16 15 8 36.758 0.071131 0.004535441
54 2016/1/16 15 8 36.793 0.06579 -0.011712879
55 2016/1/16 15 8 36.825 0.060646 0.001674904
56 2016/1/16 15 8 36.859 0.069216 0.019849346
57 2016/1/16 15 8 36.893 0.076737 -0.00434178
58 2016/1/16 15 8 36.925 0.057388 0.006008695
59 2016/1/16 15 8 36.959 0.07716 0.015820724
60 2016/1/16 15 8 36.992 0.067488 0.007921716
61 2016/1/16 15 8 37.025 0.085946 -0.014446219
62 2016/1/16 15 8 37.06 0.06608 0.005108527
63 2016/1/16 15 8 37.092 0.066597 -0.004222677
64 2016/1/16 15 8 37.125 0.084829 -0.000970077
65 2016/1/16 15 8 37.159 0.09238 0.009566253
66 2016/1/16 15 8 37.193 0.092606 0.02068825
67 2016/1/16 15 8 37.226 0.081083 0.012707512
68 2016/1/16 15 8 37.259 0.073508 -0.004605354
69 2016/1/16 15 8 37.292 0.073621 0.016978208
70 2016/1/16 15 8 37.326 0.080409 0.008149485
71 2016/1/16 15 8 37.358 0.088092 0.016520326
72 2016/1/16 15 8 37.392 0.070437 0.00546268
73 2016/1/16 15 8 37.425 0.065509 -0.00746799
74 2016/1/16 15 8 37.459 0.07276 -0.006194787
75 2016/1/16 15 8 37.492 0.0617 0.002785399
76 2016/1/16 15 8 37.526 0.069231 0.013611927
77 2016/1/16 15 8 37.559 0.072169 0.007266517
78 2016/1/16 15 8 37.592 0.075762 -0.004442249
79 2016/1/16 15 8 37.626 0.075713 0.006378553
80 2016/1/16 15 8 37.66 0.076496 0.00409472
81 2016/1/16 15 8 37.692 0.060897 0.013706975
82 2016/1/16 15 8 37.725 0.073346 -0.013874671
83 2016/1/16 15 8 37.758 0.080817 -0.012567519
84 2016/1/16 15 8 37.792 0.08574 0.012612773
85 2016/1/16 15 8 37.826 0.091627 -0.021211799
86 2016/1/16 15 8 37.859 0.099 0.013638165
87 2016/1/16 15 8 37.893 0.086626 0.007826543
88 2016/1/16 15 8 37.925 0.06832 0.007129452
89 2016/1/16 15 8 37.959 0.045688 0.010561965
90 2016/1/16 15 8 37.992 0.049753 0.002387012
91 2016/1/16 15 8 38.025 0.069403 -0.012420364
92 2016/1/16 15 8 38.06 0.084283 0.00412475
93 2016/1/16 15 8 38.092 0.094176 -0.002641172
94 2016/1/16 15 8 38.125 0.088481 -0.007246739
95 2016/1/16 15 8 38.159 0.059642 -7.58E-03
96 2016/1/16 15 8 38.192 0.082762 0.005959427
97 2016/1/16 15 8 38.225 0.086192 0.002493985
98 2016/1/16 15 8 38.259 0.080985 -0.004562237
99 2016/1/16 15 8 38.292 0.049945 0.008172045
100 2016/1/16 15 8 38.325 0.032221 -0.00707833
101 2016/1/16 15 8 38.358 0.043724 -0.000112089
102 2016/1/16 15 8 38.392 0.035341 -0.009419363
103 2016/1/16 15 8 38.424 0.039579 -0.008705141
104 2016/1/16 15 8 38.459 0.048621 -0.000493067
105 2016/1/16 15 8 38.492 0.044639 -0.004136902
106 2016/1/16 15 8 38.525 0.0405 0.01549793
107 2016/1/16 15 8 38.559 0.034155 0.005103918
108 2016/1/16 15 8 38.591 0.019049 8.18E-03
109 2016/1/16 15 8 38.625 0.037463 -0.00919968
110 2016/1/16 15 8 38.659 0.046687 0.013492078
111 2016/1/16 15 8 38.692 0.048592 -0.00375033
112 2016/1/16 15 8 38.725 0.049202 0.017144309
113 2016/1/16 15 8 38.759 0.049734 0.015615833
114 2016/1/16 15 8 38.792 0.063905 0.006013409
115 2016/1/16 15 8 38.825 0.055266 0.007282515
116 2016/1/16 15 8 38.859 0.047041 0.000265047
117 2016/1/16 15 8 38.891 0.061557 -0.01049232
118 2016/1/16 15 8 38.925 0.057619 0.002567542
119 2016/1/16 15 8 38.959 0.045417 -0.011691149
120 2016/1/16 15 8 38.992 0.048902 -0.007249461
121 2016/1/16 15 8 39.025 0.055473 -0.012228077
122 2016/1/16 15 8 39.059 0.073602 -0.004991371
123 2016/1/16 15 8 39.092 0.067537 -0.005407918
124 2016/1/16 15 8 39.125 0.061394 -0.010094868
125 2016/1/16 15 8 39.159 0.079424 0.011109996
126 2016/1/16 15 8 39.191 0.079848 0.010277931
127 2016/1/16 15 8 39.225 0.071702 0.000151957
128 2016/1/16 15 8 39.258 0.078917 -0.014429236
129 2016/1/16 15 8 39.292 0.087408 -0.008474551
130 2016/1/16 15 8 39.325 0.084893 0.015087441
131 2016/1/16 15 8 39.358 0.095121 -0.003645532
132 2016/1/16 15 8 39.391 0.085912 0.001522701
133 2016/1/16 15 8 39.424 0.08222 -0.023540075
134 2016/1/16 15 8 39.458 0.080256 -0.008964754
135 2016/1/16 15 8 39.492 0.07558 -0.014496453
136 2016/1/16 15 8 39.525 0.070569 0.001805924
137 2016/1/16 15 8 39.559 0.078228 -0.014514059
138 2016/1/16 15 8 39.592 0.090923 -0.001814843
139 2016/1/16 15 8 39.625 0.082983 -0.008523735
140 2016/1/16 15 8 39.658 0.075142 0.000901706
141 2016/1/16 15 8 39.693 0.077564 -0.004640418
142 2016/1/16 15 8 39.725 0.074699 0.013690992
143 2016/1/16 15 8 39.758 0.06549 0.006443859
144 2016/1/16 15 8 39.791 0.075216 -0.018026571
145 2016/1/16 15 8 39.825 0.096017 -0.002961547
146 2016/1/16 15 8 39.858 0.085685 -0.013330033
147 2016/1/16 15 8 39.891 0.068133 0.001250335
148 2016/1/16 15 8 39.925 0.075526 -0.000149025
149 2016/1/16 15 8 39.958 0.099842 -0.00793698
150 2016/1/16 15 8 39.992 0.087074 -0.010142684
151 2016/1/16 15 8 40.026 0.098577 0.00057711
152 2016/1/16 15 8 40.058 0.088097 0.021306491
153 2016/1/16 15 8 40.093 0.089101 0.005177732
154 2016/1/16 15 8 40.125 0.083126 -0.00623879
155 2016/1/16 15 8 40.159 0.081004 0.021284659
156 2016/1/16 15 8 40.191 0.082461 4.41E-05
157 2016/1/16 15 8 40.225 0.091193 0.004441518
158 2016/1/16 15 8 40.258 0.076181 0.004905954
159 2016/1/16 15 8 40.291 0.090475 0.005302525
160 2016/1/16 15 8 40.327 0.091454 -0.00651941
161 2016/1/16 15 8 40.357 0.084312 0.002281857
162 2016/1/16 15 8 40.392 0.088535 0.013887844
163 2016/1/16 15 8 40.424 0.076525 -0.000490607
164 2016/1/16 15 8 40.458 0.072381 -0.018944073
165 2016/1/16 15 8 40.492 0.061749 -0.001660389
166 2016/1/16 15 8 40.525 0.055069 -0.012231263
167 2016/1/16 15 8 40.558 0.061153 0.007489472
168 2016/1/16 15 8 40.592 0.05979 0.002684734
169 2016/1/16 15 8 40.625 0.065062 -0.001999708
170 2016/1/16 15 8 40.658 0.072725 -0.001636549
171 2016/1/16 15 8 40.692 0.075157 -0.014308603
172 2016/1/16 15 8 40.725 0.074168 0.0006651
173 2016/1/16 15 8 40.758 0.066164 -0.000963094
174 2016/1/16 15 8 40.794 0.063841 -0.00332961
175 2016/1/16 15 8 40.83 0.072991 0.011154062
176 2016/1/16 15 8 40.858 0.074089 0.003234813
177 2016/1/16 15 8 40.891 0.078868 0.00263753
178 2016/1/16 15 8 40.925 0.087059 0.003764251
179 2016/1/16 15 8 40.958 0.080581 0.00266416
180 2016/1/16 15 8 40.992 0.070186 0.000440142
181 2016/1/16 15 8 41.025 0.096701 -0.009117172
182 2016/1/16 15 8 41.058 0.098178 0.000548228
183 2016/1/16 15 8 41.092 0.092586 -0.008229623
184 2016/1/16 15 8 41.125 0.086045 -0.001409319
185 2016/1/16 15 8 41.158 0.080389 -0.011338179
186 2016/1/16 15 8 41.192 0.085877 -0.007624552
187 2016/1/16 15 8 41.225 0.076579 0.000369264
188 2016/1/16 15 8 41.257 0.074611 -8.39E-05
189 2016/1/16 15 8 41.291 0.080434 0.006364012
190 2016/1/16 15 8 41.325 0.067961 0.00660609
191 2016/1/16 15 8 41.358 0.082895 0.006013883
192 2016/1/16 15 8 41.392 0.084583 0.007281059
193 2016/1/16 15 8 41.424 0.094122 -0.000437458
194 2016/1/16 15 8 41.458 0.084027 -0.009492374
195 2016/1/16 15 8 41.492 0.081452 -0.006884315
196 2016/1/16 15 8 41.525 0.09045 -0.010015189
197 2016/1/16 15 8 41.558 0.086759 0.003737133
198 2016/1/16 15 8 41.592 0.08543 -0.006691912
199 2016/1/16 15 8 41.624 0.093354 0.006773417
200 2016/1/16 15 8 41.659 0.092813 -0.010724809
201 2016/1/16 15 8 41.692 0.08379 -0.004884606
202 2016/1/16 15 8 41.726 0.086783 0.008331769
203 2016/1/16 15 8 41.758 0.090701 0.014778308
204 2016/1/16 15 8 41.792 0.090795 -0.013044725
205 2016/1/16 15 8 41.826 0.09046 0.007704881
206 2016/1/16 15 8 41.87 0.101412 -0.004674736
207 2016/1/16 15 8 41.896 0.090288 -0.021960734
208 2016/1/16 15 8 41.925 0.088555 0.008297831
209 2016/1/16 15 8 41.958 0.082708 0.001707157
210 2016/1/16 15 8 41.993 0.089101 0.000995869
211 2016/1/16 15 8 42.025 0.088511 -0.008118196
212 2016/1/16 15 8 42.057 0.085887 -0.017218381
213 2016/1/16 15 8 42.092 0.086178 0.00907059
214 2016/1/16 15 8 42.124 0.088673 0.003109934
215 2016/1/16 15 8 42.158 0.079538 0.019839259
216 2016/1/16 15 8 42.191 0.084608 -0.003491534
217 2016/1/16 15 8 42.225 0.082373 -0.009546898
218 2016/1/16 15 8 42.256 0.077333 -0.000516502
219 2016/1/16 15 8 42.291 0.06958 -0.008048489
220 2016/1/16 15 8 42.325 0.062276 0.009499495
221 2016/1/16 15 8 42.358 0.064244 0.015105817
222 2016/1/16 15 8 42.39 0.07146 0.003632425
223 2016/1/16 15 8 42.424 0.070944 0.010185744
224 2016/1/16 15 8 42.457 0.066464 0.003102456
225 2016/1/16 15 8 42.491 0.064166 0.011813904
226 2016/1/16 15 8 42.526 0.080665 -0.000123588
227 2016/1/16 15 8 42.558 0.071603 0.000171221
228 2016/1/16 15 8 42.59 0.07526 -0.001843295
229 2016/1/16 15 8 42.624 0.080586 -0.017996783
230 2016/1/16 15 8 42.658 0.069172 0.002744771
231 2016/1/16 15 8 42.691 0.074399 0.00445958
232 2016/1/16 15 8 42.724 0.070156 4.25E-03
233 2016/1/16 15 8 42.758 0.083431 -0.002423111
234 2016/1/16 15 8 42.79 0.087709 -0.001764536
235 2016/1/16 15 8 42.824 0.092675 -0.024277445
236 2016/1/16 15 8 42.858 0.088176 0.004776106
237 2016/1/16 15 8 42.89 0.079867 -0.000944271
238 2016/1/16 15 8 42.924 0.071775 -0.00881983
239 2016/1/16 15 8 42.959 0.087935 0.010536631
240 2016/1/16 15 8 42.991 0.081457 0.004398781
241 2016/1/16 15 8 43.024 0.074468 -0.007159603
242 2016/1/16 15 8 43.057 0.089407 -0.007485485
243 2016/1/16 15 8 43.091 0.07495 -0.008535412
244 2016/1/16 15 8 43.125 0.075024 0.002247205
245 2016/1/16 15 8 43.157 0.068743 -0.015296858
246 2016/1/16 15 8 43.191 0.067631 -0.006129302
247 2016/1/16 15 8 43.225 0.070589 -0.004322919
248 2016/1/16 15 8 43.256 0.086527 0.005708887
249 2016/1/16 15 8 43.291 0.077864 -0.008806927
250 2016/1/16 15 8 43.325 0.088289 -0.002018157
251 2016/1/16 15 8 43.359 0.076368 0.006992194
252 2016/1/16 15 8 43.391 0.073872 0.013114377
253 2016/1/16 15 8 43.424 0.075054 0.008034216
254 2016/1/16 15 8 43.458 0.078829 -0.022323131
255 2016/1/16 15 8 43.491 0.081428 2.26E-03
256 2016/1/16 15 8 43.524 0.060331 -0.003479211
257 2016/1/16 15 8 43.556 0.065441 -0.020769319
258 2016/1/16 15 8 43.592 0.060105 0.001165984
259 2016/1/16 15 8 43.625 0.065219 0.012416474
260 2016/1/16 15 8 43.657 0.070392 -0.003457803
261 2016/1/16 15 8 43.691 0.059229 -0.0197249
262 2016/1/16 15 8 43.725 0.088595 0.009265432
263 2016/1/16 15 8 43.757 0.071072 0.011259409
264 2016/1/16 15 8 43.791 0.057787 0.020186858
265 2016/1/16 15 8 43.825 0.067518 -0.001915915
266 2016/1/16 15 8 43.857 0.062827 0.026494439
267 2016/1/16 15 8 43.891 0.063856 -0.00720561
268 2016/1/16 15 8 43.923 0.036134 0.012519684
269 2016/1/16 15 8 43.959 0.04427 0.004816964
270 2016/1/16 15 8 43.99 0.05188 0.004159592
271 2016/1/16 15 8 44.025 0.061385 -0.005442064
272 2016/1/16 15 8 44.056 0.058692 -0.008023925
273 2016/1/16 15 8 44.091 0.048661 -0.002669692
274 2016/1/16 15 8 44.124 0.059298 0.001827636
275 2016/1/16 15 8 44.157 0.053652 -0.000562997
276 2016/1/16 15 8 44.192 0.06799 0.004743277
277 2016/1/16 15 8 44.224 0.094137 0.005913532
278 2016/1/16 15 8 44.257 0.100501 -0.009065807
279 2016/1/16 15 8 44.292 0.080571 0.00019032
280 2016/1/16 15 8 44.326 0.088782 -0.008692933
281 2016/1/16 15 8 44.357 0.088147 -0.008187891
282 2016/1/16 15 8 44.391 0.100112 -0.003868573
283 2016/1/16 15 8 44.423 0.075142 0.008103202
284 2016/1/16 15 8 44.458 0.082284 -0.006214299
285 2016/1/16 15 8 44.493 0.08131 0.011631279
286 2016/1/16 15 8 44.524 0.076796 0.008501416
287 2016/1/16 15 8 44.558 0.076471 -0.00419828
288 2016/1/16 15 8 44.592 0.088383 -0.003598068
289 2016/1/16 15 8 44.623 0.084199 -0.009730049
290 2016/1/16 15 8 44.657 0.091947 -0.017047992
291 2016/1/16 15 8 44.69 0.072273 0.011274172
292 2016/1/16 15 8 44.726 0.079675 -0.001468456
293 2016/1/16 15 8 44.756 0.080059 -0.014346794
294 2016/1/16 15 8 44.793 0.085405 0.012334173
295 2016/1/16 15 8 44.824 0.076698 0.001115671
296 2016/1/16 15 8 44.856 0.075108 0.022205299
297 2016/1/16 15 8 44.891 0.001939 -0.078335833
298 2016/1/16 15 8 44.922 1.530949 -0.0797818
299 2016/1/16 15 8 44.958 1.688794 -0.051493633
300 2016/1/16 15 8 44.992 1.932664 -0.08970255
301 2016/1/16 15 8 45.024 1.889383 0.01113175
302 2016/1/16 15 8 45.057 1.984479 0.0594482
303 2016/1/16 15 8 45.091 1.955867 -0.03514
304 2016/1/16 15 8 45.123 1.939461 -0.038799717
305 2016/1/16 15 8 45.157 1.922839 -0.092606617
306 2016/1/16 15 8 45.191 1.955916 -0.00855715
307 2016/1/16 15 8 45.224 2.007166 0.037760333
308 2016/1/16 15 8 45.256 1.999202 0.064627383
309 2016/1/16 15 8 45.292 1.976688 0.059532083
310 2016/1/16 15 8 45.323 1.998872 0.000533283
311 2016/1/16 15 8 45.358 2.002593 -0.044273483
312 2016/1/16 15 8 45.39 1.996101 -0.0414603
313 2016/1/16 15 8 45.424 1.97271 0.0251706
314 2016/1/16 15 8 45.458 1.993989 0.058766633
315 2016/1/16 15 8 45.491 1.985612 0.05582185
316 2016/1/16 15 8 45.524 1.968714 0.008664833
317 2016/1/16 15 8 45.557 1.959391 -0.0316841
318 2016/1/16 15 8 45.591 1.974788 -0.028361783
319 2016/1/16 15 8 45.625 1.995092 -0.008422517
320 2016/1/16 15 8 45.657 1.982417 0.048472783
321 2016/1/16 15 8 45.691 1.96955 0.050627033
322 2016/1/16 15 8 45.724 1.980094 0.0270326
323 2016/1/16 15 8 45.757 1.97843 -0.019262133
324 2016/1/16 15 8 45.797 1.955837 -0.04092305
325 2016/1/16 15 8 45.831 1.970879 -0.0108332
326 2016/1/16 15 8 45.857 1.987108 0.02407125
327 2016/1/16 15 8 45.89 1.987644 0.045541767
328 2016/1/16 15 8 45.923 1.970737 0.026454633
329 2016/1/16 15 8 45.957 1.958111 -0.012489867
330 2016/1/16 15 8 45.991 1.965972 -0.03600625
331 2016/1/16 15 8 46.023 1.985429 -0.0241703
332 2016/1/16 15 8 46.058 1.960764 0.0153776
333 2016/1/16 15 8 46.091 1.999586 0.039619183
334 2016/1/16 15 8 46.124 1.976574 0.03070445
335 2016/1/16 15 8 46.157 1.9756 -0.003879283
336 2016/1/16 15 8 46.19 1.973286 -0.028979417
337 2016/1/16 15 8 46.225 1.961936 -0.026997017
338 2016/1/16 15 8 46.257 1.980886 0.0029736
339 2016/1/16 15 8 46.291 1.971967 0.029901083
340 2016/1/16 15 8 46.324 1.989909 0.031709417
341 2016/1/16 15 8 46.358 1.962955 0.0032886
342 2016/1/16 15 8 46.39 1.969541 -0.0243271
343 2016/1/16 15 8 46.422 1.966947 -0.02922115
344 2016/1/16 15 8 46.457 1.958766 -0.00817635
345 2016/1/16 15 8 46.49 1.964136 0.02353575
346 2016/1/16 15 8 46.523 1.949301 0.029716167
347 2016/1/16 15 8 46.557 1.948326 0.006130017
348 2016/1/16 15 8 46.591 1.953209 -0.018492017
349 2016/1/16 15 8 46.624 1.954444 -0.028849333
350 2016/1/16 15 8 46.657 1.95853 -0.0101157
351 2016/1/16 15 8 46.69 1.946515 0.0180579
352 2016/1/16 15 8 46.723 1.96075 0.03008915
353 2016/1/16 15 8 46.757 1.943025 0.012371917
354 2016/1/16 15 8 46.791 1.946834 -0.012313933
355 2016/1/16 15 8 46.823 1.929415 -0.026122483
356 2016/1/16 15 8 46.858 1.94112 -0.014719483
357 2016/1/16 15 8 46.89 1.941233 0.011456783
358 2016/1/16 15 8 46.925 1.95471 0.0267596
359 2016/1/16 15 8 46.957 1.942621 0.022999667
360 2016/1/16 15 8 46.99 1.954922 -0.002093933
361 2016/1/16 15 8 47.024 1.939756 -0.0206283
362 2016/1/16 15 8 47.056 1.970249 -0.01324505
363 2016/1/16 15 8 47.091 1.945156 0.006877967
364 2016/1/16 15 8 47.123 1.942729 0.02275875
365 2016/1/16 15 8 47.157 1.925964 0.019871717
366 2016/1/16 15 8 47.191 1.93321 -0.00152915
367 2016/1/16 15 8 47.224 1.964033 -0.0151438
368 2016/1/16 15 8 47.257 1.957289 -0.016441367
369 2016/1/16 15 8 47.291 1.934844 0.001705667
370 2016/1/16 15 8 47.323 1.936001 0.02152815
371 2016/1/16 15 8 47.358 1.929164 0.021640967
372 2016/1/16 15 8 47.39 1.920998 0.005146867
373 2016/1/16 15 8 47.423 1.946539 -0.005574683
374 2016/1/16 15 8 47.457 1.963088 -0.0102627
375 2016/1/16 15 8 47.49 1.943881 0.0038962
376 2016/1/16 15 8 47.523 1.946303 0.020441633
377 2016/1/16 15 8 47.558 1.952411 0.022858617
378 2016/1/16 15 8 47.59 1.959105 0.013129377
379 2016/1/16 15 8 47.623 1.98253 0.000133328
380 2016/1/16 15 8 47.657 1.994846 -0.002309548
381 2016/1/16 15 8 47.69 1.971869 0.008146557
382 2016/1/16 15 8 47.723 1.977628 -0.015604495
383 2016/1/16 15 8 47.757 1.98 0.016639483
384 2016/1/16 15 8 47.791 1.989431 -0.003046354
385 2016/1/16 15 8 47.823 2.009056 -0.018869577
386 2016/1/16 15 8 47.859 2.008465 0.009839998
387 2016/1/16 15 8 47.89 1.983372 0.016962978
388 2016/1/16 15 8 47.923 1.988225 0.002565502
389 2016/1/16 15 8 47.957 1.979695 0.015184799
390 2016/1/16 15 8 47.99 1.954395 -0.01548884
391 2016/1/16 15 8 48.023 1.972568 -0.016592428
392 2016/1/16 15 8 48.057 2.004734 -0.010208184
393 2016/1/16 15 8 48.09 1.974812 -0.006234006
394 2016/1/16 15 8 48.123 1.975738 -0.004133449
395 2016/1/16 15 8 48.157 1.994727 0.003378811
396 2016/1/16 15 8 48.19 1.976254 0.000493244
397 2016/1/16 15 8 48.223 1.985405 0.008895352
398 2016/1/16 15 8 48.257 1.972632 0.007092115
399 2016/1/16 15 8 48.29 1.975875 -0.017515029
400 2016/1/16 15 8 48.323 1.985848 0.003631833
401 2016/1/16 15 8 48.357 1.975792 -0.004592907
402 2016/1/16 15 8 48.39 1.977244 -0.002054508
403 2016/1/16 15 8 48.424 1.972917 0.003124208
404 2016/1/16 15 8 48.456 1.965549 0.001702366
405 2016/1/16 15 8 48.49 1.98286 0.000841702
406 2016/1/16 15 8 48.523 1.971834 0.01257028
407 2016/1/16 15 8 48.557 1.968438 0.015458408
408 2016/1/16 15 8 48.589 1.960287 0.008587633
409 2016/1/16 15 8 48.624 1.957348 -0.020045108
410 2016/1/16 15 8 48.656 1.954159 0.014056936
411 2016/1/16 15 8 48.69 1.953504 -0.006057546
412 2016/1/16 15 8 48.723 1.955266 0.000784465
413 2016/1/16 15 8 48.756 1.934928 -0.008904254
414 2016/1/16 15 8 48.79 1.947967 -0.012927453
415 2016/1/16 15 8 48.824 1.947878 -0.010036116
416 2016/1/16 15 8 48.857 1.93952 0.009342597
417 2016/1/16 15 8 48.89 1.95411 -0.001088531
418 2016/1/16 15 8 48.923 1.942739 -0.020147259
419 2016/1/16 15 8 48.957 1.948926 0.009520994
420 2016/1/16 15 8 48.99 1.943556 -0.015330593
421 2016/1/16 15 8 49.023 1.936345 -0.007221519
422 2016/1/16 15 8 49.057 1.939412 -0.004836937
423 2016/1/16 15 8 49.09 1.95315 0.009266857
424 2016/1/16 15 8 49.123 1.947228 -0.015255736
425 2016/1/16 15 8 49.157 1.936035 0.001060554
426 2016/1/16 15 8 49.19 1.94234 0.006998711
427 2016/1/16 15 8 49.222 1.946918 0.004629918
428 2016/1/16 15 8 49.256 1.959903 -0.001765735
429 2016/1/16 15 8 49.29 1.964717 -0.001495107
430 2016/1/16 15 8 49.324 1.953223 -0.003520375
431 2016/1/16 15 8 49.356 1.942409 0.004838397
432 2016/1/16 15 8 49.39 1.941189 0.000592849
433 2016/1/16 15 8 49.422 1.927298 -0.006565442
434 2016/1/16 15 8 49.457 1.949891 0.001292873
435 2016/1/16 15 8 49.491 1.962753 0.008128258
436 2016/1/16 15 8 49.523 1.95125 -0.004963566
437 2016/1/16 15 8 49.556 1.938516 0.001207516
438 2016/1/16 15 8 49.59 1.942178 -0.005867809
439 2016/1/16 15 8 49.623 1.938634 -0.010474209
440 2016/1/16 15 8 49.656 1.951604 -0.009902365
441 2016/1/16 15 8 49.69 1.967375 -0.001271928
442 2016/1/16 15 8 49.724 1.97339 -0.014763357
443 2016/1/16 15 8 49.756 1.951171 0.016025556
444 2016/1/16 15 8 49.79 1.955739 0.007805749
445 2016/1/16 15 8 49.823 1.968984 0.012552168
446 2016/1/16 15 8 49.856 1.960567 0.016183258
447 2016/1/16 15 8 49.891 1.969181 0.001338314
448 2016/1/16 15 8 49.923 1.971111 -0.010731457
449 2016/1/16 15 8 49.957 1.950738 0.011500067
450 2016/1/16 15 8 49.99 1.949468 0.00721976
451 2016/1/16 15 8 50.023 1.957437 -0.015474249
452 2016/1/16 15 8 50.058 1.952943 -0.005970563
453 2016/1/16 15 8 50.09 1.969206 0.002835195
454 2016/1/16 15 8 50.122 1.981433 0.000244253
455 2016/1/16 15 8 50.156 1.954277 0.01402333
456 2016/1/16 15 8 50.189 1.951579 -0.001128141
457 2016/1/16 15 8 50.223 1.947494 -0.004438572
458 2016/1/16 15 8 50.256 1.93162 -0.003433422
459 2016/1/16 15 8 50.29 1.953627 0.005557086
460 2016/1/16 15 8 50.323 1.958372 0.010275854
461 2016/1/16 15 8 50.356 1.937674 0.011565183
462 2016/1/16 15 8 50.388 1.939436 0.009462039
463 2016/1/16 15 8 50.422 1.947612 0.006528185
464 2016/1/16 15 8 50.456 1.946406 0.000896754
465 2016/1/16 15 8 50.488 1.954612 -0.012482551
466 2016/1/16 15 8 50.523 1.956767 -0.011898699
467 2016/1/16 15 8 50.556 1.951279 0.013306372
468 2016/1/16 15 8 50.589 1.946145 -0.002346334
469 2016/1/16 15 8 50.622 1.936847 -0.010804673
470 2016/1/16 15 8 50.655 1.949561 -0.001919697
471 2016/1/16 15 8 50.688 1.953406 -0.001445825
472 2016/1/16 15 8 50.723 1.954326 0.003252952
473 2016/1/16 15 8 50.756 1.941459 0.007644532
474 2016/1/16 15 8 50.793 1.932811 -0.006159084
475 2016/1/16 15 8 50.825 1.947893 0.014885445
476 2016/1/16 15 8 50.855 1.934534 0.003163859
477 2016/1/16 15 8 50.889 1.957614 0.020808872
478 2016/1/16 15 8 50.924 1.962142 -0.011676817
479 2016/1/16 15 8 50.956 1.960336 0.005920369
480 2016/1/16 15 8 50.99 1.95346 -0.007438585
481 2016/1/16 15 8 51.022 1.953184 0.000243451
482 2016/1/16 15 8 51.055 1.960671 -0.007286579
483 2016/1/16 15 8 51.089 1.944895 -0.015650637
484 2016/1/16 15 8 51.123 1.952323 0.024585425
485 2016/1/16 15 8 51.155 1.954178 -0.002785753
486 2016/1/16 15 8 51.187 1.939436 0.009893413
487 2016/1/16 15 8 51.222 1.951388 -0.001380559
488 2016/1/16 15 8 51.255 1.936385 0.010750372
489 2016/1/16 15 8 51.288 1.953804 0.00529314
490 2016/1/16 15 8 51.322 1.941007 0.01246
491 2016/1/16 15 8 51.355 1.96323 0.015963387
492 2016/1/16 15 8 51.389 1.942724 0.002079024
493 2016/1/16 15 8 51.424 1.939791 -0.012728804
494 2016/1/16 15 8 51.455 1.942759 -0.000477262
495 2016/1/16 15 8 51.488 1.950949 0.02005326
496 2016/1/16 15 8 51.522 1.949291 -0.00504964
497 2016/1/16 15 8 51.555 1.965893 -0.007321022
498 2016/1/16 15 8 51.587 1.934121 -0.007058889
499 2016/1/16 15 8 51.622 1.944654 -0.001983541
500 2016/1/16 15 8 51.654 1.942139 0.009255068
501 2016/1/16 15 8 51.688 1.951471 0.01220023
502 2016/1/16 15 8 51.721 1.952923 -0.010587749
503 2016/1/16 15 8 51.755 1.944314 0.015489232
504 2016/1/16 15 8 51.788 1.925645 0.005489973
505 2016/1/16 15 8 51.822 1.931527 -0.009680855
506 2016/1/16 15 8 51.854 1.92655 -0.00072084
507 2016/1/16 15 8 51.888 1.939879 -0.006366115
508 2016/1/16 15 8 51.922 1.95121 0.023660135
509 2016/1/16 15 8 51.954 1.944314 0.001515775
510 2016/1/16 15 8 51.988 1.927313 -0.017874746
511 2016/1/16 15 8 52.022 1.926703 -0.017361166
512 2016/1/16 15 8 52.054 1.940701 -0.005989135
513 2016/1/16 15 8 52.087 1.936842 0.021770223
514 2016/1/16 15 8 52.122 1.95569 0.005270336
515 2016/1/16 15 8 52.155 1.931581 -0.010676204
516 2016/1/16 15 8 52.187 1.930586 0.007260064
517 2016/1/16 15 8 52.221 1.933623 -0.014194881
518 2016/1/16 15 8 52.254 1.937 -0.01402318
519 2016/1/16 15 8 52.287 1.928514 0.00647925
520 2016/1/16 15 8 52.322 1.947824 -0.009978543
521 2016/1/16 15 8 52.354 1.946608 -0.018886331
522 2016/1/16 15 8 52.387 1.927195 0.004279219
523 2016/1/16 15 8 52.421 1.923129 -0.005815043
524 2016/1/16 15 8 52.454 1.934957 0.014271686
525 2016/1/16 15 8 52.487 1.937733 0.000339283
526 2016/1/16 15 8 52.522 1.936975 0.010306679
527 2016/1/16 15 8 52.554 1.940446 -0.00301854
528 2016/1/16 15 8 52.588 1.938762 0.014812437
529 2016/1/16 15 8 52.621 1.939249 0.002959284
530 2016/1/16 15 8 52.654 1.933264 0.005087999
531 2016/1/16 15 8 52.687 1.935385 -0.011801232
532 2016/1/16 15 8 52.722 1.935725 0.013300114
533 2016/1/16 15 8 52.755 1.942124 -0.005219699
534 2016/1/16 15 8 52.787 1.92369 0.001799636
535 2016/1/16 15 8 52.821 1.924045 0.008847964
536 2016/1/16 15 8 52.854 1.918261 0.004924547
537 2016/1/16 15 8 52.888 1.927037 -0.001886386
538 2016/1/16 15 8 52.922 1.929174 0.004511061
539 2016/1/16 15 8 52.954 1.933791 0.003919837
540 2016/1/16 15 8 52.993 1.947543 0.008287458
541 2016/1/16 15 8 53.022 1.934736 -0.006419707
542 2016/1/16 15 8 53.054 1.943054 0.005943562
543 2016/1/16 15 8 53.088 1.938039 -0.02659776
544 2016/1/16 15 8 53.121 1.948085 0.017510003
545 2016/1/16 15 8 53.156 1.943015 -0.013472877
546 2016/1/16 15 8 53.187 1.943064 0.022485632
547 2016/1/16 15 8 53.221 1.93795 -0.000738179
548 2016/1/16 15 8 53.253 1.939397 0.009122458
549 2016/1/16 15 8 53.288 1.947258 0.001400393
550 2016/1/16 15 8 53.321 1.959115 0.008889848
551 2016/1/16 15 8 53.354 1.966056 -0.008196937
552 2016/1/16 15 8 53.387 1.954956 -0.010740538
553 2016/1/16 15 8 53.421 1.959366 0.012295161
554 2016/1/16 15 8 53.454 1.957841 0.004652535
555 2016/1/16 15 8 53.487 1.961375 -0.005564632
556 2016/1/16 15 8 53.521 1.953765 -0.004033455
557 2016/1/16 15 8 53.554 1.95248 -0.010741218
558 2016/1/16 15 8 53.587 1.941169 0.003718331
559 2016/1/16 15 8 53.621 1.933968 -0.011048326
560 2016/1/16 15 8 53.654 1.931512 -0.000629627
561 2016/1/16 15 8 53.688 1.94584 -0.001328944
562 2016/1/16 15 8 53.721 1.957594 0.001254427
563 2016/1/16 15 8 53.754 1.952948 0.001474967
564 2016/1/16 15 8 53.788 1.946185 0.008743615
565 2016/1/16 15 8 53.822 1.930468 -0.012208292
566 2016/1/16 15 8 53.854 1.940042 -0.013357877
567 2016/1/16 15 8 53.887 1.931197 0.01671125
568 2016/1/16 15 8 53.92 1.940185 0.01034525
569 2016/1/16 15 8 53.954 1.956005 0.005963093
570 2016/1/16 15 8 53.988 1.949975 0.005726045
571 2016/1/16 15 8 54.021 1.943709 0.1019963
572 2016/1/16 15 8 54.054 1.890372 1.0881906
573 2016/1/16 15 8 54.088 3.969166 -0.5816426
574 2016/1/16 15 8 54.121 3.847464 -0.3861599
575 2016/1/16 15 8 54.154 4.125179 -0.5765704
576 2016/1/16 15 8 54.188 4.068141 0.0535276
577 2016/1/16 15 8 54.221 4.090783 0.3990665
578 2016/1/16 15 8 54.254 4.069263 -0.3513034
579 2016/1/16 15 8 54.288 4.051858 -0.2294691
580 2016/1/16 15 8 54.32 4.063593 -0.920101
581 2016/1/16 15 8 54.354 4.007303 -0.340536
582 2016/1/16 15 8 54.388 4.109999 -0.1851528
583 2016/1/16 15 8 54.42 4.086363 -0.1183616
584 2016/1/16 15 8 54.454 4.039897 0.1228724
585 2016/1/16 15 8 54.488 4.129363 -0.2314592
586 2016/1/16 15 8 54.521 4.136599 -0.189427
587 2016/1/16 15 8 54.554 4.129333 -0.183001
588 2016/1/16 15 8 54.587 4.114183 0.0929656
589 2016/1/16 15 8 54.621 4.127306 0.2932699
590 2016/1/16 15 8 54.654 4.160452 0.2044539
591 2016/1/16 15 8 54.688 4.111909 -0.1054389
592 2016/1/16 15 8 54.721 4.105756 -0.2034473
593 2016/1/16 15 8 54.754 4.108365 -0.1348823
594 2016/1/16 15 8 54.789 4.146522 0.0336504
595 2016/1/16 15 8 54.821 4.13269 0.1729238
596 2016/1/16 15 8 54.853 4.111358 0.1611988
597 2016/1/16 15 8 54.888 4.1043 -0.0476175
598 2016/1/16 15 8 54.92 4.09097 -0.1526084
599 2016/1/16 15 8 54.953 4.079246 -0.246554
600 2016/1/16 15 8 54.987 4.09601 -0.0203826
601 2016/1/16 15 8 55.02 4.119657 0.0952448
602 2016/1/16 15 8 55.054 4.117186 0.1407427
603 2016/1/16 15 8 55.088 4.105432 -0.0081907
604 2016/1/16 15 8 55.121 4.089375 -0.1790698
605 2016/1/16 15 8 55.153 4.094475 -0.1833286
606 2016/1/16 15 8 55.187 4.097034 -0.1063692
607 2016/1/16 15 8 55.22 4.105668 0.0773073
608 2016/1/16 15 8 55.253 4.095036 0.1423296
609 2016/1/16 15 8 55.287 4.097783 0.0255759
610 2016/1/16 15 8 55.321 4.09604 -0.1203132
611 2016/1/16 15 8 55.353 4.081844 -0.1904077
612 2016/1/16 15 8 55.389 4.10045 -0.1093687
613 2016/1/16 15 8 55.42 4.10114 0.0363293
614 2016/1/16 15 8 55.454 4.097497 0.1027215
615 2016/1/16 15 8 55.487 4.09221 0.0428379
616 2016/1/16 15 8 55.52 4.089139 -0.0785911
617 2016/1/16 15 8 55.553 4.108611 -0.1861986
618 2016/1/16 15 8 55.587 4.081943 -0.1383025
619 2016/1/16 15 8 55.62 4.10302 -0.0207375
620 2016/1/16 15 8 55.654 4.09605 0.096173
621 2016/1/16 15 8 55.687 4.094839 0.0510398
622 2016/1/16 15 8 55.72 4.08779 -0.0890414
623 2016/1/16 15 8 55.753 4.08087 -0.1704388
624 2016/1/16 15 8 55.794 4.117639 -0.1537466
625 2016/1/16 15 8 55.828 4.090124 -0.0486185
626 2016/1/16 15 8 55.853 4.101573 0.0409066
627 2016/1/16 15 8 55.887 4.113976 0.0500101
628 2016/1/16 15 8 55.921 4.090891 -0.0657293
629 2016/1/16 15 8 55.954 4.074628 -0.1641059
630 2016/1/16 15 8 55.987 4.07519 -0.1579571
631 2016/1/16 15 8 56.021 4.083538 -0.0688422
632 2016/1/16 15 8 56.053 4.095046 0.0351442
633 2016/1/16 15 8 56.087 4.098649 0.0532798
634 2016/1/16 15 8 56.12 4.084581 -0.0242417
635 2016/1/16 15 8 56.154 4.058415 -0.1106812
636 2016/1/16 15 8 56.187 4.075898 -0.1306809
637 2016/1/16 15 8 56.223 4.0834 -0.04697
638 2016/1/16 15 8 56.253 4.11819 0.0550354
639 2016/1/16 15 8 56.287 4.107193 0.0676956
640 2016/1/16 15 8 56.322 4.058031 -0.0051653
641 2016/1/16 15 8 56.353 4.071271 -0.064022
642 2016/1/16 15 8 56.387 4.083331 -0.1172346
643 2016/1/16 15 8 56.421 4.070425 -0.0516145
644 2016/1/16 15 8 56.454 4.094287 0.0498085
645 2016/1/16 15 8 56.487 4.121586 0.1221556
646 2016/1/16 15 8 56.519 4.085703 0.0499135
647 2016/1/16 15 8 56.553 4.070582 -0.0302057
648 2016/1/16 15 8 56.587 4.088726 -0.0654773
649 2016/1/16 15 8 56.619 4.074353 -0.0345611
650 2016/1/16 15 8 56.654 4.090074 0.0490917
651 2016/1/16 15 8 56.686 4.11183 0.1102136
652 2016/1/16 15 8 56.72 4.104526 0.0787528
653 2016/1/16 15 8 56.753 4.081953 0.0008337
654 2016/1/16 15 8 56.787 4.0859 -0.06412
655 2016/1/16 15 8 56.82 4.104033 -0.032781
656 2016/1/16 15 8 56.852 4.095755 0.0463078
657 2016/1/16 15 8 56.886 4.111249 0.1005165
658 2016/1/16 15 8 56.92 4.098068 0.0729001
659 2016/1/16 15 8 56.952 4.080683 0.0142933
660 2016/1/16 15 8 56.987 4.087977 -0.0397222
661 2016/1/16 15 8 57.019 4.086235 -0.0614845
662 2016/1/16 15 8 57.053 4.102468 0.0207242
663 2016/1/16 15 8 57.086 4.12323 0.0951272
664 2016/1/16 15 8 57.119 4.120424 0.096964
665 2016/1/16 15 8 57.152 4.08719 0.0066185
666 2016/1/16 15 8 57.187 4.091393 -0.0583555
667 2016/1/16 15 8 57.219 4.094367 -0.0481411
668 2016/1/16 15 8 57.253 4.088007 -0.0120302
669 2016/1/16 15 8 57.287 4.106061 0.0452361
670 2016/1/16 15 8 57.32 4.108838 0.0519274
671 2016/1/16 15 8 57.353 4.082179 -0.0071519
672 2016/1/16 15 8 57.386 4.075495 -0.0782362
673 2016/1/16 15 8 57.42 4.096385 -0.0703549
674 2016/1/16 15 8 57.452 4.105855 -0.006573
675 2016/1/16 15 8 57.486 4.126912 0.0660933
676 2016/1/16 15 8 57.519 4.138794 0.0911925
677 2016/1/16 15 8 57.554 4.121635 0.0218582
678 2016/1/16 15 8 57.588 4.08782 -0.0621873
679 2016/1/16 15 8 57.619 4.08466 -0.085022
680 2016/1/16 15 8 57.654 4.085457 -0.031367
681 2016/1/16 15 8 57.687 4.086825 0.004298
682 2016/1/16 15 8 57.719 4.10237 0.0135422
683 2016/1/16 15 8 57.754 4.081893 -0.0248668
684 2016/1/16 15 8 57.785 4.079039 -0.0695723
685 2016/1/16 15 8 57.82 4.078566 -0.0814926
686 2016/1/16 15 8 57.852 4.10109 -0.001741396
687 2016/1/16 15 8 57.887 4.095006 -0.02892949
688 2016/1/16 15 8 57.919 4.117156 0.042014738
689 2016/1/16 15 8 57.953 4.082553 -0.022500163
690 2016/1/16 15 8 57.986 4.091787 -0.024755214
691 2016/1/16 15 8 58.019 4.075003 0.010471882
692 2016/1/16 15 8 58.054 4.065798 -0.000954437
693 2016/1/16 15 8 58.086 4.086708 -0.028696467
694 2016/1/16 15 8 58.119 4.093982 -0.023478699
695 2016/1/16 15 8 58.152 4.069932 -0.03979208
696 2016/1/16 15 8 58.186 4.06059 -0.010992786
697 2016/1/16 15 8 58.218 4.057578 -0.02031418
698 2016/1/16 15 8 58.252 4.049604 0.036867766
699 2016/1/16 15 8 58.286 4.062195 0.011404127
700 2016/1/16 15 8 58.319 4.073211 -0.007275878
701 2016/1/16 15 8 58.352 4.079846 0.006317479
702 2016/1/16 15 8 58.386 4.073349 0.012015674
703 2016/1/16 15 8 58.418 4.06061 -0.005652796
704 2016/1/16 15 8 58.452 4.053345 0.022833642
705 2016/1/16 15 8 58.486 4.071183 -0.015285876
706 2016/1/16 15 8 58.519 4.080515 0.011007581
707 2016/1/16 15 8 58.552 4.068495 0.017234899
708 2016/1/16 15 8 58.586 4.061959 0.008550926
709 2016/1/16 15 8 58.618 4.075091 -0.00206018
710 2016/1/16 15 8 58.653 4.058602 0.004623253
711 2016/1/16 15 8 58.686 4.061388 0.009847351
712 2016/1/16 15 8 58.719 4.068604 -0.004894196
713 2016/1/16 15 8 58.753 4.070976 -0.002611544
714 2016/1/16 15 8 58.785 4.055176 0.070929772
715 2016/1/16 15 8 58.821 4.039937 0.0495327
716 2016/1/16 15 8 58.852 4.034719 0.03243712
717 2016/1/16 15 8 58.885 4.054014 -0.009191095
718 2016/1/16 15 8 58.918 4.072551 -0.026403539
719 2016/1/16 15 8 58.978 4.073172 -0.041403451
720 2016/1/16 15 8 59.02 4.071222 0.00137367
721 2016/1/16 15 8 59.062 4.069824 0.038077931
722 2016/1/16 15 8 59.111 4.069273 0.005927198
723 2016/1/16 15 8 59.154 4.058326 0.003700093
724 2016/1/16 15 8 59.19 4.096768 -0.032525195
725 2016/1/16 15 8 59.227 4.064646 0.038827036
726 2016/1/16 15 8 59.278 4.055501 -0.010466671
727 2016/1/16 15 8 59.325 4.056997 0.016549192
728 2016/1/16 15 8 59.347 4.056899 -0.010452871
729 2016/1/16 15 8 59.373 4.053296 -0.010394348
730 2016/1/16 15 8 59.395 4.067334 -0.013566938
731 2016/1/16 15 8 59.421 4.084256 -0.016146994
732 2016/1/16 15 8 59.452 4.053463 0.015588631
733 2016/1/16 15 8 59.487 4.069765 0.009529662
734 2016/1/16 15 8 59.518 4.075396 0.025108637
735 2016/1/16 15 8 59.553 4.077237 -0.006400685
736 2016/1/16 15 8 59.585 4.068249 0.012606554
737 2016/1/16 15 8 59.618 4.082297 0.040139728
738 2016/1/16 15 8 59.652 4.07454 -0.001900585
739 2016/1/16 15 8 59.687 4.067058 -0.042575934
740 2016/1/16 15 8 59.718 4.065345 0.03702374
741 2016/1/16 15 8 59.752 4.059882 -0.01787281
742 2016/1/16 15 8 59.787 4.055964 0.038489835
743 2016/1/16 15 8 59.82 4.076883 -0.021929542
744 2016/1/16 15 8 59.852 4.056091 0.017896483
745 2016/1/16 15 8 59.885 4.074333 0.007978506
746 2016/1/16 15 8 59.918 4.068092 -0.024291144
747 2016/1/16 15 8 59.953 4.066083 -0.00198757
748 2016/1/16 15 8 59.986 4.058178 -0.038129861
749 2016/1/16 15 9 0.027 4.069401 0.019853584
750 2016/1/16 15 9 0.071 4.07896 0.010835564
751 2016/1/16 15 9 0.095 4.058887 0.03293117
752 2016/1/16 15 9 0.12 4.081254 0.013881484
753 2016/1/16 15 9 0.152 4.073752 0.029902179
754 2016/1/16 15 9 0.185 4.064627 0.000301972
755 2016/1/16 15 9 0.219 4.067619 -0.031976131
756 2016/1/16 15 9 0.252 4.078034 -0.002531695
757 2016/1/16 15 9 0.285 4.055521 -0.046112229
758 2016/1/16 15 9 0.32 4.058503 0.016973673
759 2016/1/16 15 9 0.352 4.057056 0.00969088
760 2016/1/16 15 9 0.385 4.053503 0.017285385
761 2016/1/16 15 9 0.417 4.060433 0.004352239
762 2016/1/16 15 9 0.452 4.06566 0.015989992
763 2016/1/16 15 9 0.486 4.054782 0.008110438
764 2016/1/16 15 9 0.518 4.063593 0.005681631
765 2016/1/16 15 9 0.552 4.06627 0.00084709
766 2016/1/16 15 9 0.586 4.060709 0.010888046
767 2016/1/16 15 9 0.618 4.052843 -0.020291368
768 2016/1/16 15 9 0.651 4.039671 -0.016653978
769 2016/1/16 15 9 0.684 4.053345 -0.006878873
770 2016/1/16 15 9 0.719 4.044465 0.016041369
771 2016/1/16 15 9 0.751 4.053729 -0.014314464
772 2016/1/16 15 9 0.79 4.03783 -0.050855821
773 2016/1/16 15 9 0.822 4.024038 -0.021622631
774 2016/1/16 15 9 0.852 4.04609 0.017565704
775 2016/1/16 15 9 0.885 4.052134 0.032400887
776 2016/1/16 15 9 0.919 4.049023 -0.033545742
777 2016/1/16 15 9 0.952 4.05808 0.014375678
778 2016/1/16 15 9 0.985 4.060226 -0.009653468
779 2016/1/16 15 9 1.018 4.062402 -0.04288478
780 2016/1/16 15 9 1.052 4.068407 0.023090768
781 2016/1/16 15 9 1.086 4.048177 -0.007454111
782 2016/1/16 15 9 1.118 4.054241 0.008699697
783 2016/1/16 15 9 1.151 4.062451 -0.04112135
784 2016/1/16 15 9 1.185 4.063839 -0.037645049
785 2016/1/16 15 9 1.221 4.070494 0.015285397
786 2016/1/16 15 9 1.252 4.062579 0.015837644
787 2016/1/16 15 9 1.284 4.063317 0.011703169
788 2016/1/16 15 9 1.319 4.055727 -0.001264051
789 2016/1/16 15 9 1.351 4.05616 0.003416626
790 2016/1/16 15 9 1.385 4.061988 0.004320006
791 2016/1/16 15 9 1.419 4.064184 -0.019983325
792 2016/1/16 15 9 1.452 4.068505 0.002588206
793 2016/1/16 15 9 1.485 4.062835 0.000661663
794 2016/1/16 15 9 1.518 4.066507 -0.013489608
795 2016/1/16 15 9 1.551 4.071941 -0.009060982
796 2016/1/16 15 9 1.586 4.082071 -0.001146475
797 2016/1/16 15 9 1.618 4.084266 0.013823658
798 2016/1/16 15 9 1.652 4.074058 0.001496054
799 2016/1/16 15 9 1.685 4.075938 -0.005491918
800 2016/1/16 15 9 1.719 4.071114 0.007632595
801 2016/1/16 15 9 1.751 4.068535 -0.017361332
802 2016/1/16 15 9 1.785 4.067432 -0.005536633
803 2016/1/16 15 9 1.819 4.057578 -0.019895184
804 2016/1/16 15 9 1.851 4.053118 0.013052475
805 2016/1/16 15 9 1.884 4.049732 -0.015633535
806 2016/1/16 15 9 1.918 4.069686 0.003313166
807 2016/1/16 15 9 1.953 4.077651 0.001368755
808 2016/1/16 15 9 1.984 4.069598 0.006982451
809 2016/1/16 15 9 2.019 4.071626 -0.019170038
810 2016/1/16 15 9 2.052 4.071321 0.008670302
811 2016/1/16 15 9 2.086 4.064587 -0.01117583
812 2016/1/16 15 9 2.119 4.057145 0.019309923
813 2016/1/16 15 9 2.152 4.08146 0.011441938
814 2016/1/16 15 9 2.185 4.070277 -0.011072101
815 2016/1/16 15 9 2.219 4.074353 0.001610552
816 2016/1/16 15 9 2.252 4.067511 -0.006324551
817 2016/1/16 15 9 2.317 4.064764 0.008671809
818 2016/1/16 15 9 2.342 4.073447 -0.004206961
819 2016/1/16 15 9 2.363 4.077218 0.004127172
820 2016/1/16 15 9 2.39 4.064036 -0.014814008
821 2016/1/16 15 9 2.418 4.068899 -0.007929396
822 2016/1/16 15 9 2.452 4.064528 -0.000754647
823 2016/1/16 15 9 2.485 4.062027 -0.025265984
824 2016/1/16 15 9 2.519 4.073545 -0.006109543
825 2016/1/16 15 9 2.554 4.074983 0.003805377
826 2016/1/16 15 9 2.585 4.075219 0.01633807
827 2016/1/16 15 9 2.618 4.079295 0.006217465
828 2016/1/16 15 9 2.651 4.076932 -0.01786624
829 2016/1/16 15 9 2.685 4.065867 -0.020415149
830 2016/1/16 15 9 2.719 4.073693 0.00133541
831 2016/1/16 15 9 2.751 4.086589 -0.004747094
832 2016/1/16 15 9 2.784 4.075475 0.013947193
833 2016/1/16 15 9 2.818 4.050786 0.009559959
834 2016/1/16 15 9 2.851 4.055875 0.007723048
835 2016/1/16 15 9 2.884 4.060393 -0.01945106
836 2016/1/16 15 9 2.918 4.04733 -0.015871921
837 2016/1/16 15 9 2.952 4.071203 -0.018374136
838 2016/1/16 15 9 2.985 4.05873 -0.002348539
839 2016/1/16 15 9 3.018 4.053227 0.001632716
840 2016/1/16 15 9 3.051 4.059488 0.003586888
841 2016/1/16 15 9 3.085 4.071035 -0.018196882
842 2016/1/16 15 9 3.118 4.078557 -0.021342283
843 2016/1/16 15 9 3.151 4.071587 -0.00014529
844 2016/1/16 15 9 3.184 4.070326 -0.002061459
845 2016/1/16 15 9 3.218 4.074431 0.006844145
846 2016/1/16 15 9 3.25 4.085457 0.004450642
847 2016/1/16 15 9 3.284 4.096985 0.001639016
848 2016/1/16 15 9 3.317 4.083154 -0.004959996
849 2016/1/16 15 9 3.352 4.070208 -0.009416126
850 2016/1/16 15 9 3.384 4.075731 -0.002535191
851 2016/1/16 15 9 3.418 4.074215 0.003004838
852 2016/1/16 15 9 3.451 4.062697 -0.005380741
853 2016/1/16 15 9 3.485 4.074786 -0.001200225
854 2016/1/16 15 9 3.518 4.06884 0.011111166
855 2016/1/16 15 9 3.551 4.067964 0.014051928
856 2016/1/16 15 9 3.585 4.06123 0.009790983
857 2016/1/16 15 9 3.618 4.055353 0.022440359
858 2016/1/16 15 9 3.651 4.051888 -0.027094876
859 2016/1/16 15 9 3.685 4.050835 -0.022577642
860 2016/1/16 15 9 3.718 4.054615 0.008440168
861 2016/1/16 15 9 3.751 4.063475 0.000349124
862 2016/1/16 15 9 3.784 4.061122 0.0150669
863 2016/1/16 15 9 3.818 4.057716 -0.009836482
864 2016/1/16 15 9 3.852 4.070681 0.003351517
865 2016/1/16 15 9 3.885 4.07388 -0.020320762
866 2016/1/16 15 9 3.917 4.062156 -0.007742473
867 2016/1/16 15 9 3.951 4.049269 -0.000137607
868 2016/1/16 15 9 3.985 4.0543 -0.011546985
869 2016/1/16 15 9 4.019 4.06063 0.01098659
870 2016/1/16 15 9 4.051 4.062106 -0.000257809
871 2016/1/16 15 9 4.085 4.064105 0.0194368
872 2016/1/16 15 9 4.117 4.068082 0.01031622
873 2016/1/16 15 9 4.151 4.080132 0.009724671
874 2016/1/16 15 9 4.185 4.080388 0.0165789
875 2016/1/16 15 9 4.219 4.094337 0.004605795
876 2016/1/16 15 9 4.251 4.093028 0.005474158
877 2016/1/16 15 9 4.284 4.102971 -0.019255284
878 2016/1/16 15 9 4.318 4.104595 0.001312431
879 2016/1/16 15 9 4.352 4.084177 0.010385148
880 2016/1/16 15 9 4.385 4.07324 0.008574759
881 2016/1/16 15 9 4.418 4.072473 0.004253851
882 2016/1/16 15 9 4.451 4.058248 0.009990085
883 2016/1/16 15 9 4.486 4.07387 -0.008069206
884 2016/1/16 15 9 4.518 4.07264 0.014363204
885 2016/1/16 15 9 4.551 4.063445 -0.000871756
886 2016/1/16 15 9 4.587 4.049899 0.004837858
887 2016/1/16 15 9 4.618 4.05617 -0.000711491
888 2016/1/16 15 9 4.65 4.054891 0.000335334
889 2016/1/16 15 9 4.684 4.058582 -0.003487322
890 2016/1/16 15 9 4.719 4.050677 -0.009482721
891 2016/1/16 15 9 4.751 4.057125 0.006735568
892 2016/1/16 15 9 4.785 4.063229 0.009889691
893 2016/1/16 15 9 4.817 4.055983 0.006197057
894 2016/1/16 15 9 4.851 4.066438 -0.004311657
895 2016/1/16 15 9 4.884 4.072286 0.011502669
896 2016/1/16 15 9 4.919 4.063553 0.013313752
897 2016/1/16 15 9 4.95 4.065798 0.009147745
898 2016/1/16 15 9 4.987 4.069204 0.001999069
899 2016/1/16 15 9 5.018 4.068298 0.019915161
900 2016/1/16 15 9 5.05 4.058277 0.000479736
901 2016/1/16 15 9 5.085 4.052754 0.00016258
902 2016/1/16 15 9 5.119 4.063622 -0.026322072
903 2016/1/16 15 9 5.151 4.052754 0.012724667
904 2016/1/16 15 9 5.184 4.050352 -0.001495147
905 2016/1/16 15 9 5.218 4.061565 0.003089724
906 2016/1/16 15 9 5.251 4.056082 -0.010584595
907 2016/1/16 15 9 5.285 4.050185 0.001569858
908 2016/1/16 15 9 5.319 4.051238 -0.00868376
909 2016/1/16 15 9 5.351 4.053 0.008389754
910 2016/1/16 15 9 5.384 4.062943 -0.005967174
911 2016/1/16 15 9 5.418 4.064951 -0.011927834
912 2016/1/16 15 9 5.451 4.046021 -0.01849005
913 2016/1/16 15 9 5.486 4.039651 -0.005581003
914 2016/1/16 15 9 5.517 4.052164 0.013773167
915 2016/1/16 15 9 5.551 4.059655 -0.000242738
916 2016/1/16 15 9 5.584 4.06123 -0.016189732
917 2016/1/16 15 9 5.618 4.041079 0.01198757
918 2016/1/16 15 9 5.65 4.045637 -0.013487497
919 2016/1/16 15 9 5.685 4.042811 -0.025156501
920 2016/1/16 15 9 5.717 4.04922 0.003749128
921 2016/1/16 15 9 5.751 4.050786 -0.003352496
922 2016/1/16 15 9 5.79 4.057135 -0.021725717
923 2016/1/16 15 9 5.823 4.052203 -0.005147704
924 2016/1/16 15 9 5.852 4.033351 0.011640335
925 2016/1/16 15 9 5.884 4.057312 -0.002165945
926 2016/1/16 15 9 5.918 4.049909 -0.001906634
927 2016/1/16 15 9 5.951 4.047281 0.020185307
928 2016/1/16 15 9 5.985 4.0568 -0.005288863
929 2016/1/16 15 9 6.017 4.051287 0.001046168
930 2016/1/16 15 9 6.051 4.058178 0.005996931
931 2016/1/16 15 9 6.084 4.063416 0.004304846
932 2016/1/16 15 9 6.117 4.067117 0.003117653
933 2016/1/16 15 9 6.151 4.063091 0.00448504
934 2016/1/16 15 9 6.185 4.054969 -0.004242053
935 2016/1/16 15 9 6.219 4.042526 0.009824279
936 2016/1/16 15 9 6.253 4.049131 -0.001566665
937 2016/1/16 15 9 6.284 4.047468 -0.000679681
938 2016/1/16 15 9 6.318 4.044318 0.006754905
939 2016/1/16 15 9 6.351 4.041591 0.007065419
940 2016/1/16 15 9 6.384 4.044396 0.018625368
941 2016/1/16 15 9 6.417 4.031136 -0.009411164
942 2016/1/16 15 9 6.451 4.027887 -0.006367733
943 2016/1/16 15 9 6.485 4.028055 0.013869469
944 2016/1/16 15 9 6.518 4.024698 -0.003990476
945 2016/1/16 15 9 6.552 4.031234 0.004515415
946 2016/1/16 15 9 6.585 4.037939 -0.003557735
947 2016/1/16 15 9 6.62 4.031687 0.002430214
948 2016/1/16 15 9 6.652 4.020248 -0.004577548
949 2016/1/16 15 9 6.684 4.035468 0.008296595
950 2016/1/16 15 9 6.716 4.035054 -0.001511799
951 2016/1/16 15 9 6.751 4.045893 0.010041654
952 2016/1/16 15 9 6.784 4.047872 0.016775015
953 2016/1/16 15 9 6.818 4.046119 0.00682269
954 2016/1/16 15 9 6.851 4.045647 0.014119976
955 2016/1/16 15 9 6.884 4.027789 -0.002682754
956 2016/1/16 15 9 6.917 4.026489 -0.001244662
957 2016/1/16 15 9 6.951 4.026932 -0.017832521
958 2016/1/16 15 9 6.985 4.02328 0.022789446
959 2016/1/16 15 9 7.017 4.025092 -0.004141996
960 2016/1/16 15 9 7.05 4.028625 -0.000481445
961 2016/1/16 15 9 7.085 4.031589 0.010342372
962 2016/1/16 15 9 7.117 4.020927 -0.009775086
963 2016/1/16 15 9 7.151 4.013022 -0.001748131
964 2016/1/16 15 9 7.183 4.019648 0.002641669
965 2016/1/16 15 9 7.217 4.018092 -0.002976934
966 2016/1/16 15 9 7.252 4.01443 0.009396929
967 2016/1/16 15 9 7.284 4.031353 -0.000984756
968 2016/1/16 15 9 7.317 4.027533 -0.003085092
969 2016/1/16 15 9 7.352 4.039336 0.005267944
970 2016/1/16 15 9 7.384 4.039957 -0.006656598
971 2016/1/16 15 9 7.416 4.052252 0.003586307
972 2016/1/16 15 9 7.451 4.056279 0.003061679
973 2016/1/16 15 9 7.485 4.051208 -0.034511071
974 2016/1/16 15 9 7.517 4.060856 -0.02048765
975 2016/1/16 15 9 7.55 4.065886 0.003210187
976 2016/1/16 15 9 7.584 4.080634 0.008249605
977 2016/1/16 15 9 7.619 4.087367 -0.000202144
978 2016/1/16 15 9 7.65 4.086609 0.010371166
979 2016/1/16 15 9 7.683 4.081411 0.006453452
980 2016/1/16 15 9 7.716 4.099377 -0.005384063
981 2016/1/16 15 9 7.752 4.118781 0.001683176
982 2016/1/16 15 9 7.784 4.105983 0.008281231
983 2016/1/16 15 9 7.816 4.104201 -0.009431559
984 2016/1/16 15 9 7.853 4.086166 0.01635765
985 2016/1/16 15 9 7.883 4.076824 0.003813809
986 2016/1/16 15 9 7.917 4.079186 -0.011176055
987 2016/1/16 15 9 7.95 4.080043 -0.004009726
988 2016/1/16 15 9 7.984 4.087022 -0.007045558
989 2016/1/16 15 9 8.016 4.081884 0.009802557
990 2016/1/16 15 9 8.05 4.07959 0.004389274
991 2016/1/16 15 9 8.084 4.088155 0.003052922
992 2016/1/16 15 9 8.116 4.085585 0.002066189
993 2016/1/16 15 9 8.151 4.080013 -0.001469125
994 2016/1/16 15 9 8.183 4.068702 -8.37E-05
995 2016/1/16 15 9 8.216 4.083715 -0.017786709
996 2016/1/16 15 9 8.255 4.061919 0.001123714
997 2016/1/16 15 9 8.283 4.067708 0.011050157
998 2016/1/16 15 9 8.316 4.0644 0.014310114
999 2016/1/16 15 9 8.351 4.067521 0.005901581
1000 2016/1/16 15 9 8.382 4.077178 -0.008758327
1001 2016/1/16 15 9 8.416 4.074255 -0.006296456
1002 2016/1/16 15 9 8.449 4.065099 0.007312291
1003 2016/1/16 15 9 8.484 4.065463 0.01898247
1004 2016/1/16 15 9 8.516 4.081214 -0.008376897
1005 2016/1/16 15 9 8.55 4.078418 -0.003486268
1006 2016/1/16 15 9 8.583 4.063406 0.006454979
1007 2016/1/16 15 9 8.617 4.048265 0.001226223
1008 2016/1/16 15 9 8.65 4.048816 0.000560765
1009 2016/1/16 15 9 8.683 4.055894 -0.000251242
1010 2016/1/16 15 9 8.716 4.054959 -0.001184141
1011 2016/1/16 15 9 8.751 4.049634 0.005438687
1012 2016/1/16 15 9 8.784 4.061772 -0.008624904
1013 2016/1/16 15 9 8.817 4.063908 0.002562066
1014 2016/1/16 15 9 8.851 4.045538 -0.012220031
1015 2016/1/16 15 9 8.883 4.044977 0.009871714
1016 2016/1/16 15 9 8.916 4.057411 -0.003876659
1017 2016/1/16 15 9 8.952 4.059724 -0.002821999
1018 2016/1/16 15 9 8.983 4.045538 0.003169572
1019 2016/1/16 15 9 9.017 4.056298 -0.008750564
1020 2016/1/16 15 9 9.05 4.060777 -0.009808497
1021 2016/1/16 15 9 9.084 4.055461 0.00399577
1022 2016/1/16 15 9 9.117 4.060206 -0.009019326
1023 2016/1/16 15 9 9.15 4.0619 0.012887734
1024 2016/1/16 15 9 9.183 4.070002 -0.021004264
1025 2016/1/16 15 9 9.216 4.055894 -0.002711877
1026 2016/1/16 15 9 9.25 4.064026 -0.006498538
1027 2016/1/16 15 9 9.283 4.073742 0.010524496
1028 2016/1/16 15 9 9.316 4.071665 -0.000269968
1029 2016/1/16 15 9 9.35 4.065857 0.005556094
1030 2016/1/16 15 9 9.383 4.066713 0.011667803
1031 2016/1/16 15 9 9.416 4.072364 0.020481106
1032 2016/1/16 15 9 9.45 4.058228 -0.004804151
1033 2016/1/16 15 9 9.484 4.069972 -0.015425878
1034 2016/1/16 15 9 9.518 4.067275 0.017140832
1035 2016/1/16 15 9 9.549 4.073477 -0.010134841
1036 2016/1/16 15 9 9.584 4.067107 0.01807261
1037 2016/1/16 15 9 9.617 4.070838 0.009294115
1038 2016/1/16 15 9 9.649 4.07515 -0.004826582
1039 2016/1/16 15 9 9.683 4.068712 0.04558275
1040 2016/1/16 15 9 9.716 5.451867 -0.0662605
1041 2016/1/16 15 9 9.751 6.561348 -0.11707775
1042 2016/1/16 15 9 9.783 6.639877 -0.209372
1043 2016/1/16 15 9 9.816 6.544032 0.0313545
1044 2016/1/16 15 9 9.85 6.611653 0.036193
1045 2016/1/16 15 9 9.884 6.70359 0.01475625
1046 2016/1/16 15 9 9.916 6.549634 -0.098737
1047 2016/1/16 15 9 9.95 6.476175 -0.20605575
1048 2016/1/16 15 9 9.983 6.493688 -0.14573225
1049 2016/1/16 15 9 10.019 6.64414 -0.129932
1050 2016/1/16 15 9 10.049 6.603974 -0.01460025
1051 2016/1/16 15 9 10.084 6.531569 0.0271515
1052 2016/1/16 15 9 10.116 6.601602 -0.04392425
1053 2016/1/16 15 9 10.15 6.700892 -0.1285815
1054 2016/1/16 15 9 10.182 6.595253 -0.1811585
1055 2016/1/16 15 9 10.216 6.56315 -0.12291125
1056 2016/1/16 15 9 10.25 6.617786 -0.000569
1057 2016/1/16 15 9 10.283 6.684137 0.062622
1058 2016/1/16 15 9 10.316 6.647004 0.11511675
1059 2016/1/16 15 9 10.35 6.642673 0.0526645
1060 2016/1/16 15 9 10.383 6.633803 -0.042802
1061 2016/1/16 15 9 10.416 6.651966 -0.07854025
1062 2016/1/16 15 9 10.45 6.639266 -0.036835
1063 2016/1/16 15 9 10.483 6.643913 0.05163325
1064 2016/1/16 15 9 10.519 6.649052 0.07674625
1065 2016/1/16 15 9 10.55 6.643569 0.06018
1066 2016/1/16 15 9 10.583 6.638085 -0.026707
1067 2016/1/16 15 9 10.617 6.630919 -0.07353175
1068 2016/1/16 15 9 10.65 6.639906 -0.0596495
1069 2016/1/16 15 9 10.683 6.637445 0.02063825
1070 2016/1/16 15 9 10.716 6.644297 0.06764225
1071 2016/1/16 15 9 10.75 6.642752 0.0530625
1072 2016/1/16 15 9 10.787 6.642082 -0.0035635
1073 2016/1/16 15 9 10.82 6.626646 -0.0650275
1074 2016/1/16 15 9 10.852 6.631864 -0.0631615
1075 2016/1/16 15 9 10.883 6.61753 -0.005013
1076 2016/1/16 15 9 10.916 6.646719 0.06298525
1077 2016/1/16 15 9 10.95 6.638647 0.05867625
1078 2016/1/16 15 9 10.983 6.651582 0.00967225
1079 2016/1/16 15 9 11.019 6.652694 -0.049701
1080 2016/1/16 15 9 11.05 6.655697 -0.0689505
1081 2016/1/16 15 9 11.083 6.607686 -0.03411625
1082 2016/1/16 15 9 11.117 6.642811 0.0198205
1083 2016/1/16 15 9 11.15 6.656819 0.043073
1084 2016/1/16 15 9 11.182 6.614882 0.0118245
1085 2016/1/16 15 9 11.216 6.614655 -0.0480165
1086 2016/1/16 15 9 11.253 6.625563 -0.07348875
1087 2016/1/16 15 9 11.283 6.622443 -0.04635325
1088 2016/1/16 15 9 11.316 6.618141 0.01531
1089 2016/1/16 15 9 11.349 6.639395 0.04583425
1090 2016/1/16 15 9 11.383 6.643254 0.0348025
1091 2016/1/16 15 9 11.416 6.62073 -0.03036475
1092 2016/1/16 15 9 11.45 6.635221 -0.06104725
1093 2016/1/16 15 9 11.483 6.60174 -0.048559
1094 2016/1/16 15 9 11.519 6.639208 0.01317375
1095 2016/1/16 15 9 11.549 6.648274 0.05683725
1096 2016/1/16 15 9 11.583 6.648707 0.0422005
1097 2016/1/16 15 9 11.616 6.615542 -0.007001
1098 2016/1/16 15 9 11.651 6.610757 -0.04698225
1099 2016/1/16 15 9 11.683 6.63019 -0.04401775
1100 2016/1/16 15 9 11.716 6.618347 0.007715
1101 2016/1/16 15 9 11.75 6.653974 0.047458
1102 2016/1/16 15 9 11.784 6.6764 0.04880975
1103 2016/1/16 15 9 11.816 6.622344 0.00017625
1104 2016/1/16 15 9 11.85 6.63212 -0.04181125
1105 2016/1/16 15 9 11.883 6.636924 -0.03849925
1106 2016/1/16 15 9 11.916 6.64219 -0.0047965
1107 2016/1/16 15 9 11.949 6.666289 0.03785925
1108 2016/1/16 15 9 11.983 6.663012 0.04338375
1109 2016/1/16 15 9 12.018 6.644661 0.00930375
1110 2016/1/16 15 9 12.049 6.643598 -0.04065025
1111 2016/1/16 15 9 12.083 6.65111 -0.04974225
1112 2016/1/16 15 9 12.116 6.644415 -0.01764475
1113 2016/1/16 15 9 12.15 6.658306 0.02595375
1114 2016/1/16 15 9 12.183 6.669873 0.047306
1115 2016/1/16 15 9 12.216 6.684758 0.036705
1116 2016/1/16 15 9 12.25 6.672098 -0.00914525
1117 2016/1/16 15 9 12.284 6.636609 -0.04391375
1118 2016/1/16 15 9 12.316 6.612332 -0.03484225
1119 2016/1/16 15 9 12.349 6.635949 0.0191365
1120 2016/1/16 15 9 12.383 6.665266 0.047362
1121 2016/1/16 15 9 12.418 6.646335 0.01957575
1122 2016/1/16 15 9 12.45 6.612126 -0.0356525
1123 2016/1/16 15 9 12.483 6.625209 -0.05502375
1124 2016/1/16 15 9 12.517 6.629304 -0.0414785
1125 2016/1/16 15 9 12.55 6.632504 0.00231425
1126 2016/1/16 15 9 12.584 6.651424 0.03135025
1127 2016/1/16 15 9 12.616 6.633734 0.024023
1128 2016/1/16 15 9 12.65 6.615926 -0.015002
1129 2016/1/16 15 9 12.683 6.618219 -0.0425595
1130 2016/1/16 15 9 12.716 6.617383 -0.0339335
1131 2016/1/16 15 9 12.751 6.643076 0.00944825
1132 2016/1/16 15 9 12.783 6.64602 0.03754425
1133 2016/1/16 15 9 12.816 6.638115 0.03122225
1134 2016/1/16 15 9 12.849 6.618574 -0.007033
1135 2016/1/16 15 9 12.883 6.618761 -0.03087725
1136 2016/1/16 15 9 12.917 6.618485 -0.03166925
1137 2016/1/16 15 9 12.95 6.625997 0.00112375
1138 2016/1/16 15 9 12.983 6.640025 0.03587075
1139 2016/1/16 15 9 13.017 6.647113 0.036033
1140 2016/1/16 15 9 13.049 6.623831 0.005702
1141 2016/1/16 15 9 13.083 6.631401 -0.02458875
1142 2016/1/16 15 9 13.116 6.62389 -0.0223275
1143 2016/1/16 15 9 13.151 6.651848 0.006765
1144 2016/1/16 15 9 13.183 6.645882 0.03133425
1145 2016/1/16 15 9 13.216 6.647949 0.035277
1146 2016/1/16 15 9 13.249 6.642496 0.0160385
1147 2016/1/16 15 9 13.284 6.62328 -0.020016
1148 2016/1/16 15 9 13.316 6.620336 -0.0272375
1149 2016/1/16 15 9 13.35 6.627709 -0.00403675
1150 2016/1/16 15 9 13.383 6.650608 0.028491
1151 2016/1/16 15 9 13.416 6.647152 0.03781725
1152 2016/1/16 15 9 13.45 6.640399 0.01698175
1153 2016/1/16 15 9 13.483 6.627965 -0.01235525
1154 2016/1/16 15 9 13.516 6.630505 -0.021877
1155 2016/1/16 15 9 13.55 6.619972 0.0009575
1156 2016/1/16 15 9 13.583 6.64856 0.02474825
1157 2016/1/16 15 9 13.616 6.658345 0.03998075
1158 2016/1/16 15 9 13.65 6.640595 0.01881025
1159 2016/1/16 15 9 13.683 6.620366 -0.011725
1160 2016/1/16 15 9 13.716 6.626567 -0.02041825
1161 2016/1/16 15 9 13.749 6.6163 0.004005
1162 2016/1/16 15 9 13.785 6.633065 0.0271455
1163 2016/1/16 15 9 13.816 6.644041 0.03969025
1164 2016/1/16 15 9 13.85 6.633301 0.029662
1165 2016/1/16 15 9 13.884 6.632395 0.00784625
1166 2016/1/16 15 9 13.916 6.623801 -0.0078815
1167 2016/1/16 15 9 13.949 6.63145 0.0097325
1168 2016/1/16 15 9 13.983 6.641885 0.0333885
1169 2016/1/16 15 9 14.017 6.65928 0.0479545
1170 2016/1/16 15 9 14.05 6.65043 0.03502525
1171 2016/1/16 15 9 14.083 6.629324 0.014328
1172 2016/1/16 15 9 14.116 6.623063 -0.00979125
1173 2016/1/16 15 9 14.15 6.631568 -0.0024055
1174 2016/1/16 15 9 14.183 6.627896 0.02035825
1175 2016/1/16 15 9 14.215 6.6473 0.0394565
1176 2016/1/16 15 9 14.249 6.638853 0.03755225
1177 2016/1/16 15 9 14.283 6.647723 0.01808375
1178 2016/1/16 15 9 14.316 6.642752 -0.00602575
1179 2016/1/16 15 9 14.349 6.644022 -0.00456575
1180 2016/1/16 15 9 14.383 6.663277 0.020095
1181 2016/1/16 15 9 14.417 6.666782 0.03401625
1182 2016/1/16 15 9 14.449 6.665837 0.03213775
1183 2016/1/16 15 9 14.483 6.651937 0.0070395
1184 2016/1/16 15 9 14.517 6.62959 -0.01776475
1185 2016/1/16 15 9 14.55 6.637593 -0.0187225
1186 2016/1/16 15 9 14.583 6.638381 0.0034045
1187 2016/1/16 15 9 14.616 6.650608 0.0171695
1188 2016/1/16 15 9 14.65 6.629727 0.016143
1189 2016/1/16 15 9 14.683 6.626597 -0.004004
1190 2016/1/16 15 9 14.716 6.627089 -0.022723
1191 2016/1/16 15 9 14.749 6.628408 -0.01898225
1192 2016/1/16 15 9 14.784 6.653157 0.00319825
1193 2016/1/16 15 9 14.816 6.675957 0.02789
1194 2016/1/16 15 9 14.849 6.660058 0.02416875
1195 2016/1/16 15 9 14.883 6.639719 0.001125075
1196 2016/1/16 15 9 14.916 6.642033 -0.029568134
1197 2016/1/16 15 9 14.949 6.62323 -0.003942706
1198 2016/1/16 15 9 14.983 6.623998 -0.007544632
1199 2016/1/16 15 9 15.016 6.616634 0.005361886
1200 2016/1/16 15 9 15.05 6.636235 0.016455398
1201 2016/1/16 15 9 15.083 6.602419 -0.001325846
1202 2016/1/16 15 9 15.116 6.607666 -0.009065402
1203 2016/1/16 15 9 15.152 6.610974 -0.028262153
1204 2016/1/16 15 9 15.183 6.604162 0.001640118
1205 2016/1/16 15 9 15.216 6.604181 0.01066308
1206 2016/1/16 15 9 15.249 6.607331 -0.005891747
1207 2016/1/16 15 9 15.283 6.592575 -0.011550615
1208 2016/1/16 15 9 15.316 6.607627 0.025743993
1209 2016/1/16 15 9 15.349 6.600608 -0.004627289
1210 2016/1/16 15 9 15.383 6.60683 -0.024575795
1211 2016/1/16 15 9 15.418 6.605097 0.007925274
1212 2016/1/16 15 9 15.45 6.613021 -0.004646241
1213 2016/1/16 15 9 15.483 6.60675 0.009110805
1214 2016/1/16 15 9 15.516 6.609418 -0.022618713
1215 2016/1/16 15 9 15.55 6.615217 0.011574051
1216 2016/1/16 15 9 15.583 6.62769 0.001073693
1217 2016/1/16 15 9 15.616 6.627168 -0.0185792
1218 2016/1/16 15 9 15.649 6.631992 -0.034089474
1219 2016/1/16 15 9 15.682 6.616625 0.02023838
1220 2016/1/16 15 9 15.715 6.624283 -0.008765908
1221 2016/1/16 15 9 15.749 6.615621 -0.018934855
1222 2016/1/16 15 9 15.791 6.620936 -0.015231942
1223 2016/1/16 15 9 15.824 6.609921 0.001317382
1224 2016/1/16 15 9 15.848 6.647093 -0.010036705
1225 2016/1/16 15 9 15.883 6.649042 -0.021048841
1226 2016/1/16 15 9 15.916 6.615847 -0.020743549
1227 2016/1/16 15 9 15.95 6.613583 0.011295021
1228 2016/1/16 15 9 15.983 6.618219 0.005728164
1229 2016/1/16 15 9 16.017 6.626686 0.014812596
1230 2016/1/16 15 9 16.05 6.624126 -0.00284394
1231 2016/1/16 15 9 16.083 6.631824 -0.00125354
1232 2016/1/16 15 9 16.116 6.631283 0.008176088
1233 2016/1/16 15 9 16.15 6.615266 -0.001298428
1234 2016/1/16 15 9 16.183 6.632277 0.007347999
1235 2016/1/16 15 9 16.216 6.632484 -0.000735601
1236 2016/1/16 15 9 16.25 6.612884 -0.001595181
1237 2016/1/16 15 9 16.284 6.583272 0.02336671
1238 2016/1/16 15 9 16.316 6.584384 -0.01191465
1239 2016/1/16 15 9 16.349 6.618928 0.024539138
1240 2016/1/16 15 9 16.383 6.631824 0.002433543
1241 2016/1/16 15 9 16.418 6.618377 -0.024447526
1242 2016/1/16 15 9 16.45 6.643234 -0.015175794
1243 2016/1/16 15 9 16.483 6.63402 0.026352831
1244 2016/1/16 15 9 16.518 6.630968 -0.001844177
1245 2016/1/16 15 9 16.551 6.640507 0.020118067
1246 2016/1/16 15 9 16.584 6.630151 0.00964787
1247 2016/1/16 15 9 16.616 6.609025 0.003025547
1248 2016/1/16 15 9 16.652 6.627522 0.002736517
1249 2016/1/16 15 9 16.683 6.605668 -0.003698434
1250 2016/1/16 15 9 16.717 6.635664 0.008490021
1251 2016/1/16 15 9 16.749 6.639444 -0.00613831
1252 2016/1/16 15 9 16.783 6.624362 0.014292502
1253 2016/1/16 15 9 16.817 6.614282 0.002125411
1254 2016/1/16 15 9 16.85 6.639867 -0.025022507
1255 2016/1/16 15 9 16.883 6.663061 0.006083184
1256 2016/1/16 15 9 16.916 6.650342 0.012906008
1257 2016/1/16 15 9 16.949 6.627975 -0.00888011
1258 2016/1/16 15 9 16.984 6.630722 0.005056477
1259 2016/1/16 15 9 17.016 6.648373 0.016416691
1260 2016/1/16 15 9 17.05 6.677601 0.028558768
1261 2016/1/16 15 9 17.083 6.668042 0.005728571
1262 2016/1/16 15 9 17.116 6.646374 0.000889847
1263 2016/1/16 15 9 17.149 6.663464 0.002515173
1264 2016/1/16 15 9 17.183 6.671507 0.001136511
1265 2016/1/16 15 9 17.216 6.643254 0.001887512
1266 2016/1/16 15 9 17.251 6.640271 -0.033441006
1267 2016/1/16 15 9 17.283 6.63966 -0.018904508
1268 2016/1/16 15 9 17.316 6.642456 -0.009468428
1269 2016/1/16 15 9 17.349 6.628832 0.005651709
1270 2016/1/16 15 9 17.384 6.63397 -0.008790148
1271 2016/1/16 15 9 17.416 6.645173 0.009593129
1272 2016/1/16 15 9 17.449 6.669135 0.01449343
1273 2016/1/16 15 9 17.483 6.676705 -0.023057643
1274 2016/1/16 15 9 17.515 6.659566 0.016048974
1275 2016/1/16 15 9 17.55 6.65231 -0.003879214
1276 2016/1/16 15 9 17.582 6.649968 0.001696063
1277 2016/1/16 15 9 17.616 6.651799 0.004692739
1278 2016/1/16 15 9 17.652 6.652911 -0.020608557
1279 2016/1/16 15 9 17.683 6.646246 0.017454335
1280 2016/1/16 15 9 17.716 6.653452 -0.010639371
1281 2016/1/16 15 9 17.749 6.62578 0.00577019
1282 2016/1/16 15 9 17.782 6.624609 0.027048045
1283 2016/1/16 15 9 17.816 6.671645 -0.009081902
1284 2016/1/16 15 9 17.849 6.728191 0.010502591
1285 2016/1/16 15 9 17.883 6.694474 0.001029453
1286 2016/1/16 15 9 17.917 6.658759 0.033103332
1287 2016/1/16 15 9 17.95 6.658 -0.009431398
1288 2016/1/16 15 9 17.983 6.652852 -0.004217201
1289 2016/1/16 15 9 18.016 6.651385 0.014289475
1290 2016/1/16 15 9 18.051 6.648383 0.001681139
1291 2016/1/16 15 9 18.082 6.651464 -0.008598625
1292 2016/1/16 15 9 18.117 6.662096 0.000783383
1293 2016/1/16 15 9 18.151 6.665591 0.004057495
1294 2016/1/16 15 9 18.183 6.645892 -0.015718555
1295 2016/1/16 15 9 18.215 6.646758 -0.008875819
1296 2016/1/16 15 9 18.249 6.633547 0.008382707
1297 2016/1/16 15 9 18.282 6.643017 -0.01886712
1298 2016/1/16 15 9 18.317 6.639946 -0.015458602
1299 2016/1/16 15 9 18.349 6.642121 0.007219411
1300 2016/1/16 15 9 18.383 6.641678 0.016266113
1301 2016/1/16 15 9 18.417 6.644524 0.003085346
1302 2016/1/16 15 9 18.45 6.631884 0.01443167
1303 2016/1/16 15 9 18.482 6.648885 0.010632911
1304 2016/1/16 15 9 18.515 6.635063 -0.009253782
1305 2016/1/16 15 9 18.551 6.635181 0.007760573
1306 2016/1/16 15 9 18.582 6.654801 -0.004692497
1307 2016/1/16 15 9 18.616 6.640103 -0.00279462
1308 2016/1/16 15 9 18.649 6.634876 -0.013793895
1309 2016/1/16 15 9 18.682 6.608523 -0.006289584
1310 2016/1/16 15 9 18.716 6.640369 0.003540838
1311 2016/1/16 15 9 18.749 6.633626 0.003081142
1312 2016/1/16 15 9 18.782 6.633527 0.003175299
1313 2016/1/16 15 9 18.816 6.643352 -0.01149703
1314 2016/1/16 15 9 18.849 6.616615 -0.012504724
1315 2016/1/16 15 9 18.883 6.620799 0.021043101
1316 2016/1/16 15 9 18.916 6.652744 -0.019045687
1317 2016/1/16 15 9 18.949 6.664892 -0.009319027
1318 2016/1/16 15 9 18.982 6.648166 0.008850175
1319 2016/1/16 15 9 19.017 6.631371 0.003870067
1320 2016/1/16 15 9 19.05 6.649544 -0.015574658
1321 2016/1/16 15 9 19.082 6.645252 -0.003800462
1322 2016/1/16 15 9 19.115 6.626666 -0.036229197
1323 2016/1/16 15 9 19.149 6.627394 0.011435359
1324 2016/1/16 15 9 19.182 6.623053 0.003640149
1325 2016/1/16 15 9 19.216 6.69033 -0.020268379
1326 2016/1/16 15 9 19.249 6.828909 0.001619041
1327 2016/1/16 15 9 19.283 6.918414 0.000964433
1328 2016/1/16 15 9 19.315 6.877658 0.00241698
1329 2016/1/16 15 9 19.349 6.923326 -0.018708905
1330 2016/1/16 15 9 19.382 6.885888 0.011736683
1331 2016/1/16 15 9 19.417 6.847623 0.009136712
1332 2016/1/16 15 9 19.449 6.811041 0.002483387
1333 2016/1/16 15 9 19.482 6.793312 0.000985846
1334 2016/1/16 15 9 19.516 6.757754 0.002264941
1335 2016/1/16 15 9 19.549 6.782493 0.007373634
1336 2016/1/16 15 9 19.582 6.788064 0.005215895
1337 2016/1/16 15 9 19.616 6.783595 0.024024185
1338 2016/1/16 15 9 19.649 6.755962 0.005707926
1339 2016/1/16 15 9 19.683 6.746807 0.006121379
1340 2016/1/16 15 9 19.716 6.732926 -0.006942158
1341 2016/1/16 15 9 19.749 6.724214 0.024226857
1342 2016/1/16 15 9 19.782 6.790634 0.00634725
1343 2016/1/16 15 9 19.816 6.732139 -0.006841789
1344 2016/1/16 15 9 19.849 6.744149 0.004470965
1345 2016/1/16 15 9 19.882 6.757606 0.014386035
1346 2016/1/16 15 9 19.917 6.753166 -0.003034327
1347 2016/1/16 15 9 19.949 6.747988 -0.005612527
1348 2016/1/16 15 9 19.982 6.743479 0.009410789
1349 2016/1/16 15 9 20.016 6.76746 -0.006122667
1350 2016/1/16 15 9 20.05 6.760835 -0.004007572
1351 2016/1/16 15 9 20.084 6.757281 0.003268668
1352 2016/1/16 15 9 20.116 6.770581 -0.002325363
1353 2016/1/16 15 9 20.149 6.801709 -0.000763905
1354 2016/1/16 15 9 20.182 6.789935 0.001505565
1355 2016/1/16 15 9 20.215 6.777305 0.006332098
1356 2016/1/16 15 9 20.249 6.771299 0.007607619
1357 2016/1/16 15 9 20.282 6.753707 0.008018679
1358 2016/1/16 15 9 20.316 6.754869 -0.02287024
1359 2016/1/16 15 9 20.349 6.736785 -0.015754421
1360 2016/1/16 15 9 20.383 6.728329 -0.005854089
1361 2016/1/16 15 9 20.416 6.731282 0.009421445
1362 2016/1/16 15 9 20.449 6.712184 -0.018874661
1363 2016/1/16 15 9 20.482 6.726153 -0.021972531
1364 2016/1/16 15 9 20.516 6.738902 0.014652134
1365 2016/1/16 15 9 20.549 6.744346 -0.012628733
1366 2016/1/16 15 9 20.583 6.749996 0.00591159
1367 2016/1/16 15 9 20.616 6.748825 -0.004294638
1368 2016/1/16 15 9 20.649 6.766692 -0.01259689
1369 2016/1/16 15 9 20.683 6.79027 0.009595907
1370 2016/1/16 15 9 20.716 6.774096 0.002782104
1371 2016/1/16 15 9 20.749 6.743302 0.005205165
1372 2016/1/16 15 9 20.786 6.738203 -0.008392677
1373 2016/1/16 15 9 20.819 6.743479 0.013201668
1374 2016/1/16 15 9 20.854 6.749337 -0.001748485
1375 2016/1/16 15 9 20.883 6.742534 -0.004365295
1376 2016/1/16 15 9 20.916 6.744769 0.00942516
1377 2016/1/16 15 9 20.949 6.741668 0.008213653
1378 2016/1/16 15 9 20.983 6.733162 0.004297734
1379 2016/1/16 15 9 21.016 6.731863 -0.000563507
1380 2016/1/16 15 9 21.049 6.74093 0.000454794
1381 2016/1/16 15 9 21.084 6.768258 -0.004532888
1382 2016/1/16 15 9 21.115 6.743292 0.003795876
1383 2016/1/16 15 9 21.149 6.738547 -0.0151851
1384 2016/1/16 15 9 21.182 6.736785 -0.01019769
1385 2016/1/16 15 9 21.216 6.743716 0.012855397
1386 2016/1/16 15 9 21.25 6.761268 0.005291085
1387 2016/1/16 15 9 21.282 6.761741 0.002054501
1388 2016/1/16 15 9 21.316 6.777659 0.000195936
1389 2016/1/16 15 9 21.349 6.780514 -0.004280435
1390 2016/1/16 15 9 21.383 6.796255 0.003936988
1391 2016/1/16 15 9 21.415 6.78584 -0.009453826
1392 2016/1/16 15 9 21.449 6.766299 0.019333857
1393 2016/1/16 15 9 21.482 6.769291 -0.009844623
1394 2016/1/16 15 9 21.517 6.777196 0.001315251
1395 2016/1/16 15 9 21.549 6.764251 0.004268316
1396 2016/1/16 15 9 21.584 6.738724 -0.006823354
1397 2016/1/16 15 9 21.615 6.74974 -0.000798251
1398 2016/1/16 15 9 21.65 6.764497 -0.001395322
1399 2016/1/16 15 9 21.683 6.765757 0.00870405
1400 2016/1/16 15 9 21.715 6.767539 0.001841665
1401 2016/1/16 15 9 21.749 6.782975 0.007167903
1402 2016/1/16 15 9 21.782 6.785613 0.011456337
1403 2016/1/16 15 9 21.816 6.770591 -0.011873077
1404 2016/1/16 15 9 21.849 6.755854 -0.009809592
1405 2016/1/16 15 9 21.882 6.767696 0.01612522
1406 2016/1/16 15 9 21.916 6.799543 0.011491917
1407 2016/1/16 15 9 21.95 6.823544 -0.007049408
1408 2016/1/16 15 9 21.982 6.821545 -0.010812932
1409 2016/1/16 15 9 22.016 6.812154 -0.010139
1410 2016/1/16 15 9 22.049 6.788813 -0.007909482
1411 2016/1/16 15 9 22.082 6.78138 -0.014990595
1412 2016/1/16 15 9 22.115 6.756868 -0.020861186
1413 2016/1/16 15 9 22.149 6.752378 -0.008610237
1414 2016/1/16 15 9 22.182 6.756484 -0.007212384
1415 2016/1/16 15 9 22.216 6.756966 0.003615627
1416 2016/1/16 15 9 22.249 6.74086 0.017366372
1417 2016/1/16 15 9 22.282 6.723042 -0.004351392
1418 2016/1/16 15 9 22.316 6.724617 0.007712323
1419 2016/1/16 15 9 22.349 6.727876 -0.000598432
1420 2016/1/16 15 9 22.383 6.719853 -0.001550773
1421 2016/1/16 15 9 22.415 6.71556 0.019598672
1422 2016/1/16 15 9 22.449 6.731262 -0.008700311
1423 2016/1/16 15 9 22.482 6.732217 0.014694365
1424 2016/1/16 15 9 22.516 6.744149 -0.011776744
1425 2016/1/16 15 9 22.549 6.741087 0.001819578
1426 2016/1/16 15 9 22.583 6.73461 -0.004445456
1427 2016/1/16 15 9 22.616 6.739187 0.002631801
1428 2016/1/16 15 9 22.649 6.738134 -0.003688463
1429 2016/1/16 15 9 22.682 6.751513 -0.006182173
1430 2016/1/16 15 9 22.716 6.743401 -0.013650217
1431 2016/1/16 15 9 22.749 6.734364 0.007627382
1432 2016/1/16 15 9 22.803 6.716988 0.015480514
1433 2016/1/16 15 9 22.823 6.702202 0.005821004
1434 2016/1/16 15 9 22.849 6.696453 -0.002479362
1435 2016/1/16 15 9 22.883 6.694257 0.003923909
1436 2016/1/16 15 9 22.916 6.687297 -0.023436982
1437 2016/1/16 15 9 22.951 6.698717 -0.00378368
1438 2016/1/16 15 9 22.983 6.714734 -0.008346512
1439 2016/1/16 15 9 23.016 6.728683 -0.026485265
1440 2016/1/16 15 9 23.05 6.715698 -0.005347795
1441 2016/1/16 15 9 23.082 6.70738 -0.005232325
1442 2016/1/16 15 9 23.116 6.699012 -0.001422252
1443 2016/1/16 15 9 23.149 6.707901 0.008669992
1444 2016/1/16 15 9 23.182 6.738311 0.006170176
1445 2016/1/16 15 9 23.216 6.754318 0.014401948
1446 2016/1/16 15 9 23.249 6.761396 -0.012785631
1447 2016/1/16 15 9 23.282 6.753747 -0.013824817
1448 2016/1/16 15 9 23.315 6.736893 0.008343327
1449 2016/1/16 15 9 23.35 6.714172 0.006906105
1450 2016/1/16 15 9 23.382 6.702182 -0.012488023
1451 2016/1/16 15 9 23.416 6.702044 -0.000775036
1452 2016/1/16 15 9 23.449 6.722846 -0.015547629
1453 2016/1/16 15 9 23.482 6.739089 0.006328003
1454 2016/1/16 15 9 23.515 6.759614 0.002970195
1455 2016/1/16 15 9 23.549 6.754722 -0.014123435
1456 2016/1/16 15 9 23.583 6.740368 0.014847539
1457 2016/1/16 15 9 23.616 6.743548 0.00476433
1458 2016/1/16 15 9 23.649 6.742702 0.008567801
1459 2016/1/16 15 9 23.683 6.758787 -4.08E-06
1460 2016/1/16 15 9 23.716 6.797151 -0.000665166
1461 2016/1/16 15 9 23.749 6.798007 0.009453167
1462 2016/1/16 15 9 23.782 6.77188 -0.007414743
1463 2016/1/16 15 9 23.816 6.774834 -0.004078059
1464 2016/1/16 15 9 23.85 6.771201 0.00710024
1465 2016/1/16 15 9 23.882 6.785131 0.004872127
1466 2016/1/16 15 9 23.916 6.772008 -0.005720976
1467 2016/1/16 15 9 23.95 6.776822 -0.001351462
1468 2016/1/16 15 9 23.982 6.779106 -0.010416466
1469 2016/1/16 15 9 24.016 6.774076 0.002753497
1470 2016/1/16 15 9 24.049 6.766988 0.009152938
1471 2016/1/16 15 9 24.082 6.784176 -0.020717934
1472 2016/1/16 15 9 24.115 6.785574 0.002291984
1473 2016/1/16 15 9 24.149 6.790171 0.007012612
1474 2016/1/16 15 9 24.182 6.794405 -0.008715131
1475 2016/1/16 15 9 24.216 6.79851 -0.002618347
1476 2016/1/16 15 9 24.249 6.801699 -0.007753469
1477 2016/1/16 15 9 24.282 6.793026 -0.000859523
1478 2016/1/16 15 9 24.315 6.796875 0.001739628
1479 2016/1/16 15 9 24.35 6.808373 0.007489854
1480 2016/1/16 15 9 24.382 6.801709 -0.005311433
1481 2016/1/16 15 9 24.415 6.802752 -0.000523216
1482 2016/1/16 15 9 24.449 6.800616 0.003983742
1483 2016/1/16 15 9 24.482 6.794916 0.012628367
1484 2016/1/16 15 9 24.515 6.793292 0.009314908
1485 2016/1/16 15 9 24.549 6.787878 0.02749462
1486 2016/1/16 15 9 24.584 6.796619 -0.016478131
1487 2016/1/16 15 9 24.615 6.785298 -2.79E-03
1488 2016/1/16 15 9 24.649 6.769902 -0.012172566
1489 2016/1/16 15 9 24.683 6.766771 0.006110554
1490 2016/1/16 15 9 24.716 6.765994 0.011784622
1491 2016/1/16 15 9 24.749 6.764448 0.017993222
1492 2016/1/16 15 9 24.782 6.768385 0.000397363
1493 2016/1/16 15 9 24.816 6.750636 -0.008187534
1494 2016/1/16 15 9 24.85 6.747269 0.003129363
1495 2016/1/16 15 9 24.882 6.771585 -0.005933349
1496 2016/1/16 15 9 24.915 6.773564 -0.010835745
1497 2016/1/16 15 9 24.949 6.760363 -1.93E-05
1498 2016/1/16 15 9 24.983 6.749445 0.016839966
1499 2016/1/16 15 9 25.016 6.729323 0.004017841
1500 2016/1/16 15 9 25.049 6.710481 -0.005197663
1501 2016/1/16 15 9 25.083 6.703472 0.008612925
1502 2016/1/16 15 9 25.116 6.694779 -0.012540716
1503 2016/1/16 15 9 25.149 6.701001 -0.012564407
1504 2016/1/16 15 9 25.183 6.695724 -8.21E-03
1505 2016/1/16 15 9 25.216 6.712519 -0.011419215
1506 2016/1/16 15 9 25.249 6.720965 0.005812515
1507 2016/1/16 15 9 25.282 6.714586 -0.013157671
1508 2016/1/16 15 9 25.315 6.716112 0.009734804
1509 2016/1/16 15 9 25.349 6.718652 -0.008993228
1510 2016/1/16 15 9 25.383 6.725887 0.000702935
1511 2016/1/16 15 9 25.415 6.726124 -0.007337877
1512 2016/1/16 15 9 25.449 6.707193 0.00432017
1513 2016/1/16 15 9 25.483 6.699317 -0.012195682
1514 2016/1/16 15 9 25.516 6.68839 0.010737748
1515 2016/1/16 15 9 25.549 6.649849 0.007561838
1516 2016/1/16 15 9 25.582 6.652694 -0.004728869
1517 2016/1/16 15 9 25.616 6.669164 0.006534524
1518 2016/1/16 15 9 25.648 6.687888 0.014152369
1519 2016/1/16 15 9 25.682 6.691304 0.001595718
1520 2016/1/16 15 9 25.716 6.691038 -0.000481339
1521 2016/1/16 15 9 25.749 6.704732 0.003381475
1522 2016/1/16 15 9 25.787 6.696069 0.00140684
1523 2016/1/16 15 9 25.825 6.696049 -0.005077771
1524 2016/1/16 15 9 25.85 6.689542 -0.00916007
1525 2016/1/16 15 9 25.882 6.694808 0.005546855
1526 2016/1/16 15 9 25.916 6.689355 0.015083172
1527 2016/1/16 15 9 25.949 6.698048 0.000276362
1528 2016/1/16 15 9 25.982 6.701503 -0.006351567
1529 2016/1/16 15 9 26.016 6.715698 -0.005889003
1530 2016/1/16 15 9 26.049 6.716998 0.016195236
1531 2016/1/16 15 9 26.082 6.712834 0.002691809
1532 2016/1/16 15 9 26.116 6.711022 0.005982964
1533 2016/1/16 15 9 26.148 6.709496 -3.31E-03
1534 2016/1/16 15 9 26.183 6.712784 -0.016398433
1535 2016/1/16 15 9 26.216 6.714035 0.002319381
1536 2016/1/16 15 9 26.251 6.718199 0.000135196
1537 2016/1/16 15 9 26.282 6.714409 -0.000390766
1538 2016/1/16 15 9 26.317 6.718376 -0.010163671
1539 2016/1/16 15 9 26.351 6.694818 -0.003363948
1540 2016/1/16 15 9 26.382 6.713848 0.001636122
1541 2016/1/16 15 9 26.415 6.718504 0.016443696
1542 2016/1/16 15 9 26.449 6.717283 -6.86E-05
1543 2016/1/16 15 9 26.482 6.71686 0.007577225
1544 2016/1/16 15 9 26.516 6.725405 0.005937557
1545 2016/1/16 15 9 26.549 6.734364 -0.0145055
1546 2016/1/16 15 9 26.582 6.708611 0.003179646
1547 2016/1/16 15 9 26.617 6.709861 -0.002634997
1548 2016/1/16 15 9 26.65 6.709762 -0.005741963
1549 2016/1/16 15 9 26.682 6.713149 0.005412369
1550 2016/1/16 15 9 26.716 6.717894 0.005073919
1551 2016/1/16 15 9 26.749 6.735309 -0.000288503
1552 2016/1/16 15 9 26.782 6.771182 -0.011245056
1553 2016/1/16 15 9 26.815 6.762381 0.003884519
1554 2016/1/16 15 9 26.849 6.750045 -0.004383397
1555 2016/1/16 15 9 26.882 6.741943 0.012504147
1556 2016/1/16 15 9 26.915 6.737632 -0.010048074
1557 2016/1/16 15 9 26.949 6.744129 -0.012555687
1558 2016/1/16 15 9 26.982 6.735801 -0.000894332
1559 2016/1/16 15 9 27.015 6.761652 0.00581616
1560 2016/1/16 15 9 27.049 6.786726 0.016821475
1561 2016/1/16 15 9 27.082 6.791776 -0.002107056
1562 2016/1/16 15 9 27.116 6.797318 0.004644941
1563 2016/1/16 15 9 27.148 6.781961 0.00593927
1564 2016/1/16 15 9 27.182 6.793991 -0.002101522
1565 2016/1/16 15 9 27.215 6.788823 -0.017831668
1566 2016/1/16 15 9 27.25 6.811691 0.00219774
1567 2016/1/16 15 9 27.282 6.798194 0.01304764
1568 2016/1/16 15 9 27.315 6.799258 0.016754879
1569 2016/1/16 15 9 27.349 6.793262 0.004700019
1570 2016/1/16 15 9 27.382 6.800468 -0.01158201
1571 2016/1/16 15 9 27.415 6.804564 0.001877836
1572 2016/1/16 15 9 27.449 6.797436 0.005976211
1573 2016/1/16 15 9 27.482 6.786598 -0.005598057
1574 2016/1/16 15 9 27.515 6.767165 0.006304167
1575 2016/1/16 15 9 27.548 6.771162 -0.005640211
1576 2016/1/16 15 9 27.582 6.796344 0.026055173
1577 2016/1/16 15 9 27.616 6.807793 -0.01747798
1578 2016/1/16 15 9 27.648 6.823484 0.015075751
1579 2016/1/16 15 9 27.682 6.811593 -0.004196213
1580 2016/1/16 15 9 27.715 6.81241 0.002872839
1581 2016/1/16 15 9 27.749 6.817263 0.002298125
1582 2016/1/16 15 9 27.783 6.82127 0.014487556
1583 2016/1/16 15 9 27.814 6.817952 -0.014840787
1584 2016/1/16 15 9 27.85 6.821043 0.023622964
1585 2016/1/16 15 9 27.882 6.820561 -0.01428275
1586 2016/1/16 15 9 27.915 6.827708 0.003227075
1587 2016/1/16 15 9 27.949 6.836204 -0.014791985
1588 2016/1/16 15 9 27.981 6.825217 -0.008116452
1589 2016/1/16 15 9 28.015 6.801285 0.002908288
1590 2016/1/16 15 9 28.048 6.836568 0.005601899
1591 2016/1/16 15 9 28.082 6.958609 -0.007378497
1592 2016/1/16 15 9 28.115 6.894994 7.37E-03
1593 2016/1/16 15 9 28.149 6.887601 0.01362835
1594 2016/1/16 15 9 28.182 6.859357 -0.015590356
1595 2016/1/16 15 9 28.214 6.845408 0.015164746
1596 2016/1/16 15 9 28.25 6.873474 0.003266357
1597 2016/1/16 15 9 28.282 6.905104 0.00471358
1598 2016/1/16 15 9 28.315 6.919064 0.004220556
1599 2016/1/16 15 9 28.349 6.880238 0.005574139
1600 2016/1/16 15 9 28.381 6.900793 -0.008840259
1601 2016/1/16 15 9 28.415 6.881064 -0.010374189
1602 2016/1/16 15 9 28.449 6.839964 0.001341699
1603 2016/1/16 15 9 28.482 6.821437 0.008542835
1604 2016/1/16 15 9 28.515 6.817873 -0.005060245
1605 2016/1/16 15 9 28.548 6.844424 -0.012856471
1606 2016/1/16 15 9 28.582 6.871673 0.006744669
1607 2016/1/16 15 9 28.615 6.863295 -0.003888225
1608 2016/1/16 15 9 28.648 6.823012 0.012593427
1609 2016/1/16 15 9 28.682 6.786056 -0.013882735
1610 2016/1/16 15 9 28.714 6.773003 -0.011186002
1611 2016/1/16 15 9 28.749 6.782237 -0.004305796
1612 2016/1/16 15 9 28.782 6.78204 -0.012387101
1613 2016/1/16 15 9 28.814 6.802388 -0.010568235
1614 2016/1/16 15 9 28.849 6.79153 0.005738904
1615 2016/1/16 15 9 28.881 6.793361 0.009673218
1616 2016/1/16 15 9 28.915 6.796737 -0.00717749
1617 2016/1/16 15 9 28.948 6.826103 -0.006138711
1618 2016/1/16 15 9 28.981 6.822766 -0.009628985
1619 2016/1/16 15 9 29.015 6.803195 -0.000638265
1620 2016/1/16 15 9 29.048 6.802329 -0.001794828
1621 2016/1/16 15 9 29.082 6.792042 -0.016286115
1622 2016/1/16 15 9 29.115 6.793941 0.009053225
1623 2016/1/16 15 9 29.148 6.790673 -0.010954206
1624 2016/1/16 15 9 29.182 6.788852 0.002933608
1625 2016/1/16 15 9 29.214 6.806247 -0.008908402
1626 2016/1/16 15 9 29.249 6.805282 0.007158341
1627 2016/1/16 15 9 29.282 6.825582 -0.0044272
1628 2016/1/16 15 9 29.315 6.82881 0.00378668
1629 2016/1/16 15 9 29.349 6.858147 0.005748975
1630 2016/1/16 15 9 29.382 6.807369 -0.011770261
1631 2016/1/16 15 9 29.415 6.790732 0.00559227
1632 2016/1/16 15 9 29.449 6.818336 -0.001406651
1633 2016/1/16 15 9 29.482 6.840673 -0.015892599
1634 2016/1/16 15 9 29.515 6.877875 -0.014485777
1635 2016/1/16 15 9 29.548 6.856906 -0.002779741
1636 2016/1/16 15 9 29.582 6.820059 0.019943431
1637 2016/1/16 15 9 29.615 6.830415 0.011786488
1638 2016/1/16 15 9 29.648 6.818641 0.010623715
1639 2016/1/16 15 9 29.682 6.819045 -3.69E-05
1640 2016/1/16 15 9 29.714 6.831852 0.014270012
1641 2016/1/16 15 9 29.749 6.845536 -0.006861855
1642 2016/1/16 15 9 29.781 6.838113 -0.022750059
1643 2016/1/16 15 9 29.814 6.848381 0.005643247
1644 2016/1/16 15 9 29.849 6.836066 -0.009432622
1645 2016/1/16 15 9 29.883 6.842996 0.011255824
1646 2016/1/16 15 9 29.915 6.840929 -4.53E-05
1647 2016/1/16 15 9 29.948 6.847101 0.006745413
1648 2016/1/16 15 9 29.981 6.826468 0.009868051
1649 2016/1/16 15 9 30.015 6.834303 -0.01078778
1650 2016/1/16 15 9 30.048 6.840653 0.013309841
1651 2016/1/16 15 9 30.082 6.85857 0.010735573
1652 2016/1/16 15 9 30.115 6.875837 -0.010592663
1653 2016/1/16 15 9 30.149 6.859909 0.003131945
1654 2016/1/16 15 9 30.182 6.858166 0.000427245
1655 2016/1/16 15 9 30.214 6.848411 0.001586807
1656 2016/1/16 15 9 30.249 6.854888 0.005752146
1657 2016/1/16 15 9 30.281 6.8573 0.000765274
1658 2016/1/16 15 9 30.314 6.856306 -0.00386011
1659 2016/1/16 15 9 30.348 6.853274 -8.53E-03
1660 2016/1/16 15 9 30.383 6.830622 -0.005944547
1661 2016/1/16 15 9 30.415 6.7909 -0.007313808
1662 2016/1/16 15 9 30.449 6.841568 0.019526427
1663 2016/1/16 15 9 30.48 6.851886 0.014385116
1664 2016/1/16 15 9 30.515 6.856316 0.00977458
1665 2016/1/16 15 9 30.548 6.861051 -0.020394049
1666 2016/1/16 15 9 30.582 6.840112 0.00049699
1667 2016/1/16 15 9 30.615 6.823101 0.005675113
1668 2016/1/16 15 9 30.648 6.825709 -0.010922754
1669 2016/1/16 15 9 30.681 6.812744 0.01952447
1670 2016/1/16 15 9 30.714 6.838084 0.022377069
1671 2016/1/16 15 9 30.748 6.848027 -0.014604512
1672 2016/1/16 15 9 30.789 6.834244 0.023450219
1673 2016/1/16 15 9 30.819 6.815914 0.008827114
1674 2016/1/16 15 9 30.848 6.79214 -0.014697705
1675 2016/1/16 15 9 30.881 6.783438 -0.002992487
1676 2016/1/16 15 9 30.915 6.797495 0.012295808
1677 2016/1/16 15 9 30.948 6.80287 -0.005770169
1678 2016/1/16 15 9 30.981 6.81617 0.000595411
1679 2016/1/16 15 9 31.015 6.81109 0.001359955
1680 2016/1/16 15 9 31.049 6.798834 0.003970037
1681 2016/1/16 15 9 31.08 6.772087 -0.011582822
1682 2016/1/16 15 9 31.115 6.727019 0.003612675
1683 2016/1/16 15 9 31.147 6.74028 0.007347324
1684 2016/1/16 15 9 31.18 6.771142 0.002999239
1685 2016/1/16 15 9 31.214 6.795379 0.005284451
1686 2016/1/16 15 9 31.249 6.7801 -0.000970223
1687 2016/1/16 15 9 31.281 6.76746 0.010352384
1688 2016/1/16 15 9 31.314 6.763021 -0.015791632
1689 2016/1/16 15 9 31.348 6.753973 -0.016137752
1690 2016/1/16 15 9 31.382 6.776044 0.009731501
1691 2016/1/16 15 9 31.415 6.788626 -0.008089571
1692 2016/1/16 15 9 31.449 6.787109 0.005756857
1693 2016/1/16 15 9 31.48 6.808501 0.000373492
1694 2016/1/16 15 9 31.517 6.850626 0.001230113
1695 2016/1/16 15 9 31.548 6.856079 -0.004808686
1696 2016/1/16 15 9 31.58 6.827029 -0.004047065
1697 2016/1/16 15 9 31.616 6.820945 0.00143065
1698 2016/1/16 15 9 31.648 6.81241 -0.003814195
1699 2016/1/16 15 9 31.681 6.836637 0.009134537
1700 2016/1/16 15 9 31.714 6.853874 -0.001351273
1701 2016/1/16 15 9 31.748 6.878751 -0.005480024
1702 2016/1/16 15 9 31.78 6.886361 -0.009397953
1703 2016/1/16 15 9 31.814 6.856394 0.004581929
1704 2016/1/16 15 9 31.848 6.854337 0.017158359
1705 2016/1/16 15 9 31.88 6.831331 0.004904536
1706 2016/1/16 15 9 31.916 6.842258 -0.014684564
1707 2016/1/16 15 9 31.948 6.845329 -0.006218298
1708 2016/1/16 15 9 31.98 6.834323 -0.006155703
1709 2016/1/16 15 9 32.015 6.833782 -0.00540083
1710 2016/1/16 15 9 32.049 6.831104 -0.001502531
1711 2016/1/16 15 9 32.081 6.823308 -0.01707313
1712 2016/1/16 15 9 32.114 6.828613 -0.011313183
1713 2016/1/16 15 9 32.147 6.85544 -0.003386959
1714 2016/1/16 15 9 32.181 6.866879 -5.31E-03
1715 2016/1/16 15 9 32.215 6.863669 0.023930753
1716 2016/1/16 15 9 32.249 6.844109 0.013055283
1717 2016/1/16 15 9 32.281 6.837877 -0.007447527
1718 2016/1/16 15 9 32.314 6.86743 0.017531641
1719 2016/1/16 15 9 32.347 6.922017 -0.003545378
1720 2016/1/16 15 9 32.381 6.859653 0.012731323
1721 2016/1/16 15 9 32.416 6.849149 -0.005020255
1722 2016/1/16 15 9 32.447 6.828367 0.001837402
1723 2016/1/16 15 9 32.479 6.853609 -0.010198838
1724 2016/1/16 15 9 32.515 6.872126 0.017621009
1725 2016/1/16 15 9 32.547 6.865727 0.003854969
1726 2016/1/16 15 9 32.581 6.844394 0.000366174
1727 2016/1/16 15 9 32.615 6.82187 0.015840023
1728 2016/1/16 15 9 32.647 6.83135 0.003172554
1729 2016/1/16 15 9 32.68 6.854288 -0.009323518
1730 2016/1/16 15 9 32.716 6.868611 -0.002489432
1731 2016/1/16 15 9 32.749 6.855311 0.017661956
1732 2016/1/16 15 9 32.781 6.889934 -0.014409067
1733 2016/1/16 15 9 32.814 6.910125 -0.004652625
1734 2016/1/16 15 9 32.847 6.886814 -0.001705713
1735 2016/1/16 15 9 32.881 6.880385 0.000156846
1736 2016/1/16 15 9 32.914 6.950329 0.01323333
1737 2016/1/16 15 9 32.947 6.990494 0.000531375
1738 2016/1/16 15 9 32.98 6.998429 -0.004027584
1739 2016/1/16 15 9 33.014 7.00151 0.005381096
1740 2016/1/16 15 9 33.047 7.011384 -0.003055861
1741 2016/1/16 15 9 33.08 7.007732 0.000661054
1742 2016/1/16 15 9 33.114 7.030217 -0.006407429
1743 2016/1/16 15 9 33.149 7.02052 0.001382194
1744 2016/1/16 15 9 33.18 7.02998 -0.004987922
1745 2016/1/16 15 9 33.214 7.034676 -1.02E-02
1746 2016/1/16 15 9 33.247 7.095101 -0.007547507
1747 2016/1/16 15 9 33.281 7.047464 0.012226722
1748 2016/1/16 15 9 33.315 7.033022 0.002176306
1749 2016/1/16 15 9 33.347 7.042069 0.001231347
1750 2016/1/16 15 9 33.382 7.06035 -0.019214875
1751 2016/1/16 15 9 33.414 7.084321 -0.023827962
1752 2016/1/16 15 9 33.447 7.074428 -0.01114105
1753 2016/1/16 15 9 33.481 7.052938 -0.002393264
1754 2016/1/16 15 9 33.515 7.039116 -0.003154784
1755 2016/1/16 15 9 33.549 6.997051 -0.004622265
1756 2016/1/16 15 9 33.581 7.041961 -0.005736934
1757 2016/1/16 15 9 33.614 7.03315 0.005606969
1758 2016/1/16 15 9 33.648 7.015814 -0.003612901
1759 2016/1/16 15 9 33.682 7.015529 0.024604783
1760 2016/1/16 15 9 33.713 7.031811 -0.007522912
1761 2016/1/16 15 9 33.747 7.028946 -0.024051869
1762 2016/1/16 15 9 33.782 7.020146 0.001180638
1763 2016/1/16 15 9 33.814 7.025649 0.005190451
1764 2016/1/16 15 9 33.848 7.014948 -0.01365371
1765 2016/1/16 15 9 33.88 7.010508 0.008206825
1766 2016/1/16 15 9 33.915 6.945299 -0.003380492
1767 2016/1/16 15 9 33.947 6.960696 0.012772764
1768 2016/1/16 15 9 33.98 6.985129 0.004571489
1769 2016/1/16 15 9 34.014 6.986753 -0.00508222
1770 2016/1/16 15 9 34.047 6.972666 0.012237738
1771 2016/1/16 15 9 34.081 6.921909 0.000141334
1772 2016/1/16 15 9 34.113 6.914437 0.00257556
1773 2016/1/16 15 9 34.149 6.928662 0.010017672
1774 2016/1/16 15 9 34.181 6.945407 -0.007935336
1775 2016/1/16 15 9 34.214 6.918276 0.009698687
1776 2016/1/16 15 9 34.247 6.919841 0.00056004
1777 2016/1/16 15 9 34.281 6.921269 -0.004377481
1778 2016/1/16 15 9 34.314 6.910597 0.021041482
1779 2016/1/16 15 9 34.347 6.898193 0.007136655
1780 2016/1/16 15 9 34.381 6.901334 -0.008976615
1781 2016/1/16 15 9 34.414 6.8769 -0.003013601
1782 2016/1/16 15 9 34.447 6.883762 0.007309
1783 2016/1/16 15 9 34.48 6.879765 -0.022064966
1784 2016/1/16 15 9 34.514 6.871919 0.012883025
1785 2016/1/16 15 9 34.547 6.872874 0.001736609
1786 2016/1/16 15 9 34.58 6.88073 -0.01677948
1787 2016/1/16 15 9 34.614 6.879381 -0.003497058
1788 2016/1/16 15 9 34.648 6.890623 0.011451323
1789 2016/1/16 15 9 34.682 6.873248 0.006629263
1790 2016/1/16 15 9 34.713 6.875463 0.010218257
1791 2016/1/16 15 9 34.748 6.870265 0.000937949
1792 2016/1/16 15 9 34.783 6.866426 -0.007088795
1793 2016/1/16 15 9 34.813 6.868523 0.000375237
1794 2016/1/16 15 9 34.848 6.874449 -0.012861842
1795 2016/1/16 15 9 34.881 6.871279 -0.024548844
1796 2016/1/16 15 9 34.916 6.882482 0.010046823
1797 2016/1/16 15 9 34.948 6.877176 -0.008852685
1798 2016/1/16 15 9 34.98 6.881094 -0.006635922
1799 2016/1/16 15 9 35.014 6.885583 -0.01242095
1800 2016/1/16 15 9 35.047 6.895171 0.002865044
1801 2016/1/16 15 9 35.08 6.893055 -0.02013958
1802 2016/1/16 15 9 35.115 6.889117 0.003138369
1803 2016/1/16 15 9 35.147 6.89906 -0.007850223
1804 2016/1/16 15 9 35.182 6.890131 0.003898825
1805 2016/1/16 15 9 35.215 6.896667 -0.005411624
1806 2016/1/16 15 9 35.247 6.923759 0.00685114
1807 2016/1/16 15 9 35.281 6.963491 -0.011765045
1808 2016/1/16 15 9 35.313 6.961582 0.015649246
1809 2016/1/16 15 9 35.346 6.961916 -0.021019822
1810 2016/1/16 15 9 35.38 6.986005 0.00615507
1811 2016/1/16 15 9 35.414 7.020589 0.007845257
1812 2016/1/16 15 9 35.447 7.000674 -0.009486818
1813 2016/1/16 15 9 35.48 7.018669 0.00233388
1814 2016/1/16 15 9 35.515 7.014416 -0.002711319
1815 2016/1/16 15 9 35.546 7.024221 0.000442875
1816 2016/1/16 15 9 35.581 7.025688 0.010120748
1817 2016/1/16 15 9 35.613 7.03127 0.011704946
1818 2016/1/16 15 9 35.646 7.034952 0.001385034
1819 2016/1/16 15 9 35.68 7.045908 0.008916297
1820 2016/1/16 15 9 35.713 7.062624 0.010558657
1821 2016/1/16 15 9 35.747 7.061059 0.003543663
1822 2016/1/16 15 9 35.783 7.049285 -0.003700518
1823 2016/1/16 15 9 35.817 7.053932 0.010542344
1824 2016/1/16 15 9 35.85 7.050024 -0.010677992
1825 2016/1/16 15 9 35.88 7.082628 0.016018875
1826 2016/1/16 15 9 35.914 7.074221 0.010045074
