361 15 8 52 -0.017874746
362 15 8 52.03333333 -0.017361166
363 15 8 52.06666667 -0.005989135
364 15 8 52.1 0.021770223
365 15 8 52.13333333 0.005270336
366 15 8 52.16666667 -0.010676204
367 15 8 52.2 0.007260064
368 15 8 52.23333333 -0.014194881
369 15 8 52.26666667 -0.01402318
370 15 8 52.3 0.00647925
371 15 8 52.33333333 -0.009978543
372 15 8 52.36666667 -0.018886331
373 15 8 52.4 0.004279219
374 15 8 52.43333333 -0.005815043
375 15 8 52.46666667 0.014271686
376 15 8 52.5 0.000339283
377 15 8 52.53333333 0.010306679
378 15 8 52.56666667 -0.00301854
379 15 8 52.6 0.014812437
380 15 8 52.63333333 0.002959284
381 15 8 52.66666667 0.005087999
382 15 8 52.7 -0.011801232
383 15 8 52.73333333 0.013300114
384 15 8 52.76666667 -0.005219699
385 15 8 52.8 0.001799636
386 15 8 52.83333333 0.008847964
387 15 8 52.86666667 0.004924547
388 15 8 52.9 -0.001886386
389 15 8 52.93333333 0.004511061
390 15 8 52.96666667 0.003919837
391 15 8 53 0.008287458
392 15 8 53.03333333 -0.006419707
393 15 8 53.06666667 0.005943562
394 15 8 53.1 -0.02659776
395 15 8 53.13333333 0.017510003
396 15 8 53.16666667 -0.013472877
397 15 8 53.2 0.022485632
398 15 8 53.23333333 -0.000738179
399 15 8 53.26666667 0.009122458
400 15 8 53.3 0.001400393
401 15 8 53.33333333 0.008889848
402 15 8 53.36666667 -0.008196937
403 15 8 53.4 -0.010740538
404 15 8 53.43333333 0.012295161
405 15 8 53.46666667 0.004652535
406 15 8 53.5 -0.005564632
407 15 8 53.53333333 -0.004033455
408 15 8 53.56666667 -0.010741218
409 15 8 53.6 0.003718331
410 15 8 53.63333333 -0.011048326
411 15 8 53.66666667 -0.000629627
412 15 8 53.7 -0.001328944
413 15 8 53.73333333 0.001254427
414 15 8 53.76666667 0.001474967
415 15 8 53.8 0.008743615
416 15 8 53.83333333 -0.012208292
417 15 8 53.86666667 -0.013357877
418 15 8 53.9 0.01671125
419 15 8 53.93333333 0.01034525
420 15 8 53.96666667 0.005963093
421 15 8 54 0.005726045
422 15 8 54.03333333 0.1019963
423 15 8 54.06666667 1.0881906
424 15 8 54.1 -0.5816426
425 15 8 54.13333333 -0.3861599
426 15 8 54.16666667 -0.5765704
427 15 8 54.2 0.0535276
428 15 8 54.23333333 0.3990665
429 15 8 54.26666667 -0.3513034
430 15 8 54.3 -0.2294691
431 15 8 54.33333333 -0.920101
432 15 8 54.36666667 -0.340536
433 15 8 54.4 -0.1851528
434 15 8 54.43333333 -0.1183616
435 15 8 54.46666667 0.1228724
436 15 8 54.5 -0.2314592
437 15 8 54.53333333 -0.189427
438 15 8 54.56666667 -0.183001
439 15 8 54.6 0.0929656
440 15 8 54.63333333 0.2932699
441 15 8 54.66666667 0.2044539
442 15 8 54.7 -0.1054389
443 15 8 54.73333333 -0.2034473
444 15 8 54.76666667 -0.1348823
445 15 8 54.8 0.0336504
446 15 8 54.83333333 0.1729238
447 15 8 54.86666667 0.1611988
448 15 8 54.9 -0.0476175
449 15 8 54.93333333 -0.1526084
450 15 8 54.96666667 -0.246554
451 15 8 55 -0.0203826
452 15 8 55.03333333 0.0952448
453 15 8 55.06666667 0.1407427
454 15 8 55.1 -0.0081907
455 15 8 55.13333333 -0.1790698
456 15 8 55.16666667 -0.1833286
457 15 8 55.2 -0.1063692
458 15 8 55.23333333 0.0773073
459 15 8 55.26666667 0.1423296
460 15 8 55.3 0.0255759
461 15 8 55.33333333 -0.1203132
462 15 8 55.36666667 -0.1904077
463 15 8 55.4 -0.1093687
464 15 8 55.43333333 0.0363293
465 15 8 55.46666667 0.1027215
466 15 8 55.5 0.0428379
467 15 8 55.53333333 -0.0785911
468 15 8 55.56666667 -0.1861986
469 15 8 55.6 -0.1383025
470 15 8 55.63333333 -0.0207375
471 15 8 55.66666667 0.096173
472 15 8 55.7 0.0510398
473 15 8 55.73333333 -0.0890414
474 15 8 55.76666667 -0.1704388
475 15 8 55.8 -0.1537466
476 15 8 55.83333333 -0.0486185
477 15 8 55.86666667 0.0409066
478 15 8 55.9 0.0500101
479 15 8 55.93333333 -0.0657293
480 15 8 55.96666667 -0.1641059
481 15 8 56 -0.1579571
482 15 8 56.03333333 -0.0688422
483 15 8 56.06666667 0.0351442
484 15 8 56.1 0.0532798
485 15 8 56.13333333 -0.0242417
486 15 8 56.16666667 -0.1106812
487 15 8 56.2 -0.1306809
488 15 8 56.23333333 -0.04697
489 15 8 56.26666667 0.0550354
490 15 8 56.3 0.0676956
491 15 8 56.33333333 -0.0051653
492 15 8 56.36666667 -0.064022
493 15 8 56.4 -0.1172346
494 15 8 56.43333333 -0.0516145
495 15 8 56.46666667 0.0498085
496 15 8 56.5 0.1221556
497 15 8 56.53333333 0.0499135
498 15 8 56.56666667 -0.0302057
499 15 8 56.6 -0.0654773
500 15 8 56.63333333 -0.0345611
501 15 8 56.66666667 0.0490917
502 15 8 56.7 0.1102136
503 15 8 56.73333333 0.0787528
504 15 8 56.76666667 0.0008337
505 15 8 56.8 -0.06412
506 15 8 56.83333333 -0.032781
507 15 8 56.86666667 0.0463078
508 15 8 56.9 0.1005165
509 15 8 56.93333333 0.0729001
510 15 8 56.96666667 0.0142933
511 15 8 57 -0.0397222
512 15 8 57.03333333 -0.0614845
513 15 8 57.06666667 0.0207242
514 15 8 57.1 0.0951272
515 15 8 57.13333333 0.096964
516 15 8 57.16666667 0.0066185
517 15 8 57.2 -0.0583555
518 15 8 57.23333333 -0.0481411
519 15 8 57.26666667 -0.0120302
520 15 8 57.3 0.0452361
521 15 8 57.33333333 0.0519274
522 15 8 57.36666667 -0.0071519
523 15 8 57.4 -0.0782362
524 15 8 57.43333333 -0.0703549
525 15 8 57.46666667 -0.006573
526 15 8 57.5 0.0660933
527 15 8 57.53333333 0.0911925
528 15 8 57.56666667 0.0218582
529 15 8 57.6 -0.0621873
530 15 8 57.63333333 -0.085022
531 15 8 57.66666667 -0.031367
532 15 8 57.7 0.004298
533 15 8 57.73333333 0.0135422
534 15 8 57.76666667 -0.0248668
535 15 8 57.8 -0.0695723
536 15 8 57.83333333 -0.0814926
537 15 8 57.86666667 -0.001741396
538 15 8 57.9 -0.02892949
539 15 8 57.93333333 0.042014738
540 15 8 57.96666667 -0.022500163
541 15 8 58 -0.024755214
542 15 8 58.03333333 0.010471882
543 15 8 58.06666667 -0.000954437
544 15 8 58.1 -0.028696467
545 15 8 58.13333333 -0.023478699
546 15 8 58.16666667 -0.03979208
547 15 8 58.2 -0.010992786
548 15 8 58.23333333 -0.02031418
549 15 8 58.26666667 0.036867766
550 15 8 58.3 0.011404127
551 15 8 58.33333333 -0.007275878
552 15 8 58.36666667 0.006317479
553 15 8 58.4 0.012015674
554 15 8 58.43333333 -0.005652796
555 15 8 58.46666667 0.022833642
556 15 8 58.5 -0.015285876
557 15 8 58.53333333 0.011007581
558 15 8 58.56666667 0.017234899
559 15 8 58.6 0.008550926
560 15 8 58.63333333 -0.00206018
561 15 8 58.66666667 0.004623253
562 15 8 58.7 0.009847351
563 15 8 58.73333333 -0.004894196
564 15 8 58.76666667 -0.002611544
565 15 8 58.8 0.070929772
566 15 8 58.83333333 0.0495327
567 15 8 58.86666667 0.03243712
568 15 8 58.9 -0.009191095
569 15 8 58.93333333 -0.026403539
570 15 8 58.96666667 -0.041403451
571 15 8 59 0.00137367
572 15 8 59.03333333 0.038077931
573 15 8 59.06666667 0.005927198
574 15 8 59.1 0.003700093
575 15 8 59.13333333 -0.032525195
576 15 8 59.16666667 0.038827036
577 15 8 59.2 -0.010466671
578 15 8 59.23333333 0.016549192
579 15 8 59.26666667 -0.010452871
580 15 8 59.3 -0.010394348
581 15 8 59.33333333 -0.013566938
582 15 8 59.36666667 -0.016146994
583 15 8 59.4 0.015588631
584 15 8 59.43333333 0.009529662
585 15 8 59.46666667 0.025108637
586 15 8 59.5 -0.006400685
587 15 8 59.53333333 0.012606554
588 15 8 59.56666667 0.040139728
589 15 8 59.6 -0.001900585
590 15 8 59.63333333 -0.042575934
591 15 8 59.66666667 0.03702374
592 15 8 59.7 -0.01787281
593 15 8 59.73333333 0.038489835
594 15 8 59.76666667 -0.021929542
595 15 8 59.8 0.017896483
596 15 8 59.83333333 0.007978506
597 15 8 59.86666667 -0.024291144
598 15 8 59.9 -0.00198757
599 15 8 59.93333333 -0.038129861
600 15 8 59.96666667 0.019853584
601 15 9 0 0.010835564
602 15 9 0.033333333 0.03293117
603 15 9 0.066666667 0.013881484
604 15 9 0.1 0.029902179
605 15 9 0.133333333 0.000301972
606 15 9 0.166666667 -0.031976131
607 15 9 0.2 -0.002531695
608 15 9 0.233333333 -0.046112229
609 15 9 0.266666667 0.016973673
610 15 9 0.3 0.00969088
611 15 9 0.333333333 0.017285385
612 15 9 0.366666667 0.004352239
613 15 9 0.4 0.015989992
614 15 9 0.433333333 0.008110438
615 15 9 0.466666667 0.005681631
616 15 9 0.5 0.00084709
617 15 9 0.533333333 0.010888046
618 15 9 0.566666667 -0.020291368
619 15 9 0.6 -0.016653978
620 15 9 0.633333333 -0.006878873
621 15 9 0.666666667 0.016041369
622 15 9 0.7 -0.014314464
623 15 9 0.733333333 -0.050855821
624 15 9 0.766666667 -0.021622631
625 15 9 0.8 0.017565704
626 15 9 0.833333333 0.032400887
627 15 9 0.866666667 -0.033545742
628 15 9 0.9 0.014375678
629 15 9 0.933333333 -0.009653468
630 15 9 0.966666667 -0.04288478
631 15 9 1 0.023090768
632 15 9 1.033333333 -0.007454111
633 15 9 1.066666667 0.008699697
634 15 9 1.1 -0.04112135
635 15 9 1.133333333 -0.037645049
636 15 9 1.166666667 0.015285397
637 15 9 1.2 0.015837644
638 15 9 1.233333333 0.011703169
639 15 9 1.266666667 -0.001264051
640 15 9 1.3 0.003416626
641 15 9 1.333333333 0.004320006
642 15 9 1.366666667 -0.019983325
643 15 9 1.4 0.002588206
644 15 9 1.433333333 0.000661663
645 15 9 1.466666667 -0.013489608
646 15 9 1.5 -0.009060982
647 15 9 1.533333333 -0.001146475
648 15 9 1.566666667 0.013823658
649 15 9 1.6 0.001496054
650 15 9 1.633333333 -0.005491918
651 15 9 1.666666667 0.007632595
652 15 9 1.7 -0.017361332
653 15 9 1.733333333 -0.005536633
654 15 9 1.766666667 -0.019895184
655 15 9 1.8 0.013052475
656 15 9 1.833333333 -0.015633535
657 15 9 1.866666667 0.003313166
658 15 9 1.9 0.001368755
659 15 9 1.933333333 0.006982451
660 15 9 1.966666667 -0.019170038
661 15 9 2 0.008670302
662 15 9 2.033333333 -0.01117583
663 15 9 2.066666667 0.019309923
664 15 9 2.1 0.011441938
665 15 9 2.133333333 -0.011072101
666 15 9 2.166666667 0.001610552
667 15 9 2.2 -0.006324551
668 15 9 2.233333333 0.008671809
669 15 9 2.266666667 -0.004206961
670 15 9 2.3 0.004127172
671 15 9 2.333333333 -0.014814008
672 15 9 2.366666667 -0.007929396
673 15 9 2.4 -0.000754647
674 15 9 2.433333333 -0.025265984
675 15 9 2.466666667 -0.006109543
676 15 9 2.5 0.003805377
677 15 9 2.533333333 0.01633807
678 15 9 2.566666667 0.006217465
679 15 9 2.6 -0.01786624
680 15 9 2.633333333 -0.020415149
681 15 9 2.666666667 0.00133541
682 15 9 2.7 -0.004747094
683 15 9 2.733333333 0.013947193
684 15 9 2.766666667 0.009559959
685 15 9 2.8 0.007723048
686 15 9 2.833333333 -0.01945106
687 15 9 2.866666667 -0.015871921
688 15 9 2.9 -0.018374136
689 15 9 2.933333333 -0.002348539
690 15 9 2.966666667 0.001632716
691 15 9 3 0.003586888
692 15 9 3.033333333 -0.018196882
693 15 9 3.066666667 -0.021342283
694 15 9 3.1 -0.00014529
695 15 9 3.133333333 -0.002061459
696 15 9 3.166666667 0.006844145
697 15 9 3.2 0.004450642
698 15 9 3.233333333 0.001639016
699 15 9 3.266666667 -0.004959996
700 15 9 3.3 -0.009416126
701 15 9 3.333333333 -0.002535191
702 15 9 3.366666667 0.003004838
703 15 9 3.4 -0.005380741
704 15 9 3.433333333 -0.001200225
705 15 9 3.466666667 0.011111166
706 15 9 3.5 0.014051928
707 15 9 3.533333333 0.009790983
708 15 9 3.566666667 0.022440359
709 15 9 3.6 -0.027094876
710 15 9 3.633333333 -0.022577642
711 15 9 3.666666667 0.008440168
712 15 9 3.7 0.000349124
713 15 9 3.733333333 0.0150669
714 15 9 3.766666667 -0.009836482
715 15 9 3.8 0.003351517
716 15 9 3.833333333 -0.020320762
717 15 9 3.866666667 -0.007742473
718 15 9 3.9 -0.000137607
719 15 9 3.933333333 -0.011546985
720 15 9 3.966666667 0.01098659
721 15 9 4 -0.000257809
722 15 9 4.033333333 0.0194368
723 15 9 4.066666667 0.01031622
724 15 9 4.1 0.009724671
725 15 9 4.133333333 0.0165789
726 15 9 4.166666667 0.004605795
727 15 9 4.2 0.005474158
728 15 9 4.233333333 -0.019255284
729 15 9 4.266666667 0.001312431
730 15 9 4.3 0.010385148
731 15 9 4.333333333 0.008574759
732 15 9 4.366666667 0.004253851
733 15 9 4.4 0.009990085
734 15 9 4.433333333 -0.008069206
735 15 9 4.466666667 0.014363204
736 15 9 4.5 -0.000871756
737 15 9 4.533333333 0.004837858
738 15 9 4.566666667 -0.000711491
739 15 9 4.6 0.000335334
740 15 9 4.633333333 -0.003487322
741 15 9 4.666666667 -0.009482721
742 15 9 4.7 0.006735568
743 15 9 4.733333333 0.009889691
744 15 9 4.766666667 0.006197057
745 15 9 4.8 -0.004311657
746 15 9 4.833333333 0.011502669
747 15 9 4.866666667 0.013313752
748 15 9 4.9 0.009147745
749 15 9 4.933333333 0.001999069
750 15 9 4.966666667 0.019915161
