1 15 8 40 0.002322911
2 15 8 40.03333333 0.002322911
3 15 8 40.06666667 -0.011151348
4 15 8 40.1 -0.004034277
5 15 8 40.13333333 0.005637847
6 15 8 40.16666667 -0.018231915
7 15 8 40.2 -6.84E-07
8 15 8 40.23333333 -0.016926246
9 15 8 40.26666667 -0.008002815
10 15 8 40.3 0.012778573
11 15 8 40.33333333 -0.000661693
12 15 8 40.36666667 -0.012112929
13 15 8 40.4 -0.003735695
14 15 8 40.43333333 0.012203674
15 15 8 40.46666667 0.016867032
16 15 8 40.5 0.009633912
17 15 8 40.53333333 -0.004282608
18 15 8 40.56666667 0.005904389
19 15 8 40.6 0.009824017
20 15 8 40.63333333 0.007656316
21 15 8 40.66666667 0.012701389
22 15 8 40.7 0.005469984
23 15 8 40.73333333 -0.002585968
24 15 8 40.76666667 0.003940859
25 15 8 40.8 0.019479869
26 15 8 40.83333333 0.003060482
27 15 8 40.86666667 -0.007285355
28 15 8 40.9 -0.014178714
29 15 8 40.93333333 0.000378734
30 15 8 40.96666667 -0.011046293
31 15 8 41 -0.002288404
32 15 8 41.03333333 -0.004900473
33 15 8 41.06666667 -0.010636495
34 15 8 41.1 0.001311451
35 15 8 41.13333333 -0.008956456
36 15 8 41.16666667 0.002451152
37 15 8 41.2 -0.004106779
38 15 8 41.23333333 -0.000653052
39 15 8 41.26666667 0.007852097
40 15 8 41.3 -0.000631509
41 15 8 41.33333333 -0.006457499
42 15 8 41.36666667 0.011236277
43 15 8 41.4 -0.009541015
44 15 8 41.43333333 -0.013514202
45 15 8 41.46666667 0.008734117
46 15 8 41.5 0.000986035
47 15 8 41.53333333 -0.00107637
48 15 8 41.56666667 0.006836524
49 15 8 41.6 -0.000580198
50 15 8 41.63333333 -0.008182442
51 15 8 41.66666667 -0.011185134
52 15 8 41.7 0.015961619
53 15 8 41.73333333 -0.004692244
54 15 8 41.76666667 -0.010982541
55 15 8 41.8 -0.018310409
56 15 8 41.83333333 0.003307139
57 15 8 41.86666667 -0.006968638
58 15 8 41.9 -0.007321653
59 15 8 41.93333333 0.009286934
60 15 8 41.96666667 -0.005753998
61 15 8 42 0.004011543
62 15 8 42.03333333 0.018906671
63 15 8 42.06666667 5.28E-05
64 15 8 42.1 0.004699862
65 15 8 42.13333333 0.007518311
66 15 8 42.16666667 -0.010376831
67 15 8 42.2 -0.02089003
68 15 8 42.23333333 -0.017196366
69 15 8 42.26666667 0.000527972
70 15 8 42.3 0.012016967
71 15 8 42.33333333 -0.011342732
72 15 8 42.36666667 0.004966709
73 15 8 42.4 -0.010523663
74 15 8 42.43333333 0.011655614
75 15 8 42.46666667 0.000790923
76 15 8 42.5 0.009971489
77 15 8 42.53333333 0.014873746
78 15 8 42.56666667 -0.004438381
79 15 8 42.6 -0.010216947
80 15 8 42.63333333 0.016004852
81 15 8 42.66666667 -0.01594148
82 15 8 42.7 -0.001630927
83 15 8 42.73333333 -0.013868425
84 15 8 42.76666667 -0.010168021
85 15 8 42.8 0.003470513
86 15 8 42.83333333 -0.024989818
87 15 8 42.86666667 -0.007396742
88 15 8 42.9 -0.01092037
89 15 8 42.93333333 -0.013892103
90 15 8 42.96666667 -0.005412778
91 15 8 43 -0.009413079
92 15 8 43.03333333 -0.00260738
93 15 8 43.06666667 -0.004422507
94 15 8 43.1 0.005539729
95 15 8 43.13333333 0.00659717
96 15 8 43.16666667 0.008503789
97 15 8 43.2 -0.004065238
98 15 8 43.23333333 -9.60E-05
99 15 8 43.26666667 -0.003788216
100 15 8 43.3 0.000687829
101 15 8 43.33333333 0.005851866
102 15 8 43.36666667 0.007510337
103 15 8 43.4 -0.005775272
104 15 8 43.43333333 -0.025598183
105 15 8 43.46666667 -0.008458648
106 15 8 43.5 -0.006478198
107 15 8 43.53333333 -0.006450944
108 15 8 43.56666667 -0.002509958
109 15 8 43.6 -0.000244468
110 15 8 43.63333333 0.011937123
111 15 8 43.66666667 0.002990626
112 15 8 43.7 -0.016283213
113 15 8 43.73333333 0.000253183
114 15 8 43.76666667 -0.005310382
115 15 8 43.8 0.01886288
116 15 8 43.83333333 -0.003684409
117 15 8 43.86666667 0.005666104
118 15 8 43.9 -0.000372583
119 15 8 43.93333333 -0.016469549
120 15 8 43.96666667 -0.022123478
121 15 8 44 -0.009618354
122 15 8 44.03333333 0.00188548
123 15 8 44.06666667 0.008861076
124 15 8 44.1 0.019850326
125 15 8 44.13333333 0.008217582
126 15 8 44.16666667 -0.008678826
127 15 8 44.2 0.013530377
128 15 8 44.23333333 0.000969342
129 15 8 44.26666667 -0.010208451
130 15 8 44.3 -0.001163666
131 15 8 44.33333333 -0.00851206
132 15 8 44.36666667 -0.003913262
133 15 8 44.4 -0.000630207
134 15 8 44.43333333 0.017832738
135 15 8 44.46666667 -0.005627596
136 15 8 44.5 -0.003586841
137 15 8 44.53333333 -0.001052815
138 15 8 44.56666667 0.008890324
139 15 8 44.6 -0.004891049
140 15 8 44.63333333 -0.000610029
141 15 8 44.66666667 0.004321873
142 15 8 44.7 -0.001198329
143 15 8 44.73333333 0.017048464
144 15 8 44.76666667 0.006569767
145 15 8 44.8 0.004722415
146 15 8 44.83333333 0.001453439
147 15 8 44.86666667 0.003203873
148 15 8 44.9 0.153377
149 15 8 44.93333333 -0.380936
150 15 8 44.96666667 -0.400884
151 15 8 45 -0.392997
152 15 8 45.03333333 -0.439882
153 15 8 45.06666667 -2.057542
154 15 8 45.1 -1.12174
155 15 8 45.13333333 -0.67013
156 15 8 45.16666667 -0.28212
157 15 8 45.2 2.176834
158 15 8 45.23333333 -1.385348
159 15 8 45.26666667 2.015569
160 15 8 45.3 -1.331482
161 15 8 45.33333333 1.558619
162 15 8 45.36666667 0.074025
163 15 8 45.4 -0.022258
164 15 8 45.43333333 0.506029
165 15 8 45.46666667 -0.127029
166 15 8 45.5 -0.252299
167 15 8 45.53333333 0.389096
168 15 8 45.56666667 -0.324116
169 15 8 45.6 0.790589
170 15 8 45.63333333 0.014854
171 15 8 45.66666667 -0.148165
172 15 8 45.7 0.033961
173 15 8 45.73333333 -0.424129
174 15 8 45.76666667 -0.022905
175 15 8 45.8 0.405625
176 15 8 45.83333333 0.087699
177 15 8 45.86666667 0.063666
178 15 8 45.9 -0.261362
179 15 8 45.93333333 -0.128479
180 15 8 45.96666667 0.346977
181 15 8 46 0.335034
182 15 8 46.03333333 0.336792
183 15 8 46.06666667 0.066055
184 15 8 46.1 -0.19438
185 15 8 46.13333333 -0.178633
186 15 8 46.16666667 0.106472
187 15 8 46.2 0.267979
188 15 8 46.23333333 0.111066
189 15 8 46.26666667 -0.031558
190 15 8 46.3 -0.22565
191 15 8 46.33333333 -0.071747
192 15 8 46.36666667 0.04125
193 15 8 46.4 0.039204
194 15 8 46.43333333 0.199591
195 15 8 46.46666667 0.133243
196 15 8 46.5 -0.091653
197 15 8 46.53333333 -0.159531
198 15 8 46.56666667 -0.095825
199 15 8 46.6 0.045782
200 15 8 46.63333333 0.10249
201 15 8 46.66666667 -0.006026
202 15 8 46.7 -0.161526
203 15 8 46.73333333 -0.288922
204 15 8 46.76666667 -0.258783
205 15 8 46.8 0.001293
206 15 8 46.83333333 0.162443
207 15 8 46.86666667 0.087667
208 15 8 46.9 -0.139494
209 15 8 46.93333333 -0.276745
210 15 8 46.96666667 -0.175395
211 15 8 47 0.019425
212 15 8 47.03333333 0.084325
213 15 8 47.06666667 0.043046
214 15 8 47.1 -0.103534
215 15 8 47.13333333 -0.185521
216 15 8 47.16666667 -0.106101
217 15 8 47.2 0.060177
218 15 8 47.23333333 0.188475
219 15 8 47.26666667 0.104586
220 15 8 47.3 0.040595
221 15 8 47.33333333 -0.004939
222 15 8 47.36666667 0.002573
223 15 8 47.4 0.10248
224 15 8 47.43333333 0.174258
225 15 8 47.46666667 0.179466
226 15 8 47.5 0.088514
227 15 8 47.53333333 -0.02718
228 15 8 47.56666667 -0.109299
229 15 8 47.6 -0.029068
230 15 8 47.63333333 0.114114
231 15 8 47.66666667 0.128498
232 15 8 47.7 0.02814
233 15 8 47.73333333 -0.078335
234 15 8 47.76666667 -0.12784
235 15 8 47.8 -0.014913
236 15 8 47.83333333 0.16813
237 15 8 47.86666667 0.259235
238 15 8 47.9 0.139305
239 15 8 47.93333333 0.004503
240 15 8 47.96666667 -0.020025
241 15 8 48 0.0431
242 15 8 48.03333333 0.116925
243 15 8 48.06666667 0.127953
244 15 8 48.1 0.057104
245 15 8 48.13333333 -0.079557
246 15 8 48.16666667 -0.135602
247 15 8 48.2 -0.06622
248 15 8 48.23333333 0.008057
249 15 8 48.26666667 0.102029
250 15 8 48.3 0.045201
251 15 8 48.33333333 -0.025132
252 15 8 48.36666667 -0.002804
253 15 8 48.4 0.011554
254 15 8 48.43333333 0.036314
255 15 8 48.46666667 0.130788
256 15 8 48.5 0.149197
257 15 8 48.53333333 0.067771
258 15 8 48.56666667 -0.054001
259 15 8 48.6 -0.032264
260 15 8 48.63333333 0.071501
261 15 8 48.66666667 0.152105
262 15 8 48.7 0.146219
263 15 8 48.73333333 -0.008217
264 15 8 48.76666667 -0.105847
265 15 8 48.8 -0.091567
266 15 8 48.83333333 0.002883
267 15 8 48.86666667 0.04408
268 15 8 48.9 0.056835
269 15 8 48.93333333 -0.033822
270 15 8 48.96666667 -0.123849
271 15 8 49 -0.10646
272 15 8 49.03333333 -0.008495
273 15 8 49.06666667 0.003171
274 15 8 49.1 -0.014679
275 15 8 49.13333333 -0.054966
276 15 8 49.16666667 -0.151673
277 15 8 49.2 -0.16534
278 15 8 49.23333333 -0.084407
279 15 8 49.26666667 -0.078541
280 15 8 49.3 -0.084465
281 15 8 49.33333333 -0.130483
282 15 8 49.36666667 -0.212338
283 15 8 49.4 -0.264252
284 15 8 49.43333333 -0.201825
285 15 8 49.46666667 -0.090354
286 15 8 49.5 -0.067662
287 15 8 49.53333333 -0.063953
288 15 8 49.56666667 -0.096361
289 15 8 49.6 -0.118991
290 15 8 49.63333333 -0.029519
291 15 8 49.66666667 0.068768
292 15 8 49.7 0.055193
293 15 8 49.73333333 0.01208
294 15 8 49.76666667 0.00687
295 15 8 49.8 -0.028245
296 15 8 49.83333333 -0.017052
297 15 8 49.86666667 0.092191
298 15 8 49.9 0.168519
299 15 8 49.93333333 0.113727
300 15 8 49.96666667 0.030393
301 15 8 50 0.017479
302 15 8 50.03333333 0.013242
303 15 8 50.06666667 0.02608
304 15 8 50.1 0.014151
305 15 8 50.13333333 -0.054502
306 15 8 50.16666667 -0.104201
307 15 8 50.2 -0.11173
308 15 8 50.23333333 -0.122445
309 15 8 50.26666667 -0.092651
310 15 8 50.3 -0.044189
311 15 8 50.33333333 -0.04695
312 15 8 50.36666667 -0.095554
313 15 8 50.4 -0.16974
314 15 8 50.43333333 -0.212094
315 15 8 50.46666667 -0.179317
316 15 8 50.5 -0.118232
317 15 8 50.53333333 -0.14202
318 15 8 50.56666667 -0.231582
319 15 8 50.6 -0.253887
320 15 8 50.63333333 -0.216768
321 15 8 50.66666667 -0.182341
322 15 8 50.7 -0.118851
323 15 8 50.73333333 -0.100556
324 15 8 50.76666667 -0.177798
325 15 8 50.8 -0.22371
326 15 8 50.83333333 -0.183412
327 15 8 50.86666667 -0.14924
328 15 8 50.9 -0.127073
329 15 8 50.93333333 -0.107367
330 15 8 50.96666667 -0.134248
331 15 8 51 -0.197466
332 15 8 51.03333333 -0.146087
333 15 8 51.06666667 -0.061414
334 15 8 51.1 -0.024663
335 15 8 51.13333333 -0.038848312
336 15 8 51.16666667 -0.05702051
337 15 8 51.2 0.016205458
338 15 8 51.23333333 0.040819731
339 15 8 51.26666667 0.069318244
340 15 8 51.3 0.08870176
341 15 8 51.33333333 -0.116254018
342 15 8 51.36666667 -0.047182951
343 15 8 51.4 0.036500448
344 15 8 51.43333333 0.048204817
345 15 8 51.46666667 0.019039831
346 15 8 51.5 -0.000797611
347 15 8 51.53333333 -0.067459578
348 15 8 51.56666667 -0.096973868
349 15 8 51.6 -0.058718917
350 15 8 51.63333333 -0.014071689
351 15 8 51.66666667 -0.131190379
352 15 8 51.7 0.016125714
353 15 8 51.73333333 0.046578053
354 15 8 51.76666667 0.017388784
355 15 8 51.8 0.002177559
356 15 8 51.83333333 -0.021349521
357 15 8 51.86666667 0.053456289
358 15 8 51.9 -0.014567663
359 15 8 51.93333333 -0.008484255
360 15 8 51.96666667 -0.067350612
