 2.7768E+3  
 2.7768E+3  
 2.7768E+3  
 2.7768E+3  
 2.7771E+3  
 2.7768E+3  
 2.7774E+3  
 2.7768E+3  
 2.7768E+3  
 2.7768E+3  
 2.7771E+3  
 2.7765E+3  
 2.7771E+3  
 2.7768E+3  
 2.7768E+3  
 2.7768E+3  
 2.7768E+3  
 2.7768E+3  
 2.7768E+3  
 2.7768E+3  
 2.7768E+3  
 2.7768E+3  
 2.7768E+3  
 2.7771E+3  
 2.7768E+3  
 2.7765E+3  
 2.7759E+3  
 2.7768E+3  
 2.7768E+3  
 2.7768E+3  
 2.7768E+3  
 2.7768E+3  
 2.7768E+3  
 2.7768E+3  
 2.7765E+3  
 2.7768E+3  
 2.7765E+3  
 2.7768E+3  
 2.7768E+3  
 2.7768E+3  
 2.7765E+3  
 2.7768E+3  
 2.7768E+3  
 2.7768E+3  
 2.7771E+3  
 2.7768E+3  
 2.7768E+3  
 2.7768E+3  
 2.7768E+3  
 2.7768E+3  
 2.7771E+3  
 2.7768E+3  
 2.7768E+3  
 2.7768E+3  
 2.7771E+3  
 2.7774E+3  
 2.7768E+3  
 2.7768E+3  
 2.7768E+3  
 2.7768E+3  
 2.7771E+3  
 2.7768E+3  
 2.7768E+3  
 2.7771E+3  
 2.7768E+3  
 2.7768E+3  
 2.7771E+3  
 2.7771E+3  
 2.7771E+3  
 2.7768E+3  
 2.7771E+3  
 2.7768E+3  
 2.7768E+3  
 2.7768E+3  
 2.7777E+3  
 2.7771E+3  
 2.7768E+3  
 2.7768E+3  
 2.7768E+3  
 2.7765E+3  
 2.7765E+3  
 2.7768E+3  
 2.7768E+3  
 2.7768E+3  
 2.7768E+3  
 2.7768E+3  
 2.7768E+3  
 2.7771E+3  
 2.7768E+3  
 2.7765E+3  
 2.7768E+3  
 2.7768E+3  
 2.7765E+3  
 2.7768E+3  
 2.7765E+3  
 2.7768E+3  
 2.7771E+3  
 2.7765E+3  
 2.7765E+3  
 2.7771E+3  
 2.7771E+3  
 2.7768E+3  
 2.7768E+3  
 2.7768E+3  
 2.7771E+3  
 2.7768E+3  
 2.7768E+3  
 2.7768E+3  
 2.7768E+3  
 2.7768E+3  
 2.7765E+3  
 2.7768E+3  
 2.7765E+3  
 2.7768E+3  
 2.7765E+3  
 2.7768E+3  
 2.7768E+3  
 2.7768E+3  
 2.7765E+3  
 2.7768E+3  
 2.7768E+3  
 2.7768E+3  
 2.7783E+3  
 2.7768E+3  
 2.7768E+3  
 2.7768E+3  
 2.7768E+3  
 2.7765E+3  
 2.7771E+3  
 2.7765E+3  
 2.7765E+3  
 2.7768E+3  
 2.7765E+3  
 2.7768E+3  
 2.7768E+3  
 2.7768E+3  
 2.7768E+3  
 2.7771E+3  
 2.7771E+3  
 2.7768E+3  
 2.7768E+3  
 2.7768E+3  
 2.7768E+3  
 2.7768E+3  
 2.7771E+3  
 2.7768E+3  
 2.7768E+3  
 2.7768E+3  
 2.7768E+3  
 2.7768E+3  
 2.7771E+3  
 2.7768E+3  
 2.7771E+3  
 2.7768E+3  
 2.7771E+3  
 2.7765E+3  
 2.7771E+3  
 2.7765E+3  
 2.7765E+3  
 2.7765E+3  
 2.7765E+3  
 2.7771E+3  
 2.7771E+3  
 2.7771E+3  
 2.7768E+3  
 2.7771E+3  
 2.7768E+3  
 2.7768E+3  
 2.7768E+3  
 2.7768E+3  
 2.7765E+3  
 2.7768E+3  
 2.7771E+3  
 2.7771E+3  
 2.7765E+3  
 2.7771E+3  
 2.7768E+3  
 2.7768E+3  
 2.7768E+3  
 2.7768E+3  
 2.7768E+3  
 2.7768E+3  
 2.7768E+3  
 2.7768E+3  
 2.7768E+3  
 2.7768E+3  
 2.7768E+3  
 2.7768E+3  
 2.7765E+3  
 2.7768E+3  
 2.7765E+3  
 2.7771E+3  
 2.7768E+3  
 2.7768E+3  
 2.7768E+3  
 2.7768E+3  
 2.7768E+3  
 2.7771E+3  
 2.7765E+3  
 2.7768E+3  
 2.7768E+3  
 2.7768E+3  
 2.7768E+3  
 2.7768E+3  
 2.7768E+3  
 2.7768E+3  
 2.7765E+3  
 2.7765E+3  
 2.7765E+3  
 2.7768E+3  
 2.7765E+3  
 2.7768E+3  
 2.7765E+3  
 2.7771E+3  
 2.7768E+3  
 2.7768E+3  
 2.7765E+3  
 2.7768E+3  
 2.7765E+3  
 2.7768E+3  
 2.7768E+3  
 2.7768E+3  
 2.7768E+3  
 2.7768E+3  
 2.7771E+3  
 2.7768E+3  
 2.7768E+3  
 2.7768E+3  
 2.7765E+3  
 2.7774E+3  
 2.7768E+3  
 2.7765E+3  
 2.7771E+3  
 2.7768E+3  
 2.7765E+3  
 2.7765E+3  
 2.7768E+3  
 2.7768E+3  
 2.7768E+3  
 2.7768E+3  
 2.7765E+3  
 2.7768E+3  
 2.7768E+3  
 2.7768E+3  
 2.7768E+3  
 2.7768E+3  
 2.7768E+3  
 2.7768E+3  
 2.7768E+3  
 2.7765E+3  
 2.7768E+3  
 2.7768E+3  
 2.7768E+3  
 2.7768E+3  
 2.7765E+3  
 2.7765E+3  
 2.7768E+3  
 2.7768E+3  
 2.7768E+3  
 2.7768E+3  
 2.7768E+3  
 2.7768E+3  
 2.7765E+3  
 2.7765E+3  
 2.7768E+3  
 2.7765E+3  
 2.7768E+3  
 2.7768E+3  
 2.7768E+3  
 2.7768E+3  
 2.7771E+3  
 2.7765E+3  
 2.7771E+3  
 2.7768E+3  
 2.7771E+3  
 2.7768E+3  
 2.7765E+3  
 2.7771E+3  
 2.7768E+3  
 2.7768E+3  
 2.7768E+3  
 2.7768E+3  
 2.7771E+3  
 2.7768E+3  
 2.7768E+3  
 2.7768E+3  
 2.7768E+3  
 2.7771E+3  
 2.7771E+3  
 2.7768E+3  
 2.7771E+3  
 2.7765E+3  
 2.7768E+3  
 2.7768E+3  
 2.7771E+3  
 2.7768E+3  
 2.7768E+3  
 2.7768E+3  
 2.7771E+3  
 2.7768E+3  
 2.7768E+3  
 2.7768E+3  
 2.7768E+3  
 2.7771E+3  
 2.7768E+3  
 2.7765E+3  
 2.7768E+3  
 2.7768E+3  
 2.7768E+3  
 2.7768E+3  
 2.7768E+3  
 2.7774E+3  
 2.7768E+3  
 2.7768E+3  
 2.7768E+3  
 2.7768E+3  
 2.7768E+3  
 2.7768E+3  
 2.7771E+3  
 2.7771E+3  
 2.7768E+3  
 2.7771E+3  
 2.7768E+3  
 2.7768E+3  
 2.7768E+3  
 2.7768E+3  
 2.7768E+3  
 2.7765E+3  
 2.7768E+3  
 2.7771E+3  
 2.7768E+3  
 2.7771E+3  
 2.7768E+3  
 2.7768E+3  
 2.7765E+3  
 2.7771E+3  
 2.7768E+3  
 2.7771E+3  
 2.7768E+3  
 2.7765E+3  
 2.7768E+3  
 2.7768E+3  
 2.7768E+3  
 2.7765E+3  
 2.7765E+3  
 2.7765E+3  
 2.7768E+3  
 2.7765E+3  
 2.7768E+3  
 2.7768E+3  
 2.7768E+3  
 2.7768E+3  
 2.7768E+3  
 2.7768E+3  
 2.7768E+3  
 2.7765E+3  
 2.7768E+3  
 2.7768E+3  
 2.7771E+3  
 2.7765E+3  
 2.7765E+3  
 2.7768E+3  
 2.7768E+3  
 2.7762E+3  
 2.7768E+3  
 2.7765E+3  
 2.7768E+3  
 2.7768E+3  
 2.7771E+3  
 2.7768E+3  
 2.7768E+3  
 2.7768E+3  
 2.7768E+3  
 2.7765E+3  
 2.7765E+3  
 2.7768E+3  
 2.7771E+3  
 2.7765E+3  
 2.7771E+3  
 2.7768E+3  
 2.7768E+3  
 2.7765E+3  
 2.7768E+3  
 2.7768E+3  
 2.7768E+3  
 2.7765E+3  
 2.7768E+3  
 2.7768E+3  
 2.7768E+3  
 2.7771E+3  
 2.7765E+3  
 2.7768E+3  
 2.7768E+3  
 2.7771E+3  
 2.7768E+3  
 2.7765E+3  
 2.7768E+3  
 2.7771E+3  
 2.7768E+3  
 2.7768E+3  
 2.7765E+3  
 2.7768E+3  
 2.7768E+3  
 2.7768E+3  
 2.7768E+3  
 2.7765E+3  
 2.7768E+3  
 2.7768E+3  
 2.7765E+3  
 2.7765E+3  
 2.7768E+3  
 2.7768E+3  
 2.7768E+3  
 2.7768E+3  
 2.7768E+3  
 2.7768E+3  
 2.7768E+3  
 2.7768E+3  
 2.7768E+3  
 2.7768E+3  
 2.7768E+3  
 2.7771E+3  
 2.7768E+3  
 2.7765E+3  
 2.7768E+3  
 2.7768E+3  
 2.7768E+3  
 2.7768E+3  
 2.7768E+3  
 2.7771E+3  
 2.7768E+3  
 2.7768E+3  
 2.7768E+3  
 2.7768E+3  
 2.7765E+3  
 2.7765E+3  
 2.7765E+3  
 2.7768E+3  
 2.7768E+3  
 2.7771E+3  
 2.7768E+3  
 2.7692E+3  
 2.7649E+3  
 2.7649E+3  
 2.7661E+3  
 2.7679E+3  
 2.7661E+3  
 2.7689E+3  
 2.7686E+3  
 2.7670E+3  
 2.7673E+3  
 2.7679E+3  
 2.7670E+3  
 2.7670E+3  
 2.7673E+3  
 2.7670E+3  
 2.7673E+3  
 2.7667E+3  
 2.7673E+3  
 2.7673E+3  
 2.7667E+3  
 2.7673E+3  
 2.7667E+3  
 2.7670E+3  
 2.7673E+3  
 2.7673E+3  
 2.7670E+3  
 2.7667E+3  
 2.7667E+3  
 2.7667E+3  
 2.7676E+3  
 2.7670E+3  
 2.7670E+3  
 2.7670E+3  
 2.7670E+3  
 2.7670E+3  
 2.7667E+3  
 2.7664E+3  
 2.7667E+3  
 2.7683E+3  
 2.7673E+3  
 2.7673E+3  
 2.7673E+3  
 2.7679E+3  
 2.7673E+3  
 2.7673E+3  
 2.7667E+3  
 2.7683E+3  
 2.7670E+3  
 2.7673E+3  
 2.7676E+3  
 2.7658E+3  
 2.7643E+3  
 2.7646E+3  
 2.7649E+3  
 2.7649E+3  
 2.7652E+3  
 2.7640E+3  
 2.7631E+3  
 2.7603E+3  
 2.7585E+3  
 2.7551E+3  
 2.7524E+3  
 2.7478E+3  
 2.7432E+3  
 2.7365E+3  
 2.7319E+3  
 2.7301E+3  
 2.7292E+3  
 2.7267E+3  
 2.7258E+3  
 2.7258E+3  
 2.7158E+3  
 2.7100E+3  
 2.7081E+3  
 2.7036E+3  
 2.6962E+3  
 2.6901E+3  
 2.6852E+3  
 2.6825E+3  
 2.6816E+3  
 2.6816E+3  
 2.6788E+3  
 2.6779E+3  
 2.6727E+3  
 2.6669E+3  
 2.6627E+3  
 2.6563E+3  
 2.6456E+3  
 2.6386E+3  
 2.6343E+3  
 2.6303E+3  
 2.6279E+3  
 2.6315E+3  
 2.6266E+3  
 2.6273E+3  
 2.6343E+3  
 2.6321E+3  
 2.6367E+3  
 2.6395E+3  
 2.6443E+3  
 2.6508E+3  
 2.6541E+3  
 2.6563E+3  
 2.6572E+3  
 2.6630E+3  
 2.6727E+3  
 2.6761E+3  
 2.6794E+3  
 2.6782E+3  
 2.6883E+3  
 2.6956E+3  
 2.7167E+3  
 2.7261E+3  
 2.7322E+3  
 2.7634E+3  
 2.7835E+3  
 2.7957E+3  
 2.8223E+3  
 2.8516E+3  
 2.8812E+3  
 2.8857E+3  
 2.9462E+3  
 2.9968E+3  
 3.0472E+3  
 3.0795E+3  
 3.1308E+3  
 3.1454E+3  
 3.1558E+3  
 3.1821E+3  
 3.2150E+3  
 3.2227E+3  
 3.2291E+3  
 3.2459E+3  
 3.2364E+3  
 3.2324E+3  
 3.2184E+3  
 3.1924E+3  
 3.1412E+3  
 3.1381E+3  
 3.0890E+3  
 3.0731E+3  
 3.0106E+3  
 3.0017E+3  
 3.0109E+3  
 2.9953E+3  
 2.9962E+3  
 2.9871E+3  
 2.9587E+3  
 2.9504E+3  
 2.9239E+3  
 2.9160E+3  
 2.8784E+3  
 2.8903E+3  
 2.8510E+3  
 2.8650E+3  
 2.8568E+3  
 2.8357E+3  
 2.8528E+3  
 2.8870E+3  
 2.8848E+3  
 2.9050E+3  
 2.9358E+3  
 2.9218E+3  
 2.9416E+3  
 2.9105E+3  
 2.9260E+3  
 2.9251E+3  
 2.9248E+3  
 2.9050E+3  
 2.8787E+3  
 2.8271E+3  
 2.8082E+3  
 2.7783E+3  
 2.7368E+3  
 2.7286E+3  
 2.6892E+3  
 2.6712E+3  
 2.6303E+3  
 2.6172E+3  
 2.5827E+3  
 2.5665E+3  
 2.5446E+3  
 2.5305E+3  
 2.4966E+3  
 2.4643E+3  
 2.4484E+3  
 2.4280E+3  
 2.4072E+3  
 2.3904E+3  
 2.3712E+3  
 2.3605E+3  
 2.3431E+3  
 2.3352E+3  
 2.3346E+3  
 2.3343E+3  
 2.3395E+3  
 2.3572E+3  
 2.3694E+3  
 2.3816E+3  
 2.3956E+3  
 2.4014E+3  
 2.4084E+3  
 2.4146E+3  
 2.4258E+3  
 2.4426E+3  
 2.4558E+3  
 2.4667E+3  
 2.4887E+3  
 2.4997E+3  
 2.5137E+3  
 2.5357E+3  
 2.5366E+3  
 2.5494E+3  
 2.5598E+3  
 2.5671E+3  
 2.5775E+3  
 2.5897E+3  
 2.6038E+3  
 2.6163E+3  
 2.6263E+3  
 2.6404E+3  
 2.6587E+3  
 2.6743E+3  
 2.6810E+3  
 2.6920E+3  
 2.7072E+3  
 2.7267E+3  
 2.7267E+3  
 2.7469E+3  
 2.7618E+3  
 2.7829E+3  
 2.7786E+3  
 2.8052E+3  
 2.8278E+3  
 2.8400E+3  
 2.8653E+3  
 2.9019E+3  
 2.9373E+3  
 2.9507E+3  
 2.9800E+3  
 3.0261E+3  
 3.0304E+3  
 3.0508E+3  
 3.0634E+3  
 3.0710E+3  
 3.0737E+3  
 3.0725E+3  
 3.0719E+3  
 3.0707E+3  
 3.0676E+3  
 3.0682E+3  
 3.0679E+3  
 3.0612E+3  
 3.0295E+3  
 3.0209E+3  
 3.0234E+3  
 3.0292E+3  
 2.9926E+3  
 2.9605E+3  
 2.9541E+3  
 2.9514E+3  
 2.9492E+3  
 2.9395E+3  
 2.8937E+3  
 2.8833E+3  
 2.8717E+3  
 2.8464E+3  
 2.8409E+3  
 2.8375E+3  
 2.8256E+3  
 2.8143E+3  
 2.7979E+3  
 2.7817E+3  
 2.7716E+3  
 2.7621E+3  
 2.7643E+3  
 2.7545E+3  
 2.7460E+3  
 2.7325E+3  
 2.7301E+3  
 2.7298E+3  
 2.7274E+3  
 2.7277E+3  
 2.7292E+3  
 2.7286E+3  
 2.7252E+3  
 2.7191E+3  
 2.7203E+3  
 2.7231E+3  
 2.7274E+3  
 2.7243E+3  
 2.7173E+3  
 2.7231E+3  
 2.7213E+3  
 2.7219E+3  
 2.7185E+3  
 2.7118E+3  
 2.7054E+3  
 2.6999E+3  
 2.6935E+3  
 2.6886E+3  
 2.6886E+3  
 2.6865E+3  
 2.6855E+3  
 2.6889E+3  
 2.6868E+3  
 2.6889E+3  
 2.6956E+3  
 2.7036E+3  
 2.7097E+3  
 2.7139E+3  
 2.7200E+3  
 2.7277E+3  
 2.7307E+3  
 2.7249E+3  
 2.7255E+3  
 2.7298E+3  
 2.7295E+3  
 2.7304E+3  
 2.7316E+3  
 2.7338E+3  
 2.7390E+3  
 2.7429E+3  
 2.7478E+3  
 2.7557E+3  
 2.7661E+3  
 2.7692E+3  
 2.7786E+3  
 2.7808E+3  
 2.7731E+3  
 2.7930E+3  
 2.7911E+3  
 2.8000E+3  
 2.8168E+3  
 2.8250E+3  
 2.8336E+3  
 2.8397E+3  
 2.8342E+3  
 2.8394E+3  
 2.8500E+3  
 2.8494E+3  
 2.8494E+3  
 2.8561E+3  
 2.8586E+3  
 2.8595E+3  
 2.8595E+3  
 2.8656E+3  
 2.8626E+3  
 2.8601E+3  
 2.8687E+3  
 2.8720E+3  
 2.8583E+3  
 2.8595E+3  
 2.8760E+3  
 2.8705E+3  
 2.8662E+3  
 2.8644E+3  
 2.8571E+3  
 2.8473E+3  
 2.8339E+3  
 2.8296E+3  
 2.8293E+3  
 2.8293E+3  
 2.8207E+3  
 2.8021E+3  
 2.7930E+3  
 2.7838E+3  
 2.7829E+3  
 2.7762E+3  
 2.7756E+3  
 2.7835E+3  
 2.7811E+3  
 2.7805E+3  
 2.7808E+3  
 2.7734E+3  
 2.7716E+3  
 2.7667E+3  
 2.7631E+3  
 2.7600E+3  
 2.7542E+3  
 2.7475E+3  
 2.7405E+3  
 2.7353E+3  
 2.7319E+3  
 2.7307E+3  
 2.7292E+3  
 2.7292E+3  
 2.7301E+3  
 2.7286E+3  
 2.7286E+3  
 2.7283E+3  
 2.7298E+3  
 2.7280E+3  
 2.7274E+3  
 2.7283E+3  
 2.7277E+3  
 2.7267E+3  
 2.7267E+3  
 2.7264E+3  
 2.7264E+3  
 2.7258E+3  
 2.7258E+3  
 2.7283E+3  
 2.7271E+3  
 2.7255E+3  
 2.7264E+3  
 2.7280E+3  
 2.7277E+3  
 2.7289E+3  
 2.7234E+3  
 2.7234E+3  
 2.7258E+3  
 2.7271E+3  
 2.7274E+3  
 2.7280E+3  
 2.7286E+3  
 2.7298E+3  
 2.7301E+3  
 2.7304E+3  
 2.7329E+3  
 2.7313E+3  
 2.7316E+3  
 2.7371E+3  
 2.7390E+3  
 2.7386E+3  
 2.7359E+3  
 2.7347E+3  
 2.7359E+3  
 2.7341E+3  
 2.7362E+3  
 2.7377E+3  
 2.7414E+3  
 2.7460E+3  
 2.7548E+3  
 2.7609E+3  
 2.7631E+3  
 2.7655E+3  
 2.7646E+3  
 2.7664E+3  
 2.7692E+3  
 2.7695E+3  
 2.7707E+3  
 2.7731E+3  
 2.7734E+3  
 2.7814E+3  
 2.7798E+3  
 2.7771E+3  
 2.7734E+3  
 2.7747E+3  
 2.7747E+3  
 2.7762E+3  
 2.7756E+3  
 2.7756E+3  
 2.7774E+3  
 2.7789E+3  
 2.7802E+3  
 2.7780E+3  
 2.7765E+3  
 2.7756E+3  
 2.7753E+3  
 2.7753E+3  
 2.7759E+3  
 2.7786E+3  
 2.7814E+3  
 2.7802E+3  
 2.7808E+3  
 2.7808E+3  
 2.7805E+3  
 2.7725E+3  
 2.7768E+3  
 2.7783E+3  
 2.7774E+3  
 2.7747E+3  
 2.7777E+3  
 2.7762E+3  
 2.7731E+3  
 2.7710E+3  
 2.7676E+3  
 2.7640E+3  
 2.7640E+3  
 2.7612E+3  
 2.7551E+3  
 2.7441E+3  
 2.7368E+3  
 2.7313E+3  
 2.7292E+3  
 2.7289E+3  
 2.7283E+3  
 2.7283E+3  
 2.7274E+3  
 2.7277E+3  
 2.7283E+3  
 2.7280E+3  
 2.7286E+3  
 2.7277E+3  
 2.7289E+3  
 2.7301E+3  
 2.7313E+3  
 2.7301E+3  
 2.7322E+3  
 2.7341E+3  
 2.7390E+3  
 2.7487E+3  
 2.7512E+3  
 2.7539E+3  
 2.7603E+3  
 2.7628E+3  
 2.7640E+3  
 2.7676E+3  
 2.7728E+3  
 2.7817E+3  
 2.7808E+3  
 2.7774E+3  
 2.7771E+3  
 2.7750E+3  
 2.7759E+3  
 2.7744E+3  
 2.7750E+3  
 2.7762E+3  
 2.7823E+3  
 2.7872E+3  
 2.7884E+3  
 2.7924E+3  
 2.7966E+3  
 2.8027E+3  
 2.8046E+3  
 2.7975E+3  
 2.7927E+3  
 2.7942E+3  
 2.7957E+3  
 2.7948E+3  
 2.7954E+3  
 2.7954E+3  
 2.7960E+3  
 2.7963E+3  
 2.7982E+3  
 2.7966E+3  
 2.7972E+3  
 2.7997E+3  
 2.8018E+3  
 2.8058E+3  
 2.8070E+3  
 2.8088E+3  
 2.8052E+3  
 2.8006E+3  
 2.7994E+3  
 2.8006E+3  
 2.7948E+3  
 2.7975E+3  
 2.7975E+3  
 2.7948E+3  
 2.7994E+3  
 2.7866E+3  
 2.7795E+3  
 2.7753E+3  
 2.7765E+3  
 2.7777E+3  
 2.7780E+3  
 2.7805E+3  
 2.7817E+3  
 2.7805E+3  
 2.7783E+3  
 2.7774E+3  
 2.7747E+3  
 2.7740E+3  
 2.7707E+3  
 2.7686E+3  
 2.7658E+3  
 2.7658E+3  
 2.7640E+3  
 2.7625E+3  
 2.7618E+3  
 2.7621E+3  
 2.7618E+3  
 2.7603E+3  
 2.7618E+3  
 2.7628E+3  
 2.7621E+3  
 2.7634E+3  
 2.7637E+3  
 2.7621E+3  
 2.7634E+3  
 2.7655E+3  
 2.7667E+3  
 2.7673E+3  
 2.7686E+3  
 2.7695E+3  
 2.7710E+3  
 2.7710E+3  
 2.7719E+3  
 2.7728E+3  
 2.7725E+3  
 2.7728E+3  
 2.7725E+3  
 2.7728E+3  
 2.7707E+3  
 2.7683E+3  
 2.7686E+3  
 2.7701E+3  
 2.7713E+3  
 2.7740E+3  
 2.7731E+3  
 2.7737E+3  
 2.7744E+3  
 2.7753E+3  
 2.7759E+3  
 2.7771E+3  
 2.7768E+3  
 2.7771E+3  
 2.7768E+3  
 2.7768E+3  
 2.7771E+3  
 2.7765E+3  
 2.7771E+3  
 2.7768E+3  
 2.7765E+3  
 2.7765E+3  
 2.7765E+3  
 2.7765E+3  
 2.7765E+3  
 2.7777E+3  
 2.7771E+3  
 2.7783E+3  
 2.7765E+3  
 2.7768E+3  
 2.7771E+3  
 2.7780E+3  
 2.7783E+3  
 2.7765E+3  
 2.7777E+3  
 2.7783E+3  
 2.7780E+3  
 2.7768E+3  
 2.7771E+3  
 2.7777E+3  
 2.7780E+3  
 2.7780E+3  
 2.7765E+3  
 2.7774E+3  
 2.7780E+3  
 2.7780E+3  
 2.7783E+3  
 2.7780E+3  
 2.7777E+3  
 2.7771E+3  
 2.7777E+3  
 2.7762E+3  
 2.7759E+3  
 2.7762E+3  
 2.7759E+3  
 2.7759E+3  
 2.7762E+3  
 2.7759E+3  
 2.7759E+3  
 2.7762E+3  
 2.7762E+3  
 2.7762E+3  
 2.7747E+3  
 2.7759E+3  
 2.7759E+3  
 2.7762E+3  
 2.7759E+3  
 2.7759E+3  
 2.7759E+3  
 2.7759E+3  
 2.7756E+3  
 2.7759E+3  
 2.7762E+3  
 2.7759E+3  
 2.7759E+3  
 2.7762E+3  
 2.7750E+3  
 2.7759E+3  
 2.7762E+3  
 2.7762E+3  
 2.7750E+3  
 2.7759E+3  
 2.7762E+3  
 2.7759E+3  
 2.7750E+3  
 2.7759E+3  
 2.7759E+3  
 2.7759E+3  
 2.7759E+3  
 2.7750E+3  
 2.7750E+3  
 2.7753E+3  
 2.7759E+3  
 2.7747E+3  
 2.7765E+3  
 2.7747E+3  
 2.7762E+3  
 2.7759E+3  
 2.7762E+3  
 2.7759E+3  
 2.7762E+3  
 2.7759E+3  
 2.7750E+3  
 2.7759E+3  
 2.7759E+3  
 2.7762E+3  
 2.7762E+3  
 2.7750E+3  
 2.7759E+3  
 2.7759E+3  
 2.7759E+3  
 2.7747E+3  
 2.7762E+3  
 2.7756E+3  
 2.7759E+3  
 2.7762E+3  
 2.7747E+3  
 2.7759E+3  
 2.7750E+3  
 2.7756E+3  
 2.7747E+3  
 2.7747E+3  
 2.7759E+3  
 2.7750E+3  
 2.7753E+3  
 2.7762E+3  
 2.7759E+3  
 2.7759E+3  
 2.7762E+3  
 2.7759E+3  
 2.7759E+3  
 2.7762E+3  
 2.7750E+3  
 2.7750E+3  
 2.7747E+3  
 2.7762E+3  
 2.7759E+3  
 2.7756E+3  
 2.7759E+3  
 2.7750E+3  
 2.7759E+3  
 2.7759E+3  
 2.7762E+3  
 2.7759E+3  
 2.7759E+3  
 2.7750E+3  
 2.7756E+3  
 2.7759E+3  
 2.7759E+3  
 2.7750E+3  
 2.7759E+3  
 2.7759E+3  
 2.7759E+3  
 2.7756E+3  
 2.7750E+3  
 2.7762E+3  
 2.7759E+3  
 2.7762E+3  
 2.7762E+3  
 2.7759E+3  
 2.7759E+3  
 2.7759E+3  
 2.7756E+3  
 2.7759E+3  
 2.7759E+3  
 2.7759E+3  
 2.7759E+3  
 2.7750E+3  
 2.7750E+3  
 2.7750E+3  
 2.7762E+3  
 2.7759E+3  
 2.7762E+3  
 2.7759E+3  
 2.7759E+3  
 2.7750E+3  
 2.7759E+3  
 2.7759E+3  
 2.7750E+3  
 2.7762E+3  
 2.7750E+3  
 2.7759E+3  
 2.7750E+3  
 2.7750E+3  
 2.7756E+3  
 2.7759E+3  
 2.7759E+3  
 2.7759E+3  
 2.7759E+3  
 2.7759E+3  
 2.7759E+3  
 2.7759E+3  
 2.7762E+3  
 2.7759E+3  
 2.7759E+3  
 2.7747E+3  
 2.7747E+3  
 2.7759E+3  
 2.7759E+3  
 2.7759E+3  
 2.7759E+3  
 2.7759E+3  
 2.7762E+3  
 2.7759E+3  
 2.7759E+3  
 2.7750E+3  
 2.7759E+3  
 2.7756E+3  
 2.7759E+3  
 2.7750E+3  
 2.7762E+3  
 2.7759E+3  
 2.7753E+3  
 2.7759E+3  
 2.7759E+3  
 2.7759E+3  
 2.7762E+3  
 2.7750E+3  
 2.7750E+3  
 2.7747E+3  
 2.7759E+3  
 2.7762E+3  
 2.7759E+3  
 2.7759E+3  
 2.7756E+3  
 2.7759E+3  
 2.7750E+3  
 2.7759E+3  
 2.7759E+3  
 2.7762E+3  
 2.7759E+3  
 2.7759E+3  
 2.7756E+3  
 2.7759E+3  
 2.7762E+3  
 2.7756E+3  
 2.7759E+3  
 2.7762E+3  
 2.7759E+3  
 2.7756E+3  
 2.7759E+3  
 2.7759E+3  
 2.7759E+3  
 2.7762E+3  
 2.7759E+3  
 2.7756E+3  
 2.7759E+3  
 2.7759E+3  
 2.7759E+3  
 2.7759E+3  
 2.7747E+3  
 2.7750E+3  
 2.7759E+3  
 2.7759E+3  
 2.7753E+3  
 2.7750E+3  
 2.7759E+3  
 2.7759E+3  
 2.7759E+3  
 2.7750E+3  
 2.7744E+3  
 2.7759E+3  
 2.7759E+3  
 2.7747E+3  
 2.7750E+3  
 2.7759E+3  
 2.7747E+3  
 2.7756E+3  
 2.7759E+3  
 2.7759E+3  
 2.7759E+3  
 2.7759E+3  
 2.7744E+3  
 2.7759E+3  
 2.7756E+3  
 2.7759E+3  
 2.7759E+3  
 2.7762E+3  
 2.7747E+3  
 2.7762E+3  
 2.7750E+3  
 2.7759E+3  
 2.7747E+3  
 2.7747E+3  
 2.7759E+3  
 2.7762E+3  
 2.7759E+3  
 2.7759E+3  
 2.7759E+3  
 2.7759E+3  
 2.7759E+3  
 2.7747E+3  
 2.7756E+3  
 2.7759E+3  
 2.7756E+3  
 2.7747E+3  
 2.7759E+3  
 2.7750E+3  
 2.7759E+3  
 2.7762E+3  
 2.7759E+3  
 2.7747E+3  
 2.7756E+3  
 2.7759E+3  
 2.7759E+3  
 2.7759E+3  
 2.7744E+3  
 2.7759E+3  
 2.7750E+3  
 2.7759E+3  
 2.7750E+3  
 2.7747E+3  
 2.7744E+3  
 2.7759E+3  
 2.7747E+3  
 2.7759E+3  
 2.7759E+3  
 2.7759E+3  
 2.7762E+3  
 2.7759E+3  
 2.7750E+3  
 2.7750E+3  
 2.7759E+3  
 2.7756E+3  
 2.7756E+3  
 2.7759E+3  
 2.7759E+3  
 2.7756E+3  
 2.7759E+3  
 2.7753E+3  
 2.7759E+3  
 2.7759E+3  
 2.7759E+3  
 2.7762E+3  
 2.7756E+3  
 2.7756E+3  
 2.7762E+3  
 2.7747E+3  
 2.7759E+3  
 2.7747E+3  
 2.7762E+3  
 2.7759E+3  
 2.7750E+3  
 2.7759E+3  
 2.7747E+3  
 2.7747E+3  
 2.7759E+3  
 2.7759E+3  
 2.7756E+3  
 2.7759E+3  
 2.7756E+3  
 2.7759E+3  
 2.7759E+3  
 2.7747E+3  
 2.7759E+3  
 2.7759E+3  
 2.7756E+3  
 2.7756E+3  
 2.7753E+3  
 2.7759E+3  
 2.7747E+3  
 2.7747E+3  
 2.7744E+3  
 2.7756E+3  
 2.7759E+3  
 2.7759E+3  
 2.7759E+3  
 2.7759E+3  
 2.7756E+3  
 2.7750E+3  
 2.7759E+3  
 2.7759E+3  
 2.7762E+3  
 2.7747E+3  
 2.7747E+3  
 2.7747E+3  
 2.7759E+3  
 2.7759E+3  
 2.7747E+3  
 2.7759E+3  
 2.7759E+3  
 2.7759E+3  
 2.7747E+3  
 2.7747E+3  
 2.7747E+3  
 2.7756E+3  
 2.7747E+3  
 2.7759E+3  
 2.7756E+3  
 2.7759E+3  
 2.7759E+3  
 2.7759E+3  
 2.7759E+3  
 2.7759E+3  
 2.7753E+3  
 2.7759E+3  
 2.7759E+3  
 2.7759E+3  
 2.7750E+3  
 2.7756E+3  
 2.7759E+3  
 2.7759E+3  
 2.7747E+3  
 2.7759E+3  
 2.7759E+3  
 2.7747E+3  
 2.7750E+3  
 2.7759E+3  
 2.7759E+3  
 2.7759E+3  
 2.7759E+3  
 2.7747E+3  
 2.7759E+3  
 2.7762E+3  
 2.7747E+3  
 2.7747E+3  
 2.7759E+3  
 2.7756E+3  
 2.7756E+3  
 2.7759E+3  
 2.7747E+3  
 2.7759E+3  
 2.7759E+3  
 2.7750E+3  
 2.7759E+3  
 2.7747E+3  
 2.7759E+3  
 2.7759E+3  
 2.7759E+3  
 2.7759E+3  
 2.7759E+3  
 2.7750E+3  
 2.7759E+3  
 2.7747E+3  
 2.7759E+3  
 2.7756E+3  
 2.7762E+3  
 2.7759E+3  
 2.7759E+3  
 2.7747E+3  
 2.7750E+3  
 2.7756E+3  
 2.7756E+3  
 2.7747E+3  
 2.7756E+3  
 2.7756E+3  
 2.7759E+3  
 2.7756E+3  
 2.7753E+3  
 2.7756E+3  
 2.7756E+3  
 2.7750E+3  
 2.7747E+3  
 2.7759E+3  
 2.7759E+3  
 2.7759E+3  
 2.7759E+3  
 2.7756E+3  
 2.7759E+3  
 2.7756E+3  
 2.7750E+3  
 2.7759E+3  
 2.7756E+3  
 2.7759E+3  
 2.7759E+3  
 2.7759E+3  
 2.7756E+3  
 2.7750E+3  
 2.7750E+3  
 2.7750E+3  
 2.7759E+3  
 2.7759E+3  
 2.7756E+3  
 2.7750E+3  
 2.7747E+3  
 2.7759E+3  
 2.7759E+3  
 2.7759E+3  
 2.7756E+3  
 2.7744E+3  
 2.7747E+3  
 2.7756E+3  
 2.7744E+3  
 2.7747E+3  
 2.7759E+3  
 2.7756E+3  
 2.7756E+3  
 2.7759E+3  
 2.7756E+3  
 2.7759E+3  
 2.7747E+3  
 2.7747E+3  
 2.7747E+3  
 2.7747E+3  
 2.7759E+3  
 2.7756E+3  
 2.7759E+3  
 2.7759E+3  
 2.7747E+3  
 2.7759E+3  
 2.7759E+3  
 2.7759E+3  
 2.7759E+3  
 2.7756E+3  
 2.7744E+3  
 2.7759E+3  
 2.7750E+3  
 2.7747E+3  
 2.7744E+3  
 2.7747E+3  
 2.7759E+3  
 2.7762E+3  
 2.7759E+3  
 2.7750E+3  
 2.7744E+3  
 2.7759E+3  
 2.7756E+3  
 2.7759E+3  
 2.7756E+3  
 2.7750E+3  
 2.7756E+3  
 2.7759E+3  
 2.7747E+3  
 2.7759E+3  
 2.7759E+3  
 2.7756E+3  
 2.7744E+3  
 2.7759E+3  
 2.7747E+3  
 2.7759E+3  
 2.7756E+3  
 2.7744E+3  
 2.7759E+3  
 2.7759E+3  
 2.7756E+3  
 2.7759E+3  
 2.7750E+3  
 2.7747E+3  
 2.7759E+3  
 2.7759E+3  
 2.7756E+3  
 2.7759E+3  
 2.7756E+3  
 2.7756E+3  
 2.7747E+3  
 2.7756E+3  
 2.7759E+3  
 2.7759E+3  
 2.7756E+3  
 2.7756E+3  
 2.7756E+3  
 2.7756E+3  
 2.7747E+3  
 2.7759E+3  
 2.7759E+3  
 2.7759E+3  
 2.7759E+3  
 2.7756E+3  
 2.7759E+3  
 2.7756E+3  
 2.7756E+3  
 2.7756E+3  
 2.7747E+3  
 2.7750E+3  
 2.7759E+3  
 2.7759E+3  
 2.7759E+3  
 2.7759E+3  
 2.7762E+3  
 2.7753E+3  
 2.7750E+3  
 2.7747E+3  
 2.7759E+3  
 2.7756E+3  
 2.7759E+3  
 2.7756E+3  
 2.7747E+3  
 2.7759E+3  
 2.7759E+3  
 2.7759E+3  
 2.7756E+3  
 2.7759E+3  
 2.7756E+3  
 2.7756E+3  
 2.7756E+3  
 2.7756E+3  
 2.7759E+3  
 2.7756E+3  
 2.7747E+3  
 2.7747E+3  
 2.7759E+3  
 2.7762E+3  
 2.7759E+3  
 2.7759E+3  
 2.7750E+3  
 2.7759E+3  
 2.7759E+3  
 2.7759E+3  
 2.7759E+3  
 2.7759E+3  
 2.7759E+3  
 2.7759E+3  
 2.7759E+3  
 2.7759E+3  
 2.7759E+3  
 2.7756E+3  
 2.7756E+3  
 2.7759E+3  
 2.7759E+3  
 2.7762E+3  
 2.7756E+3  
 2.7759E+3  
 2.7759E+3  
 2.7747E+3  
 2.7750E+3  
 2.7756E+3  
 2.7759E+3  
 2.7756E+3  
 2.7750E+3  
 2.7756E+3  
 2.7756E+3  
 2.7759E+3  
 2.7756E+3  
 2.7756E+3  
 2.7759E+3  
 2.7759E+3  
 2.7756E+3  
 2.7756E+3  
 2.7756E+3  
 2.7759E+3  
 2.7756E+3  
 2.7756E+3  
 2.7756E+3  
 2.7759E+3  
 2.7740E+3  
 2.7756E+3  
 2.7756E+3  
 2.7747E+3  
 2.7762E+3  
 2.7756E+3  
 2.7753E+3  
 2.7756E+3  
 2.7759E+3  
 2.7756E+3  
 2.7759E+3  
 2.7750E+3  
 2.7756E+3  
 2.7753E+3  
 2.7756E+3  
 2.7759E+3  
 2.7750E+3  
 2.7759E+3  
 2.7759E+3  
 2.7756E+3  
 2.7759E+3  
 2.7756E+3  
 2.7747E+3  
 2.7750E+3  
 2.7753E+3  
 2.7750E+3  
 2.7762E+3  
 2.7756E+3  
 2.7756E+3  
 2.7747E+3  
 2.7756E+3  
 2.7759E+3  
 2.7756E+3  
 2.7750E+3  
 2.7756E+3  
 2.7756E+3  
 2.7756E+3  
 2.7756E+3  
 2.7756E+3  
 2.7756E+3  
 2.7759E+3  
 2.7759E+3  
 2.7759E+3  
 2.7759E+3  
 2.7747E+3  
 2.7759E+3  
 2.7759E+3  
 2.7762E+3  
 2.7759E+3  
 2.7756E+3  
 2.7756E+3  
 2.7756E+3  
 2.7747E+3  
 2.7756E+3  
 2.7762E+3  
 2.7759E+3  
 2.7759E+3  
 2.7747E+3  
 2.7756E+3  
 2.7756E+3  
 2.7756E+3  
 2.7759E+3  
 2.7756E+3  
 2.7759E+3  
 2.7756E+3  
 2.7759E+3  
 2.7756E+3  
 2.7756E+3  
 2.7759E+3  
 2.7759E+3  
 2.7759E+3  
 2.7756E+3  
 2.7759E+3  
 2.7747E+3  
 2.7756E+3  
 2.7747E+3  
 2.7759E+3  
 2.7756E+3  
 2.7759E+3  
 2.7747E+3  
 2.7756E+3  
 2.7756E+3  
 2.7759E+3  
 2.7744E+3  
 2.7750E+3  
 2.7756E+3  
 2.7756E+3  
 2.7756E+3  
 2.7753E+3  
 2.7756E+3  
 2.7756E+3  
 2.7759E+3  
 2.7756E+3  
 2.7740E+3  
 2.7756E+3  
 2.7756E+3  
 2.7759E+3  
 2.7756E+3  
 2.7756E+3  
 2.7759E+3  
 2.7759E+3  
 2.7747E+3  
 2.7744E+3  
 2.7756E+3  
 2.7756E+3  
 2.7756E+3  
 2.7747E+3  
 2.7756E+3  
 2.7753E+3  
 2.7756E+3  
 2.7744E+3  
 2.7750E+3  
 2.7762E+3  
 2.7756E+3  
 2.7753E+3  
 2.7756E+3  
 2.7756E+3  
 2.7756E+3  
 2.7756E+3  
 2.7756E+3  
 2.7756E+3  
 2.7756E+3  
 2.7756E+3  
 2.7759E+3  
 2.7756E+3  
 2.7756E+3  
 2.7747E+3  
 2.7756E+3  
 2.7756E+3  
 2.7759E+3  
 2.7756E+3  
 2.7756E+3  
 2.7756E+3  
 2.7756E+3  
 2.7756E+3  
 2.7753E+3  
 2.7747E+3  
 2.7753E+3  
 2.7744E+3  
 2.7759E+3  
 2.7759E+3  
 2.7759E+3  
 2.7756E+3  
 2.7756E+3  
 2.7759E+3  
 2.7759E+3  
 2.7747E+3  
 2.7759E+3  
 2.7759E+3  
 2.7759E+3  
 2.7759E+3  
 2.7756E+3  
 2.7759E+3  
 2.7756E+3  
 2.7759E+3  
 2.7759E+3  
 2.7759E+3  
 2.7762E+3  
 2.7759E+3  
 2.7759E+3  
 2.7753E+3  
 2.7759E+3  
 2.7759E+3  
 2.7756E+3  
 2.7747E+3  
 2.7747E+3  
 2.7756E+3  
 2.7756E+3  
 2.7756E+3  
 2.7747E+3  
 2.7756E+3  
 2.7756E+3  
 2.7759E+3  
 2.7756E+3  
 2.7759E+3  
 2.7756E+3  
 2.7756E+3  
 2.7762E+3  
 2.7762E+3  
 2.7756E+3  
 2.7747E+3  
 2.7756E+3  
 2.7756E+3  
 2.7759E+3  
 2.7759E+3  
 2.7753E+3  
 2.7756E+3  
 2.7747E+3  
 2.7759E+3  
 2.7756E+3  
 2.7762E+3  
 2.7747E+3  
 2.7759E+3  
 2.7756E+3  
 2.7759E+3  
 2.7756E+3  
 2.7756E+3  
 2.7756E+3  
 2.7747E+3  
 2.7762E+3  
 2.7747E+3  
 2.7759E+3  
 2.7759E+3  
 2.7759E+3  
 2.7747E+3  
 2.7759E+3  
 2.7762E+3  
