 2.7725E+3  
 2.7734E+3  
 2.7731E+3  
 2.7728E+3  
 2.7728E+3  
 2.7725E+3  
 2.7728E+3  
 2.7725E+3  
 2.7728E+3  
 2.7725E+3  
 2.7728E+3  
 2.7728E+3  
 2.7728E+3  
 2.7728E+3  
 2.7725E+3  
 2.7725E+3  
 2.7728E+3  
 2.7728E+3  
 2.7722E+3  
 2.7725E+3  
 2.7731E+3  
 2.7728E+3  
 2.7728E+3  
 2.7728E+3  
 2.7725E+3  
 2.7725E+3  
 2.7728E+3  
 2.7731E+3  
 2.7725E+3  
 2.7728E+3  
 2.7728E+3  
 2.7725E+3  
 2.7725E+3  
 2.7725E+3  
 2.7728E+3  
 2.7728E+3  
 2.7728E+3  
 2.7728E+3  
 2.7731E+3  
 2.7725E+3  
 2.7722E+3  
 2.7737E+3  
 2.7731E+3  
 2.7731E+3  
 2.7725E+3  
 2.7722E+3  
 2.7728E+3  
 2.7728E+3  
 2.7728E+3  
 2.7725E+3  
 2.7740E+3  
 2.7725E+3  
 2.7725E+3  
 2.7731E+3  
 2.7737E+3  
 2.7728E+3  
 2.7722E+3  
 2.7728E+3  
 2.7737E+3  
 2.7728E+3  
 2.7728E+3  
 2.7728E+3  
 2.7725E+3  
 2.7737E+3  
 2.7728E+3  
 2.7728E+3  
 2.7725E+3  
 2.7728E+3  
 2.7731E+3  
 2.7728E+3  
 2.7728E+3  
 2.7740E+3  
 2.7728E+3  
 2.7728E+3  
 2.7725E+3  
 2.7728E+3  
 2.7731E+3  
 2.7728E+3  
 2.7728E+3  
 2.7728E+3  
 2.7740E+3  
 2.7737E+3  
 2.7728E+3  
 2.7725E+3  
 2.7728E+3  
 2.7728E+3  
 2.7728E+3  
 2.7728E+3  
 2.7737E+3  
 2.7731E+3  
 2.7728E+3  
 2.7725E+3  
 2.7725E+3  
 2.7728E+3  
 2.7728E+3  
 2.7731E+3  
 2.7725E+3  
 2.7725E+3  
 2.7728E+3  
 2.7728E+3  
 2.7728E+3  
 2.7744E+3  
 2.7725E+3  
 2.7728E+3  
 2.7728E+3  
 2.7731E+3  
 2.7725E+3  
 2.7722E+3  
 2.7728E+3  
 2.7728E+3  
 2.7728E+3  
 2.7728E+3  
 2.7725E+3  
 2.7728E+3  
 2.7725E+3  
 2.7725E+3  
 2.7728E+3  
 2.7728E+3  
 2.7725E+3  
 2.7728E+3  
 2.7728E+3  
 2.7728E+3  
 2.7728E+3  
 2.7728E+3  
 2.7728E+3  
 2.7728E+3  
 2.7731E+3  
 2.7725E+3  
 2.7728E+3  
 2.7725E+3  
 2.7728E+3  
 2.7725E+3  
 2.7728E+3  
 2.7728E+3  
 2.7728E+3  
 2.7728E+3  
 2.7728E+3  
 2.7728E+3  
 2.7725E+3  
 2.7728E+3  
 2.7725E+3  
 2.7725E+3  
 2.7728E+3  
 2.7728E+3  
 2.7725E+3  
 2.7725E+3  
 2.7731E+3  
 2.7728E+3  
 2.7725E+3  
 2.7728E+3  
 2.7725E+3  
 2.7728E+3  
 2.7728E+3  
 2.7728E+3  
 2.7731E+3  
 2.7725E+3  
 2.7722E+3  
 2.7728E+3  
 2.7734E+3  
 2.7725E+3  
 2.7725E+3  
 2.7722E+3  
 2.7728E+3  
 2.7725E+3  
 2.7725E+3  
 2.7731E+3  
 2.7731E+3  
 2.7725E+3  
 2.7728E+3  
 2.7731E+3  
 2.7740E+3  
 2.7731E+3  
 2.7731E+3  
 2.7728E+3  
 2.7728E+3  
 2.7716E+3  
 2.7795E+3  
 2.7786E+3  
 2.7792E+3  
 2.7798E+3  
 2.7789E+3  
 2.7792E+3  
 2.7795E+3  
 2.7798E+3  
 2.7792E+3  
 2.7798E+3  
 2.7789E+3  
 2.7792E+3  
 2.7792E+3  
 2.7792E+3  
 2.7792E+3  
 2.7798E+3  
 2.7792E+3  
 2.7795E+3  
 2.7795E+3  
 2.7795E+3  
 2.7795E+3  
 2.7798E+3  
 2.7798E+3  
 2.7792E+3  
 2.7798E+3  
 2.7789E+3  
 2.7789E+3  
 2.7795E+3  
 2.7798E+3  
 2.7795E+3  
 2.7792E+3  
 2.7795E+3  
 2.7786E+3  
 2.7795E+3  
 2.7795E+3  
 2.7792E+3  
 2.7798E+3  
 2.7789E+3  
 2.7795E+3  
 2.7795E+3  
 2.7789E+3  
 2.7786E+3  
 2.7789E+3  
 2.7792E+3  
 2.7789E+3  
 2.7802E+3  
 2.7798E+3  
 2.7795E+3  
 2.7792E+3  
 2.7798E+3  
 2.7795E+3  
 2.7798E+3  
 2.7789E+3  
 2.7795E+3  
 2.7792E+3  
 2.7780E+3  
 2.7792E+3  
 2.7805E+3  
 2.7795E+3  
 2.7792E+3  
 2.7792E+3  
 2.7795E+3  
 2.7786E+3  
 2.7795E+3  
 2.7808E+3  
 2.7792E+3  
 2.7789E+3  
 2.7798E+3  
 2.7802E+3  
 2.7802E+3  
 2.7795E+3  
 2.7786E+3  
 2.7802E+3  
 2.7783E+3  
 2.7792E+3  
 2.7792E+3  
 2.7798E+3  
 2.7795E+3  
 2.7792E+3  
 2.7792E+3  
 2.7795E+3  
 2.7792E+3  
 2.7789E+3  
 2.7795E+3  
 2.7789E+3  
 2.7802E+3  
 2.7789E+3  
 2.7795E+3  
 2.7798E+3  
 2.7792E+3  
 2.7795E+3  
 2.7802E+3  
 2.7783E+3  
 2.7795E+3  
 2.7795E+3  
 2.7798E+3  
 2.7798E+3  
 2.7786E+3  
 2.7780E+3  
 2.7789E+3  
 2.7795E+3  
 2.7795E+3  
 2.7792E+3  
 2.7802E+3  
 2.7792E+3  
 2.7798E+3  
 2.7795E+3  
 2.7795E+3  
 2.7802E+3  
 2.7808E+3  
 2.7814E+3  
 2.7811E+3  
 2.7811E+3  
 2.7811E+3  
 2.7808E+3  
 2.7826E+3  
 2.7811E+3  
 2.7814E+3  
 2.7811E+3  
 2.7823E+3  
 2.7814E+3  
 2.7814E+3  
 2.7811E+3  
 2.7814E+3  
 2.7811E+3  
 2.7811E+3  
 2.7808E+3  
 2.7811E+3  
 2.7823E+3  
 2.7817E+3  
 2.7823E+3  
 2.7826E+3  
 2.7823E+3  
 2.7820E+3  
 2.7826E+3  
 2.7817E+3  
 2.7823E+3  
 2.7823E+3  
 2.7826E+3  
 2.7820E+3  
 2.7829E+3  
 2.7820E+3  
 2.7826E+3  
 2.7808E+3  
 2.7826E+3  
 2.7817E+3  
 2.7829E+3  
 2.7826E+3  
 2.7826E+3  
 2.7832E+3  
 2.7823E+3  
 2.7820E+3  
 2.7826E+3  
 2.7820E+3  
 2.7832E+3  
 2.7814E+3  
 2.7823E+3  
 2.7823E+3  
 2.7823E+3  
 2.7820E+3  
 2.7829E+3  
 2.7820E+3  
 2.7829E+3  
 2.7823E+3  
 2.7823E+3  
 2.7823E+3  
 2.7820E+3  
 2.7829E+3  
 2.7817E+3  
 2.7823E+3  
 2.7829E+3  
 2.7823E+3  
 2.7835E+3  
 2.7823E+3  
 2.7826E+3  
 2.7823E+3  
 2.7829E+3  
 2.7823E+3  
 2.7826E+3  
 2.7826E+3  
 2.7826E+3  
 2.7823E+3  
 2.7832E+3  
 2.7823E+3  
 2.7826E+3  
 2.7820E+3  
 2.7826E+3  
 2.7814E+3  
 2.7823E+3  
 2.7823E+3  
 2.7820E+3  
 2.7817E+3  
 2.7826E+3  
 2.7823E+3  
 2.7823E+3  
 2.7823E+3  
 2.7823E+3  
 2.7811E+3  
 2.7832E+3  
 2.7829E+3  
 2.7820E+3  
 2.7823E+3  
 2.7817E+3  
 2.7826E+3  
 2.7820E+3  
 2.7823E+3  
 2.7823E+3  
 2.7823E+3  
 2.7820E+3  
 2.7823E+3  
 2.7814E+3  
 2.7832E+3  
 2.7820E+3  
 2.7823E+3  
 2.7829E+3  
 2.7832E+3  
 2.7835E+3  
 2.7829E+3  
 2.7832E+3  
 2.7817E+3  
 2.7811E+3  
 2.7817E+3  
 2.7823E+3  
 2.7820E+3  
 2.7826E+3  
 2.7826E+3  
 2.7817E+3  
 2.7832E+3  
 2.7832E+3  
 2.7829E+3  
 2.7823E+3  
 2.7820E+3  
 2.7823E+3  
 2.7826E+3  
 2.7826E+3  
 2.7820E+3  
 2.7826E+3  
 2.7820E+3  
 2.7823E+3  
 2.7823E+3  
 2.7823E+3  
 2.7823E+3  
 2.7826E+3  
 2.7823E+3  
 2.7817E+3  
 2.7829E+3  
 2.7835E+3  
 2.7829E+3  
 2.7826E+3  
 2.7814E+3  
 2.7823E+3  
 2.7829E+3  
 2.7823E+3  
 2.7829E+3  
 2.7832E+3  
 2.7829E+3  
 2.7838E+3  
 2.7829E+3  
 2.7826E+3  
 2.7835E+3  
 2.7835E+3  
 2.7835E+3  
 2.7823E+3  
 2.7835E+3  
 2.7829E+3  
 2.7829E+3  
 2.7820E+3  
 2.7823E+3  
 2.7826E+3  
 2.7829E+3  
 2.7817E+3  
 2.7823E+3  
 2.7829E+3  
 2.7826E+3  
 2.7829E+3  
 2.7823E+3  
 2.7826E+3  
 2.7826E+3  
 2.7823E+3  
 2.7832E+3  
 2.7829E+3  
 2.7823E+3  
 2.7829E+3  
 2.7823E+3  
 2.7832E+3  
 2.7832E+3  
 2.7832E+3  
 2.7829E+3  
 2.7820E+3  
 2.7841E+3  
 2.7829E+3  
 2.7823E+3  
 2.7841E+3  
 2.7835E+3  
 2.7826E+3  
 2.7841E+3  
 2.7835E+3  
 2.7838E+3  
 2.7835E+3  
 2.7841E+3  
 2.7835E+3  
 2.7832E+3  
 2.7817E+3  
 2.7835E+3  
 2.7820E+3  
 2.7829E+3  
 2.7814E+3  
 2.7814E+3  
 2.7805E+3  
 2.7798E+3  
 2.7786E+3  
 2.7756E+3  
 2.7750E+3  
 2.7737E+3  
 2.7728E+3  
 2.7728E+3  
 2.7725E+3  
 2.7722E+3  
 2.7744E+3  
 2.7756E+3  
 2.7762E+3  
 2.7792E+3  
 2.7805E+3  
 2.7814E+3  
 2.7826E+3  
 2.7826E+3  
 2.7829E+3  
 2.7832E+3  
 2.7832E+3  
 2.7838E+3  
 2.7832E+3  
 2.7832E+3  
 2.7835E+3  
 2.7829E+3  
 2.7820E+3  
 2.7820E+3  
 2.7802E+3  
 2.7808E+3  
 2.7792E+3  
 2.7798E+3  
 2.7786E+3  
 2.7792E+3  
 2.7780E+3  
 2.7780E+3  
 2.7780E+3  
 2.7774E+3  
 2.7789E+3  
 2.7783E+3  
 2.7792E+3  
 2.7789E+3  
 2.7786E+3  
 2.7777E+3  
 2.7783E+3  
 2.7780E+3  
 2.7798E+3  
 2.7792E+3  
 2.7805E+3  
 2.7820E+3  
 2.7820E+3  
 2.7838E+3  
 2.7832E+3  
 2.7841E+3  
 2.7844E+3  
 2.7844E+3  
 2.7835E+3  
 2.7832E+3  
 2.7823E+3  
 2.7838E+3  
 2.7835E+3  
 2.7826E+3  
 2.7832E+3  
 2.7829E+3  
 2.7814E+3  
 2.7805E+3  
 2.7786E+3  
 2.7783E+3  
 2.7780E+3  
 2.7786E+3  
 2.7792E+3  
 2.7820E+3  
 2.7835E+3  
 2.7832E+3  
 2.7850E+3  
 2.7847E+3  
 2.7835E+3  
 2.7786E+3  
 2.7728E+3  
 2.7664E+3  
 2.7594E+3  
 2.7533E+3  
 2.7509E+3  
 2.7481E+3  
 2.7469E+3  
 2.7451E+3  
 2.7454E+3  
 2.7451E+3  
 2.7448E+3  
 2.7451E+3  
 2.7454E+3  
 2.7454E+3  
 2.7448E+3  
 2.7444E+3  
 2.7444E+3  
 2.7463E+3  
 2.7460E+3  
 2.7466E+3  
 2.7475E+3  
 2.7484E+3  
 2.7493E+3  
 2.7509E+3  
 2.7524E+3  
 2.7530E+3  
 2.7570E+3  
 2.7597E+3  
 2.7618E+3  
 2.7649E+3  
 2.7667E+3  
 2.7692E+3  
 2.7731E+3  
 2.7759E+3  
 2.7798E+3  
 2.7835E+3  
 2.7844E+3  
 2.7850E+3  
 2.7841E+3  
 2.7847E+3  
 2.7844E+3  
 2.7847E+3  
 2.7853E+3  
 2.7847E+3  
 2.7847E+3  
 2.7847E+3  
 2.7853E+3  
 2.7829E+3  
 2.7808E+3  
 2.7798E+3  
 2.7783E+3  
 2.7762E+3  
 2.7744E+3  
 2.7725E+3  
 2.7722E+3  
 2.7716E+3  
 2.7719E+3  
 2.7737E+3  
 2.7734E+3  
 2.7765E+3  
 2.7789E+3  
 2.7844E+3  
 2.7844E+3  
 2.7847E+3  
 2.7847E+3  
 2.7838E+3  
 2.7838E+3  
 2.7832E+3  
 2.7826E+3  
 2.7826E+3  
 2.7823E+3  
 2.7829E+3  
 2.7829E+3  
 2.7826E+3  
 2.7832E+3  
 2.7838E+3  
 2.7823E+3  
 2.7832E+3  
 2.7814E+3  
 2.7792E+3  
 2.7792E+3  
 2.7780E+3  
 2.7786E+3  
 2.7786E+3  
 2.7795E+3  
 2.7829E+3  
 2.7875E+3  
 2.7948E+3  
 2.8015E+3  
 2.8058E+3  
 2.8067E+3  
 2.8073E+3  
 2.8094E+3  
 2.8107E+3  
 2.8113E+3  
 2.8104E+3  
 2.8119E+3  
 2.8116E+3  
 2.8128E+3  
 2.8134E+3  
 2.8134E+3  
 2.8149E+3  
 2.8159E+3  
 2.8165E+3  
 2.8162E+3  
 2.8183E+3  
 2.8192E+3  
 2.8192E+3  
 2.8183E+3  
 2.8192E+3  
 2.8171E+3  
 2.8159E+3  
 2.8146E+3  
 2.8116E+3  
 2.8064E+3  
 2.8006E+3  
 2.7899E+3  
 2.7817E+3  
 2.7795E+3  
 2.7792E+3  
 2.7844E+3  
 2.7792E+3  
 2.7637E+3  
 2.7506E+3  
 2.7451E+3  
 2.7429E+3  
 2.7411E+3  
 2.7374E+3  
 2.7347E+3  
 2.7325E+3  
 2.7307E+3  
 2.7307E+3  
 2.7304E+3  
 2.7319E+3  
 2.7325E+3  
 2.7350E+3  
 2.7374E+3  
 2.7383E+3  
 2.7396E+3  
 2.7399E+3  
 2.7408E+3  
 2.7396E+3  
 2.7417E+3  
 2.7399E+3  
 2.7390E+3  
 2.7365E+3  
 2.7374E+3  
 2.7362E+3  
 2.7365E+3  
 2.7362E+3  
 2.7356E+3  
 2.7362E+3  
 2.7368E+3  
 2.7362E+3  
 2.7374E+3  
 2.7383E+3  
 2.7411E+3  
 2.7429E+3  
 2.7441E+3  
 2.7469E+3  
 2.7499E+3  
 2.7585E+3  
 2.7719E+3  
 2.7814E+3  
 2.7838E+3  
 2.7811E+3  
 2.7795E+3  
 2.7783E+3  
 2.7780E+3  
 2.7798E+3  
 2.7811E+3  
 2.7869E+3  
 2.7899E+3  
 2.7957E+3  
 2.8006E+3  
 2.8058E+3  
 2.8085E+3  
 2.8119E+3  
 2.8143E+3  
 2.8159E+3  
 2.8156E+3  
 2.8152E+3  
 2.8165E+3  
 2.8159E+3  
 2.8162E+3  
 2.8159E+3  
 2.8134E+3  
 2.8110E+3  
 2.8064E+3  
 2.7997E+3  
 2.7927E+3  
 2.7835E+3  
 2.7792E+3  
 2.7780E+3  
 2.7805E+3  
 2.7832E+3  
 2.7850E+3  
 2.7783E+3  
 2.7728E+3  
 2.7667E+3  
 2.7606E+3  
 2.7542E+3  
 2.7521E+3  
 2.7512E+3  
 2.7506E+3  
 2.7493E+3  
 2.7484E+3  
 2.7502E+3  
 2.7506E+3  
 2.7533E+3  
 2.7588E+3  
 2.7701E+3  
 2.7768E+3  
 2.7792E+3  
 2.7844E+3  
 2.7829E+3  
 2.7808E+3  
 2.7795E+3  
 2.7774E+3  
 2.7789E+3  
 2.7783E+3  
 2.7798E+3  
 2.7805E+3  
 2.7820E+3  
 2.7872E+3  
 2.7890E+3  
 2.7902E+3  
 2.7917E+3  
 2.7948E+3  
 2.7963E+3  
 2.7975E+3  
 2.8000E+3  
 2.8033E+3  
 2.8067E+3  
 2.8085E+3  
 2.8098E+3  
 2.8085E+3  
 2.8088E+3  
 2.8104E+3  
 2.8098E+3  
 2.8101E+3  
 2.8091E+3  
 2.8094E+3  
 2.8079E+3  
 2.8037E+3  
 2.8037E+3  
 2.8009E+3  
 2.7960E+3  
 2.7930E+3  
 2.7890E+3  
 2.7847E+3  
 2.7817E+3  
 2.7808E+3  
 2.7792E+3  
 2.7798E+3  
 2.7795E+3  
 2.7811E+3  
 2.7832E+3  
 2.7829E+3  
 2.7795E+3  
 2.7786E+3  
 2.7759E+3  
 2.7737E+3  
 2.7725E+3  
 2.7716E+3  
 2.7689E+3  
 2.7698E+3  
 2.7701E+3  
 2.7701E+3  
 2.7701E+3  
 2.7701E+3  
 2.7698E+3  
 2.7704E+3  
 2.7698E+3  
 2.7704E+3  
 2.7701E+3  
 2.7695E+3  
 2.7713E+3  
 2.7725E+3  
 2.7734E+3  
 2.7750E+3  
 2.7762E+3  
 2.7789E+3  
 2.7808E+3  
 2.7838E+3  
 2.7826E+3  
 2.7811E+3  
 2.7792E+3  
 2.7780E+3  
 2.7783E+3  
 2.7795E+3  
 2.7802E+3  
 2.7841E+3  
 2.7878E+3  
 2.7921E+3  
 2.7954E+3  
 2.7975E+3  
 2.8000E+3  
 2.8012E+3  
 2.8024E+3  
 2.8037E+3  
 2.8037E+3  
 2.8030E+3  
 2.8049E+3  
 2.8070E+3  
 2.8070E+3  
 2.8070E+3  
 2.8082E+3  
 2.8091E+3  
 2.8101E+3  
 2.8122E+3  
 2.8134E+3  
 2.8143E+3  
 2.8162E+3  
 2.8171E+3  
 2.8183E+3  
 2.8198E+3  
 2.8217E+3  
 2.8217E+3  
 2.8229E+3  
 2.8226E+3  
 2.8238E+3  
 2.8226E+3  
 2.8217E+3  
 2.8204E+3  
 2.8214E+3  
 2.8204E+3  
 2.8195E+3  
 2.8180E+3  
 2.8183E+3  
 2.8177E+3  
 2.8168E+3  
 2.8165E+3  
 2.8171E+3  
 2.8156E+3  
 2.8134E+3  
 2.8110E+3  
 2.8101E+3  
 2.8076E+3  
 2.8058E+3  
 2.8040E+3  
 2.8018E+3  
 2.8012E+3  
 2.8000E+3  
 2.7994E+3  
 2.7991E+3  
 2.7997E+3  
 2.8009E+3  
 2.8018E+3  
 2.8040E+3  
 2.8049E+3  
 2.8073E+3  
 2.8091E+3  
 2.8128E+3  
 2.8146E+3  
 2.8168E+3  
 2.8177E+3  
 2.8195E+3  
 2.8217E+3  
 2.8241E+3  
 2.8256E+3  
 2.8302E+3  
 2.8311E+3  
 2.8323E+3  
 2.8345E+3  
 2.8360E+3  
 2.8372E+3  
 2.8387E+3  
 2.8400E+3  
 2.8406E+3  
 2.8418E+3  
 2.8412E+3  
 2.8430E+3  
 2.8427E+3  
 2.8427E+3  
 2.8418E+3  
 2.8403E+3  
 2.8387E+3  
 2.8366E+3  
 2.8320E+3  
 2.8305E+3  
 2.8259E+3  
 2.8220E+3  
 2.8189E+3  
 2.8149E+3  
 2.8091E+3  
 2.8006E+3  
 2.7960E+3  
 2.7905E+3  
 2.7841E+3  
 2.7805E+3  
 2.7786E+3  
 2.7786E+3  
 2.7802E+3  
 2.7802E+3  
 2.7820E+3  
 2.7844E+3  
 2.7853E+3  
 2.7853E+3  
 2.7829E+3  
 2.7802E+3  
 2.7768E+3  
 2.7734E+3  
 2.7713E+3  
 2.7701E+3  
 2.7676E+3  
 2.7664E+3  
 2.7655E+3  
 2.7652E+3  
 2.7664E+3  
 2.7673E+3  
 2.7698E+3  
 2.7728E+3  
 2.7759E+3  
 2.7798E+3  
 2.7856E+3  
 2.7853E+3  
 2.7856E+3  
 2.7823E+3  
 2.7805E+3  
 2.7789E+3  
 2.7798E+3  
 2.7844E+3  
 2.7945E+3  
 2.8058E+3  
 2.8143E+3  
 2.8201E+3  
 2.8241E+3  
 2.8302E+3  
 2.8317E+3  
 2.8348E+3  
 2.8375E+3  
 2.8409E+3  
 2.8415E+3  
 2.8427E+3  
 2.8427E+3  
 2.8430E+3  
 2.8427E+3  
 2.8427E+3  
 2.8424E+3  
 2.8427E+3  
 2.8421E+3  
 2.8409E+3  
 2.8378E+3  
 2.8320E+3  
 2.8238E+3  
 2.8165E+3  
 2.8113E+3  
 2.8027E+3  
 2.7893E+3  
 2.7811E+3  
 2.7789E+3  
 2.7795E+3  
 2.7826E+3  
 2.7850E+3  
 2.7795E+3  
 2.7737E+3  
 2.7634E+3  
 2.7536E+3  
 2.7487E+3  
 2.7457E+3  
 2.7441E+3  
 2.7420E+3  
 2.7408E+3  
 2.7402E+3  
 2.7396E+3  
 2.7386E+3  
 2.7371E+3  
 2.7374E+3  
 2.7368E+3  
 2.7380E+3  
 2.7390E+3  
 2.7399E+3  
 2.7414E+3  
 2.7426E+3  
 2.7432E+3  
 2.7457E+3  
 2.7463E+3  
 2.7481E+3  
 2.7484E+3  
 2.7506E+3  
 2.7515E+3  
 2.7512E+3  
 2.7512E+3  
 2.7527E+3  
 2.7527E+3  
 2.7536E+3  
 2.7557E+3  
 2.7560E+3  
 2.7573E+3  
 2.7603E+3  
 2.7640E+3  
 2.7676E+3  
 2.7725E+3  
 2.7768E+3  
 2.7789E+3  
 2.7811E+3  
 2.7838E+3  
 2.7826E+3  
 2.7832E+3  
 2.7820E+3  
 2.7817E+3  
 2.7823E+3  
 2.7817E+3  
 2.7814E+3  
 2.7811E+3  
 2.7798E+3  
 2.7747E+3  
 2.7695E+3  
 2.7579E+3  
 2.7506E+3  
 2.7478E+3  
 2.7457E+3  
 2.7420E+3  
 2.7411E+3  
 2.7380E+3  
 2.7341E+3  
 2.7301E+3  
 2.7298E+3  
 2.7280E+3  
 2.7213E+3  
 2.7182E+3  
 2.7176E+3  
 2.7164E+3  
 2.7158E+3  
 2.7136E+3  
 2.7118E+3  
 2.7100E+3  
 2.7066E+3  
 2.7048E+3  
 2.7029E+3  
 2.7011E+3  
 2.7005E+3  
 2.7005E+3  
 2.7014E+3  
 2.7039E+3  
 2.7078E+3  
 2.7124E+3  
 2.7164E+3  
 2.7197E+3  
 2.7206E+3  
 2.7203E+3  
 2.7255E+3  
 2.7271E+3  
 2.7329E+3  
 2.7426E+3  
 2.7469E+3  
 2.7585E+3  
 2.7811E+3  
 2.7841E+3  
 2.7789E+3  
 2.7832E+3  
 2.8037E+3  
 2.8223E+3  
 2.8311E+3  
 2.8369E+3  
 2.8430E+3  
 2.8409E+3  
 2.8516E+3  
 2.8616E+3  
 2.8729E+3  
 2.8799E+3  
 2.8854E+3  
 2.8888E+3  
 2.8925E+3  
 2.8952E+3  
 2.8946E+3  
 2.8955E+3  
 2.8931E+3  
 2.8897E+3  
 2.8851E+3  
 2.8803E+3  
 2.8754E+3  
 2.8668E+3  
 2.8580E+3  
 2.8497E+3  
 2.8433E+3  
 2.8400E+3  
 2.8424E+3  
 2.8378E+3  
 2.8305E+3  
 2.8189E+3  
 2.8122E+3  
 2.7960E+3  
 2.7798E+3  
 2.7786E+3  
 2.7838E+3  
 2.7673E+3  
 2.7481E+3  
 2.7411E+3  
 2.7319E+3  
 2.7267E+3  
 2.7194E+3  
 2.7179E+3  
 2.7155E+3  
 2.7094E+3  
 2.6993E+3  
 2.6935E+3  
 2.6907E+3  
 2.6889E+3  
 2.6883E+3  
 2.6886E+3  
 2.6886E+3  
 2.6889E+3  
 2.6889E+3  
 2.6923E+3  
 2.6974E+3  
 2.7087E+3  
 2.7182E+3  
 2.7225E+3  
 2.7252E+3  
 2.7255E+3  
 2.7390E+3  
 2.7472E+3  
 2.7716E+3  
 2.7832E+3  
 2.7829E+3  
 2.8220E+3  
 2.8345E+3  
 2.8412E+3  
 2.8500E+3  
 2.8745E+3  
 2.8955E+3  
 2.8952E+3  
 2.9114E+3  
 2.9230E+3  
 2.9382E+3  
 2.9407E+3  
 2.9398E+3  
 2.9434E+3  
 2.9465E+3  
 2.9511E+3  
 2.9517E+3  
 2.9529E+3  
 2.9520E+3  
 2.9492E+3  
 2.9474E+3  
 2.9474E+3  
 2.9517E+3  
 2.9523E+3  
 2.9526E+3  
 2.9584E+3  
 2.9675E+3  
 2.9825E+3  
 2.9880E+3  
 3.0090E+3  
 3.0344E+3  
 3.0573E+3  
 3.0707E+3  
 3.0777E+3  
 3.0841E+3  
 3.0875E+3  
 3.0853E+3  
 3.0725E+3  
 3.0548E+3  
 3.0234E+3  
 3.0148E+3  
 2.9648E+3  
 2.9468E+3  
 2.8799E+3  
 2.8195E+3  
 2.7792E+3  
 2.7267E+3  
 2.6910E+3  
 2.6566E+3  
 2.6224E+3  
 2.6059E+3  
 2.5842E+3  
 2.5800E+3  
 2.5778E+3  
 2.5732E+3  
 2.5809E+3  
 2.5977E+3  
 2.6263E+3  
 2.6505E+3  
 2.6749E+3  
 2.7213E+3  
 2.7621E+3  
 2.7893E+3  
 2.8244E+3  
 2.8571E+3  
 2.9037E+3  
 2.9492E+3  
 3.0212E+3  
 3.0341E+3  
 3.0759E+3  
 3.1009E+3  
 3.1250E+3  
 3.1332E+3  
 3.1491E+3  
 3.1497E+3  
 3.1409E+3  
 3.1329E+3  
 3.1226E+3  
 3.0838E+3  
 3.0777E+3  
 3.0145E+3  
 2.9764E+3  
 2.9440E+3  
 2.9050E+3  
 2.8928E+3  
 2.8592E+3  
 2.8363E+3  
 2.8287E+3  
 2.8043E+3  
 2.7960E+3  
 2.7881E+3  
 2.7789E+3  
 2.7768E+3  
 2.7725E+3  
 2.7673E+3  
 2.7643E+3  
 2.7585E+3  
 2.7481E+3  
 2.7307E+3  
 2.7225E+3  
 2.7087E+3  
 2.6764E+3  
 2.6697E+3  
 2.6447E+3  
 2.6129E+3  
 2.5790E+3  
 2.5610E+3  
 2.5308E+3  
 2.5043E+3  
 2.4844E+3  
 2.4655E+3  
 2.4558E+3  
 2.4457E+3  
 2.4448E+3  
 2.4445E+3  
 2.4500E+3  
 2.4631E+3  
 2.4884E+3  
 2.5067E+3  
 2.5348E+3  
 2.5528E+3  
 2.5775E+3  
 2.6147E+3  
 2.6398E+3  
 2.6755E+3  
 2.6923E+3  
 2.7161E+3  
 2.7307E+3  
 2.7353E+3  
 2.7383E+3  
 2.7383E+3  
 2.7347E+3  
 2.7301E+3  
 2.7161E+3  
 2.6907E+3  
 2.6746E+3  
 2.6431E+3  
 2.6154E+3  
 2.5821E+3  
 2.5586E+3  
 2.5372E+3  
 2.5204E+3  
 2.5064E+3  
 2.5003E+3  
 2.4976E+3  
 2.4957E+3  
 2.4991E+3  
 2.5180E+3  
 2.5415E+3  
 2.5629E+3  
 2.5793E+3  
 2.5958E+3  
 2.6358E+3  
 2.6563E+3  
 2.6840E+3  
 2.7148E+3  
 2.7301E+3  
 2.7606E+3  
 2.7808E+3  
 2.7875E+3  
 2.8006E+3  
 2.8217E+3  
 2.8339E+3  
 2.8564E+3  
 2.8668E+3  
 2.8668E+3  
 2.8818E+3  
 2.8809E+3  
 2.8803E+3  
 2.8815E+3  
 2.8839E+3  
 2.8699E+3  
 2.8809E+3  
 2.8738E+3  
 2.8699E+3  
 2.8598E+3  
 2.8494E+3  
 2.8345E+3  
 2.8278E+3  
 2.8290E+3  
 2.8143E+3  
 2.7817E+3  
 2.7814E+3  
 2.7737E+3  
 2.7695E+3  
 2.7524E+3  
 2.7356E+3  
 2.7252E+3  
 2.7216E+3  
 2.7283E+3  
 2.7234E+3  
 2.7194E+3  
 2.7152E+3  
 2.7026E+3  
 2.7063E+3  
 2.7060E+3  
 2.6990E+3  
 2.6968E+3  
 2.6935E+3  
 2.6852E+3  
 2.6764E+3  
 2.6776E+3  
 2.6703E+3  
 2.6514E+3  
 2.6358E+3  
 2.6425E+3  
 2.6300E+3  
 2.6303E+3  
 2.6251E+3  
 2.6236E+3  
 2.6279E+3  
 2.6221E+3  
 2.6202E+3  
 2.6083E+3  
 2.5949E+3  
 2.5851E+3  
 2.5742E+3  
 2.5568E+3  
 2.5369E+3  
 2.5171E+3  
 2.5000E+3  
 2.4750E+3  
 2.4460E+3  
 2.4185E+3  
 2.3883E+3  
 2.3669E+3  
 2.3434E+3  
 2.3239E+3  
 2.3181E+3  
 2.3135E+3  
 2.3102E+3  
 2.3151E+3  
 2.3209E+3  
 2.3300E+3  
 2.3428E+3  
 2.3621E+3  
 2.3853E+3  
 2.4121E+3  
 2.4390E+3  
 2.4649E+3  
 2.5024E+3  
 2.5360E+3  
 2.5543E+3  
 2.5693E+3  
 2.6083E+3  
 2.6440E+3  
 2.6764E+3  
 2.7026E+3  
 2.7341E+3  
 2.7539E+3  
 2.7841E+3  
 2.8204E+3  
 2.8528E+3  
 2.8580E+3  
 2.8790E+3  
 2.9047E+3  
 2.9086E+3  
 2.9166E+3  
 2.9211E+3  
 2.9306E+3  
 2.9211E+3  
 2.9141E+3  
 2.9141E+3  
 2.9065E+3  
 2.9025E+3  
 2.8958E+3  
 2.8876E+3  
 2.8799E+3  
 2.8741E+3  
 2.8500E+3  
 2.8433E+3  
 2.8146E+3  
 2.7887E+3  
 2.7728E+3  
 2.7386E+3  
 2.7094E+3  
 2.6743E+3  
 2.6294E+3  
 2.5937E+3  
 2.5583E+3  
 2.5299E+3  
 2.4973E+3  
 2.4670E+3  
 2.4478E+3  
 2.4191E+3  
 2.4069E+3  
 2.3920E+3  
 2.3788E+3  
 2.3706E+3  
 2.3666E+3  
 2.3642E+3  
 2.3608E+3  
 2.3599E+3  
 2.3615E+3  
 2.3627E+3  
 2.3624E+3  
 2.3636E+3  
 2.3611E+3  
 2.3627E+3  
 2.3648E+3  
 2.3651E+3  
 2.3654E+3  
 2.3657E+3  
 2.3679E+3  
 2.3688E+3  
 2.3737E+3  
 2.3886E+3  
 2.4084E+3  
 2.4167E+3  
 2.4359E+3  
 2.4606E+3  
 2.4850E+3  
 2.5079E+3  
 2.5299E+3  
 2.5540E+3  
 2.5839E+3  
 2.6193E+3  
 2.6526E+3  
 2.6779E+3  
 2.7039E+3  
 2.7289E+3  
 2.7618E+3  
 2.7750E+3  
 2.8091E+3  
 2.8333E+3  
 2.8372E+3  
 2.8613E+3  
 2.8586E+3  
 2.8806E+3  
 2.8854E+3  
 2.8845E+3  
 2.8793E+3  
 2.8790E+3  
 2.8619E+3  
 2.8372E+3  
 2.8235E+3  
 2.8037E+3  
 2.7832E+3  
 2.7710E+3  
 2.7374E+3  
 2.7310E+3  
 2.7054E+3  
 2.6904E+3  
 2.6669E+3  
 2.6697E+3  
 2.6553E+3  
 2.6517E+3  
 2.6416E+3  
 2.6379E+3  
 2.6410E+3  
 2.6486E+3  
 2.6614E+3  
 2.6697E+3  
 2.6810E+3  
 2.6886E+3  
 2.7069E+3  
 2.7246E+3  
 2.7283E+3  
 2.7329E+3  
 2.7466E+3  
 2.7606E+3  
 2.7539E+3  
 2.7536E+3  
 2.7417E+3  
 2.7359E+3  
 2.7289E+3  
 2.7298E+3  
 2.7289E+3  
 2.7191E+3  
 2.7023E+3  
 2.6953E+3  
 2.6883E+3  
 2.6755E+3  
 2.6837E+3  
 2.6837E+3  
 2.6846E+3  
 2.6944E+3  
 2.7090E+3  
 2.7274E+3  
 2.7325E+3  
 2.7438E+3  
 2.7661E+3  
 2.7820E+3  
 2.8104E+3  
 2.8375E+3  
 2.8494E+3  
 2.8793E+3  
 2.8900E+3  
 2.9034E+3  
 2.9288E+3  
 2.9599E+3  
 2.9727E+3  
 2.9813E+3  
 2.9904E+3  
 3.0038E+3  
 3.0011E+3  
 2.9880E+3  
 2.9773E+3  
 2.9642E+3  
 2.9492E+3  
 2.9495E+3  
 2.9294E+3  
 2.8918E+3  
 2.8961E+3  
 2.8830E+3  
 2.8690E+3  
 2.8528E+3  
 2.8427E+3  
 2.8375E+3  
 2.8323E+3  
 2.8275E+3  
 2.8238E+3  
 2.8201E+3  
 2.8113E+3  
 2.8021E+3  
 2.7951E+3  
 2.7884E+3  
 2.7863E+3  
 2.7863E+3  
 2.7826E+3  
 2.7802E+3  
 2.7811E+3  
 2.7783E+3  
 2.7826E+3  
 2.7826E+3  
 2.7792E+3  
 2.7802E+3  
 2.7826E+3  
 2.7866E+3  
 2.7985E+3  
 2.8030E+3  
 2.8232E+3  
 2.8372E+3  
 2.8619E+3  
 2.8873E+3  
 2.9037E+3  
 2.9504E+3  
 2.9578E+3  
 2.9752E+3  
 3.0240E+3  
 3.0127E+3  
 3.0231E+3  
 3.0331E+3  
 3.0460E+3  
 3.0438E+3  
 3.0426E+3  
 3.0341E+3  
 3.0289E+3  
 3.0231E+3  
 3.0182E+3  
 3.0225E+3  
 3.0286E+3  
 3.0164E+3  
 2.9700E+3  
 2.9495E+3  
 2.9541E+3  
 2.9388E+3  
 2.9111E+3  
 2.8876E+3  
 2.8851E+3  
 2.8757E+3  
 2.8748E+3  
 2.8659E+3  
 2.8592E+3  
 2.8592E+3  
 2.8656E+3  
 2.8711E+3  
 2.8720E+3  
 2.8745E+3  
 2.8803E+3  
 2.8873E+3  
 2.8909E+3  
 2.8900E+3  
 2.9016E+3  
 2.9208E+3  
 2.9385E+3  
 2.9434E+3  
 2.9514E+3  
 2.9471E+3  
 2.9446E+3  
 2.9523E+3  
 2.9620E+3  
 2.9715E+3  
 2.9797E+3  
 2.9871E+3  
 2.9871E+3  
 2.9944E+3  
 3.0063E+3  
 3.0231E+3  
 3.0463E+3  
 3.0710E+3  
 3.0737E+3  
 3.0774E+3  
 3.0838E+3  
 3.0896E+3  
 3.0939E+3  
 3.1113E+3  
 3.1177E+3  
 3.1259E+3  
 3.1348E+3  
 3.1375E+3  
 3.1409E+3  
 3.1430E+3  
 3.1421E+3  
 3.1418E+3  
 3.1415E+3  
 3.1369E+3  
 3.1339E+3  
 3.1287E+3  
 3.1210E+3  
 3.1158E+3  
 3.1042E+3  
 3.0911E+3  
 3.0844E+3  
 3.0823E+3  
 3.0771E+3  
 3.0710E+3  
 3.0545E+3  
 3.0331E+3  
 3.0151E+3  
 2.9907E+3  
 2.9810E+3  
 2.9611E+3  
 2.9422E+3  
 2.9416E+3  
 2.9199E+3  
 2.8842E+3  
 2.8851E+3  
 2.8571E+3  
 2.8409E+3  
 2.8333E+3  
 2.8003E+3  
 2.7744E+3  
 2.7798E+3  
 2.7667E+3  
 2.7615E+3  
 2.7451E+3  
 2.7347E+3  
 2.7307E+3  
 2.7310E+3  
 2.7307E+3  
 2.7307E+3  
 2.7350E+3  
 2.7475E+3  
 2.7643E+3  
 2.7695E+3  
 2.7820E+3  
 2.7737E+3  
 2.7948E+3  
 2.8043E+3  
 2.8314E+3  
 2.8339E+3  
 2.8384E+3  
 2.8302E+3  
 2.8336E+3  
 2.8342E+3  
 2.8329E+3  
 2.8229E+3  
 2.8168E+3  
 2.8000E+3  
 2.7850E+3  
 2.7814E+3  
 2.7832E+3  
 2.7533E+3  
 2.7518E+3  
 2.7493E+3  
 2.7402E+3  
 2.7307E+3  
 2.7304E+3  
 2.7304E+3  
 2.7307E+3  
 2.7295E+3  
 2.7289E+3  
 2.7286E+3  
 2.7277E+3  
 2.7274E+3  
 2.7274E+3  
 2.7271E+3  
 2.7267E+3  
 2.7264E+3  
 2.7261E+3  
 2.7264E+3  
 2.7271E+3  
 2.7274E+3  
 2.7274E+3  
 2.7283E+3  
 2.7298E+3  
 2.7304E+3  
 2.7390E+3  
 2.7548E+3  
 2.7597E+3  
 2.7670E+3  
 2.7802E+3  
 2.7762E+3  
 2.7829E+3  
 2.8134E+3  
 2.8281E+3  
 2.8366E+3  
 2.8433E+3  
 2.8497E+3  
 2.8494E+3  
 2.8665E+3  
 2.8772E+3  
 2.8806E+3  
 2.8809E+3  
 2.8812E+3  
 2.8806E+3  
 2.8702E+3  
 2.8647E+3  
 2.8598E+3  
 2.8610E+3  
 2.8690E+3  
 2.8699E+3  
 2.8702E+3  
 2.8714E+3  
 2.8705E+3  
 2.8680E+3  
 2.8674E+3  
 2.8690E+3  
 2.8690E+3  
 2.8650E+3  
 2.8687E+3  
 2.8806E+3  
 2.8857E+3  
 2.8918E+3  
 2.8980E+3  
 2.8967E+3  
 2.8998E+3  
 2.9102E+3  
 2.9218E+3  
 2.9294E+3  
 2.9355E+3  
 2.9370E+3  
 2.9385E+3  
 2.9379E+3  
 2.9382E+3  
 2.9391E+3  
 2.9367E+3  
 2.9330E+3  
 2.9260E+3  
 2.9099E+3  
 2.8931E+3  
 2.8851E+3  
 2.8848E+3  
 2.8842E+3  
 2.8635E+3  
 2.8659E+3  
 2.8693E+3  
 2.8537E+3  
 2.8348E+3  
 2.8275E+3  
 2.8268E+3  
 2.8259E+3  
 2.8171E+3  
 2.8049E+3  
 2.7975E+3  
 2.7921E+3  
 2.7890E+3  
 2.7887E+3  
 2.7896E+3  
 2.7911E+3  
 2.7975E+3  
 2.8058E+3  
 2.8204E+3  
 2.8244E+3  
 2.8314E+3  
 2.8360E+3  
 2.8574E+3  
 2.8699E+3  
 2.8708E+3  
 2.8809E+3  
 2.8909E+3  
 2.8937E+3  
 2.8915E+3  
 2.8980E+3  
 2.9044E+3  
 2.9092E+3  
 2.9129E+3  
 2.9157E+3  
 2.9157E+3  
 2.9160E+3  
 2.9160E+3  
 2.9132E+3  
 2.9117E+3  
 2.9095E+3  
 2.9062E+3  
 2.9065E+3  
 2.9053E+3  
 2.9062E+3  
 2.9068E+3  
 2.9068E+3  
 2.9074E+3  
 2.9095E+3  
 2.9099E+3  
 2.9214E+3  
 2.9288E+3  
 2.9358E+3  
 2.9407E+3  
 2.9431E+3  
 2.9443E+3  
 2.9462E+3  
 2.9474E+3  
 2.9483E+3  
 2.9471E+3  
 2.9471E+3  
 2.9474E+3  
 2.9492E+3  
 2.9514E+3  
 2.9587E+3  
 2.9651E+3  
 2.9691E+3  
 2.9764E+3  
 2.9822E+3  
 2.9874E+3  
 2.9871E+3  
 2.9874E+3  
 2.9868E+3  
 2.9871E+3  
 2.9874E+3  
 2.9871E+3  
 2.9871E+3  
 2.9871E+3  
 2.9871E+3  
 2.9871E+3  
 2.9858E+3  
 2.9800E+3  
 2.9730E+3  
 2.9669E+3  
 2.9614E+3  
 2.9565E+3  
 2.9492E+3  
 2.9471E+3  
 2.9462E+3  
 2.9446E+3  
 2.9437E+3  
 2.9419E+3  
 2.9407E+3  
 2.9401E+3  
 2.9398E+3  
 2.9407E+3  
 2.9410E+3  
 2.9440E+3  
 2.9449E+3  
 2.9465E+3  
 2.9465E+3  
 2.9449E+3  
 2.9483E+3  
 2.9486E+3  
 2.9495E+3  
 2.9501E+3  
 2.9483E+3  
 2.9492E+3  
 2.9495E+3  
 2.9486E+3  
 2.9495E+3  
 2.9486E+3  
 2.9471E+3  
 2.9449E+3  
 2.9443E+3  
 2.9428E+3  
 2.9422E+3  
 2.9401E+3  
 2.9379E+3  
 2.9358E+3  
 2.9303E+3  
 2.9230E+3  
 2.9199E+3  
 2.9147E+3  
 2.9163E+3  
 2.9163E+3  
 2.9123E+3  
 2.9141E+3  
 2.9166E+3  
 2.9157E+3  
 2.9157E+3  
 2.9181E+3  
 2.9199E+3  
 2.9178E+3  
 2.9233E+3  
 2.9230E+3  
 2.9199E+3  
 2.9150E+3  
 2.9099E+3  
 2.9077E+3  
 2.9077E+3  
 2.9056E+3  
 2.9025E+3  
 2.8952E+3  
 2.8870E+3  
 2.8848E+3  
 2.8784E+3  
 2.8760E+3  
 2.8650E+3  
 2.8482E+3  
 2.8336E+3  
 2.8281E+3  
 2.8238E+3  
 2.8006E+3  
 2.7811E+3  
 2.7789E+3  
 2.7820E+3  
 2.7759E+3  
 2.7737E+3  
 2.7704E+3  
 2.7664E+3  
 2.7615E+3  
 2.7563E+3  
 2.7530E+3  
 2.7496E+3  
 2.7444E+3  
 2.7402E+3  
 2.7393E+3  
 2.7341E+3  
 2.7310E+3  
 2.7310E+3  
 2.7304E+3  
 2.7289E+3  
 2.7283E+3  
 2.7295E+3  
 2.7289E+3  
 2.7261E+3  
 2.7225E+3  
 2.7203E+3  
 2.7194E+3  
 2.7182E+3  
 2.7194E+3  
 2.7209E+3  
 2.7228E+3  
 2.7289E+3  
 2.7301E+3  
 2.7301E+3  
 2.7298E+3  
 2.7338E+3  
 2.7515E+3  
 2.7634E+3  
 2.7676E+3  
 2.7747E+3  
 2.7811E+3  
 2.7756E+3  
 2.7841E+3  
 2.8125E+3  
 2.8247E+3  
 2.8271E+3  
 2.8278E+3  
 2.8323E+3  
 2.8397E+3  
 2.8503E+3  
 2.8558E+3  
 2.8592E+3  
 2.8598E+3  
 2.8577E+3  
 2.8568E+3  
 2.8555E+3  
 2.8525E+3  
 2.8491E+3  
 2.8427E+3  
 2.8384E+3  
 2.8333E+3  
 2.8314E+3  
 2.8296E+3  
 2.8281E+3  
 2.8284E+3  
 2.8223E+3  
 2.8107E+3  
 2.7914E+3  
 2.7750E+3  
 2.7802E+3  
 2.7725E+3  
 2.7594E+3  
 2.7380E+3  
 2.7289E+3  
 2.7194E+3  
 2.7017E+3  
 2.6843E+3  
 2.6764E+3  
 2.6678E+3  
 2.6508E+3  
 2.6370E+3  
 2.6266E+3  
 2.6248E+3  
 2.6163E+3  
 2.6102E+3  
 2.6059E+3  
 2.6038E+3  
 2.6007E+3  
 2.5974E+3  
 2.5958E+3  
 2.5931E+3  
 2.5925E+3  
 2.5922E+3  
 2.5922E+3  
 2.5925E+3  
 2.5922E+3  
 2.5943E+3  
 2.5970E+3  
 2.6016E+3  
 2.6068E+3  
 2.6120E+3  
 2.6163E+3  
 2.6227E+3  
 2.6224E+3  
 2.6239E+3  
 2.6288E+3  
 2.6358E+3  
 2.6407E+3  
 2.6477E+3  
 2.6526E+3  
 2.6553E+3  
 2.6578E+3  
 2.6590E+3  
 2.6599E+3  
 2.6596E+3  
 2.6596E+3  
 2.6593E+3  
 2.6584E+3  
 2.6578E+3  
 2.6566E+3  
 2.6556E+3  
 2.6535E+3  
 2.6526E+3  
 2.6501E+3  
 2.6483E+3  
 2.6462E+3  
 2.6459E+3  
 2.6450E+3  
 2.6465E+3  
 2.6462E+3  
 2.6465E+3  
 2.6462E+3  
 2.6483E+3  
 2.6514E+3  
 2.6556E+3  
 2.6614E+3  
 2.6657E+3  
 2.6688E+3  
 2.6721E+3  
 2.6755E+3  
 2.6755E+3  
 2.6794E+3  
 2.6843E+3  
 2.6886E+3  
 2.6984E+3  
 2.7057E+3  
 2.7127E+3  
 2.7225E+3  
 2.7289E+3  
 2.7289E+3  
 2.7307E+3  
 2.7338E+3  
 2.7451E+3  
 2.7527E+3  
 2.7542E+3  
 2.7560E+3  
 2.7560E+3  
 2.7548E+3  
 2.7527E+3  
 2.7515E+3  
 2.7463E+3  
 2.7383E+3  
 2.7298E+3  
 2.7274E+3  
 2.7249E+3  
 2.7097E+3  
 2.6981E+3  
 2.6834E+3  
 2.6816E+3  
 2.6740E+3  
 2.6575E+3  
 2.6260E+3  
 2.6199E+3  
 2.6071E+3  
 2.5909E+3  
 2.5815E+3  
 2.5723E+3  
 2.5635E+3  
 2.5534E+3  
 2.5461E+3  
 2.5400E+3  
 2.5378E+3  
 2.5330E+3  
 2.5284E+3  
 2.5259E+3  
 2.5256E+3  
 2.5241E+3  
 2.5287E+3  
 2.5336E+3  
 2.5397E+3  
 2.5424E+3  
 2.5507E+3  
 2.5613E+3  
 2.5681E+3  
 2.5800E+3  
 2.5891E+3  
 2.6007E+3  
 2.6154E+3  
 2.6245E+3  
 2.6410E+3  
 2.6636E+3  
 2.6785E+3  
 2.6813E+3  
 2.6837E+3  
 2.6938E+3  
 2.7042E+3  
 2.7118E+3  
 2.7243E+3  
 2.7283E+3  
 2.7271E+3  
 2.7271E+3  
 2.7280E+3  
 2.7289E+3  
 2.7274E+3  
 2.7274E+3  
 2.7274E+3  
 2.7295E+3  
 2.7185E+3  
 2.7094E+3  
 2.7008E+3  
 2.6901E+3  
 2.6816E+3  
 2.6801E+3  
 2.6712E+3  
 2.6556E+3  
 2.6376E+3  
 2.6239E+3  
 2.6184E+3  
 2.6041E+3  
 2.5870E+3  
 2.5797E+3  
 2.5723E+3  
 2.5613E+3  
 2.5552E+3  
 2.5491E+3  
 2.5415E+3  
 2.5372E+3  
 2.5275E+3  
 2.5201E+3  
 2.5131E+3  
 2.5052E+3  
 2.5003E+3  
 2.4963E+3  
 2.4942E+3  
 2.4927E+3  
 2.4933E+3  
 2.4942E+3  
 2.4982E+3  
 2.5058E+3  
 2.5150E+3  
 2.5223E+3  
 2.5348E+3  
 2.5421E+3  
 2.5513E+3  
 2.5574E+3  
 2.5629E+3  
 2.5723E+3  
 2.5784E+3  
 2.5848E+3  
 2.5903E+3  
 2.6016E+3  
 2.6102E+3  
 2.6175E+3  
 2.6202E+3  
 2.6248E+3  
 2.6245E+3  
 2.6254E+3  
 2.6251E+3  
 2.6266E+3  
 2.6270E+3  
 2.6260E+3  
 2.6257E+3  
 2.6245E+3  
 2.6242E+3  
 2.6242E+3  
 2.6242E+3  
 2.6245E+3  
 2.6209E+3  
 2.6169E+3  
 2.6126E+3  
 2.6035E+3  
 2.5967E+3  
 2.5891E+3  
 2.5830E+3  
 2.5793E+3  
 2.5708E+3  
 2.5668E+3  
 2.5607E+3  
 2.5552E+3  
 2.5504E+3  
 2.5452E+3  
 2.5397E+3  
 2.5323E+3  
 2.5269E+3  
 2.5180E+3  
 2.5116E+3  
 2.5067E+3  
 2.5015E+3  
 2.4969E+3  
 2.4918E+3  
 2.4893E+3  
 2.4878E+3  
 2.4857E+3  
 2.4847E+3  
 2.4835E+3  
 2.4835E+3  
 2.4835E+3  
 2.4838E+3  
 2.4847E+3  
 2.4854E+3  
 2.4872E+3  
 2.4902E+3  
 2.4954E+3  
 2.5009E+3  
 2.5076E+3  
 2.5146E+3  
 2.5223E+3  
 2.5357E+3  
 2.5400E+3  
 2.5513E+3  
 2.5607E+3  
 2.5699E+3  
 2.5803E+3  
 2.5903E+3  
 2.5964E+3  
 2.6059E+3  
 2.6151E+3  
 2.6218E+3  
 2.6257E+3  
 2.6404E+3  
 2.6556E+3  
 2.6648E+3  
 2.6685E+3  
 2.6718E+3  
 2.6761E+3  
 2.6767E+3  
 2.6770E+3  
 2.6782E+3  
 2.6794E+3  
 2.6794E+3  
 2.6791E+3  
 2.6788E+3  
 2.6791E+3  
 2.6794E+3  
 2.6785E+3  
 2.6770E+3  
 2.6749E+3  
 2.6755E+3  
 2.6758E+3  
 2.6730E+3  
 2.6721E+3  
 2.6712E+3  
 2.6697E+3  
 2.6678E+3  
 2.6666E+3  
 2.6654E+3  
 2.6639E+3  
 2.6627E+3  
 2.6620E+3  
 2.6602E+3  
 2.6575E+3  
 2.6563E+3  
 2.6566E+3  
 2.6575E+3  
 2.6587E+3  
 2.6596E+3  
 2.6627E+3  
 2.6669E+3  
 2.6700E+3  
 2.6743E+3  
 2.6749E+3  
 2.6752E+3  
 2.6764E+3  
 2.6813E+3  
 2.6877E+3  
 2.6947E+3  
 2.7023E+3  
 2.7094E+3  
 2.7148E+3  
 2.7234E+3  
 2.7286E+3  
 2.7295E+3  
 2.7298E+3  
 2.7307E+3  
 2.7469E+3  
 2.7594E+3  
 2.7621E+3  
 2.7655E+3  
 2.7734E+3  
 2.7802E+3  
 2.7808E+3  
 2.7786E+3  
 2.7765E+3  
 2.7756E+3  
 2.7798E+3  
 2.7884E+3  
 2.8000E+3  
 2.8113E+3  
 2.8186E+3  
 2.8271E+3  
 2.8278E+3  
 2.8271E+3  
 2.8278E+3  
 2.8284E+3  
 2.8281E+3  
 2.8278E+3  
 2.8284E+3  
 2.8275E+3  
 2.8278E+3  
 2.8281E+3  
 2.8275E+3  
 2.8284E+3  
 2.8278E+3  
 2.8287E+3  
 2.8293E+3  
 2.8281E+3  
 2.8278E+3  
 2.8290E+3  
 2.8290E+3  
 2.8278E+3  
 2.8278E+3  
 2.8287E+3  
 2.8278E+3  
 2.8278E+3  
 2.8278E+3  
 2.8281E+3  
 2.8281E+3  
 2.8278E+3  
 2.8278E+3  
 2.8281E+3  
 2.8299E+3  
 2.8339E+3  
 2.8387E+3  
 2.8467E+3  
 2.8564E+3  
 2.8629E+3  
 2.8677E+3  
 2.8729E+3  
 2.8754E+3  
 2.8760E+3  
 2.8714E+3  
 2.8757E+3  
 2.8803E+3  
 2.8848E+3  
 2.8854E+3  
 2.8870E+3  
 2.8894E+3  
 2.8952E+3  
 2.9013E+3  
 2.9022E+3  
 2.9053E+3  
 2.9059E+3  
 2.9056E+3  
 2.9053E+3  
 2.9053E+3  
 2.9056E+3  
 2.9056E+3  
 2.9062E+3  
 2.9053E+3  
 2.9037E+3  
 2.9031E+3  
 2.9022E+3  
 2.8983E+3  
 2.8925E+3  
 2.8864E+3  
 2.8845E+3  
 2.8821E+3  
 2.8784E+3  
 2.8763E+3  
 2.8757E+3  
 2.8763E+3  
 2.8726E+3  
 2.8677E+3  
 2.8592E+3  
 2.8476E+3  
 2.8394E+3  
 2.8329E+3  
 2.8299E+3  
 2.8287E+3  
 2.8278E+3  
 2.8250E+3  
 2.8256E+3  
 2.8238E+3  
 2.8183E+3  
 2.8122E+3  
 2.8052E+3  
 2.8006E+3  
 2.7966E+3  
 2.7945E+3  
 2.7908E+3  
 2.7881E+3  
 2.7869E+3  
 2.7841E+3  
 2.7838E+3  
 2.7826E+3  
 2.7841E+3  
 2.7832E+3  
 2.7811E+3  
 2.7823E+3  
 2.7823E+3  
 2.7832E+3  
 2.7850E+3  
 2.7866E+3  
 2.7905E+3  
 2.7939E+3  
 2.7991E+3  
 2.8052E+3  
 2.8152E+3  
 2.8180E+3  
 2.8220E+3  
 2.8268E+3  
 2.8281E+3  
 2.8271E+3  
 2.8287E+3  
 2.8281E+3  
 2.8281E+3  
 2.8284E+3  
 2.8278E+3  
 2.8275E+3  
 2.8281E+3  
 2.8241E+3  
 2.8214E+3  
 2.8180E+3  
 2.8162E+3  
 2.8116E+3  
 2.8037E+3  
 2.7954E+3  
 2.7908E+3  
 2.7835E+3  
 2.7792E+3  
 2.7774E+3  
 2.7780E+3  
 2.7777E+3  
 2.7789E+3  
 2.7777E+3  
 2.7792E+3  
 2.7792E+3  
 2.7756E+3  
 2.7765E+3  
 2.7689E+3  
 2.7652E+3  
 2.7631E+3  
 2.7600E+3  
 2.7545E+3  
 2.7490E+3  
 2.7396E+3  
 2.7332E+3  
 2.7301E+3  
 2.7295E+3  
 2.7283E+3  
 2.7295E+3  
 2.7298E+3  
 2.7289E+3  
 2.7307E+3  
 2.7356E+3  
 2.7438E+3  
 2.7548E+3  
 2.7618E+3  
 2.7655E+3  
 2.7701E+3  
 2.7771E+3  
 2.7808E+3  
 2.7756E+3  
 2.7890E+3  
 2.8088E+3  
 2.8174E+3  
 2.8290E+3  
 2.8275E+3  
 2.8354E+3  
 2.8513E+3  
 2.8656E+3  
 2.8748E+3  
 2.8745E+3  
 2.8671E+3  
 2.8638E+3  
 2.8693E+3  
 2.8717E+3  
 2.8720E+3  
 2.8735E+3  
 2.8723E+3  
 2.8720E+3  
 2.8702E+3  
 2.8763E+3  
 2.8763E+3  
 2.8690E+3  
 2.8644E+3  
 2.8659E+3  
 2.8607E+3  
 2.8552E+3  
 2.8485E+3  
 2.8427E+3  
 2.8372E+3  
 2.8348E+3  
 2.8302E+3  
 2.8287E+3  
 2.8278E+3  
 2.8265E+3  
 2.8271E+3  
 2.8241E+3  
 2.8250E+3  
 2.8238E+3  
 2.8256E+3  
 2.8235E+3  
 2.8238E+3  
 2.8247E+3  
 2.8259E+3  
 2.8275E+3  
 2.8293E+3  
 2.8314E+3  
 2.8351E+3  
 2.8345E+3  
 2.8421E+3  
 2.8525E+3  
 2.8610E+3  
 2.8690E+3  
 2.8732E+3  
 2.8751E+3  
 2.8769E+3  
 2.8848E+3  
 2.8848E+3  
 2.8894E+3  
 2.8973E+3  
 2.9041E+3  
 2.9059E+3  
 2.9065E+3  
 2.9037E+3  
 2.9071E+3  
 2.9117E+3  
 2.9114E+3  
 2.9108E+3  
 2.9129E+3  
 2.9147E+3  
 2.9147E+3  
 2.9111E+3  
 2.9086E+3  
 2.9065E+3  
 2.9041E+3  
 2.9044E+3  
 2.9034E+3  
 2.9047E+3  
 2.9022E+3  
 2.8983E+3  
 2.8918E+3  
 2.8857E+3  
 2.8845E+3  
 2.8845E+3  
 2.8784E+3  
 2.8763E+3  
 2.8748E+3  
 2.8738E+3  
 2.8720E+3  
 2.8708E+3  
 2.8665E+3  
 2.8662E+3  
 2.8656E+3  
 2.8650E+3  
 2.8650E+3  
 2.8662E+3  
 2.8693E+3  
 2.8711E+3  
 2.8735E+3  
 2.8745E+3  
 2.8766E+3  
 2.8775E+3  
 2.8806E+3  
 2.8827E+3  
 2.8857E+3  
 2.8900E+3  
 2.8955E+3  
 2.9016E+3  
 2.9037E+3  
 2.9059E+3  
 2.9065E+3  
 2.9044E+3  
 2.9068E+3  
 2.9099E+3  
 2.9114E+3  
 2.9163E+3  
 2.9221E+3  
 2.9242E+3  
 2.9288E+3  
 2.9324E+3  
 2.9364E+3  
 2.9367E+3  
 2.9370E+3  
 2.9382E+3  
 2.9391E+3  
 2.9385E+3  
 2.9388E+3  
 2.9376E+3  
 2.9376E+3  
 2.9315E+3  
 2.9294E+3  
 2.9248E+3  
 2.9208E+3  
 2.9166E+3  
 2.9120E+3  
 2.9083E+3  
 2.9056E+3  
 2.9059E+3  
 2.9053E+3  
 2.9031E+3  
 2.9022E+3  
 2.9001E+3  
 2.8967E+3  
 2.8940E+3  
 2.8909E+3  
 2.8879E+3  
 2.8867E+3  
 2.8854E+3  
 2.8854E+3  
 2.8848E+3  
 2.8842E+3  
 2.8833E+3  
 2.8830E+3  
 2.8839E+3  
 2.8799E+3  
 2.8775E+3  
 2.8757E+3  
 2.8754E+3  
 2.8748E+3  
 2.8741E+3  
 2.8720E+3  
 2.8665E+3  
 2.8613E+3  
 2.8540E+3  
 2.8445E+3  
 2.8372E+3  
 2.8336E+3  
 2.8311E+3  
 2.8311E+3  
 2.8311E+3  
 2.8305E+3  
 2.8287E+3  
 2.8290E+3  
 2.8278E+3  
 2.8278E+3  
 2.8278E+3  
 2.8284E+3  
 2.8281E+3  
 2.8281E+3  
 2.8278E+3  
 2.8284E+3  
 2.8278E+3  
 2.8268E+3  
 2.8278E+3  
 2.8284E+3  
 2.8268E+3  
 2.8265E+3  
 2.8268E+3  
 2.8226E+3  
 2.8201E+3  
 2.8165E+3  
 2.8131E+3  
 2.8125E+3  
 2.8091E+3  
 2.8061E+3  
 2.8049E+3  
 2.8027E+3  
 2.8015E+3  
 2.8015E+3  
 2.8015E+3  
 2.8018E+3  
 2.8030E+3  
 2.8033E+3  
 2.8113E+3  
 2.8101E+3  
 2.8110E+3  
 2.8125E+3  
 2.8131E+3  
 2.8140E+3  
 2.8137E+3  
 2.8159E+3  
 2.8159E+3  
 2.8186E+3  
 2.8217E+3  
 2.8275E+3  
 2.8281E+3  
 2.8284E+3  
 2.8281E+3  
 2.8284E+3  
 2.8271E+3  
 2.8284E+3  
 2.8296E+3  
 2.8345E+3  
 2.8372E+3  
 2.8415E+3  
 2.8464E+3  
 2.8510E+3  
 2.8555E+3  
 2.8595E+3  
 2.8616E+3  
 2.8635E+3  
 2.8671E+3  
 2.8680E+3  
 2.8702E+3  
 2.8711E+3  
 2.8723E+3  
 2.8723E+3  
 2.8717E+3  
 2.8732E+3  
 2.8711E+3  
 2.8711E+3  
 2.8680E+3  
 2.8699E+3  
 2.8677E+3  
 2.8659E+3  
 2.8622E+3  
 2.8583E+3  
 2.8510E+3  
 2.8445E+3  
 2.8351E+3  
 2.8320E+3  
 2.8302E+3  
 2.8290E+3  
 2.8278E+3  
 2.8281E+3  
 2.8275E+3  
 2.8268E+3  
 2.8253E+3  
 2.8235E+3  
 2.8171E+3  
 2.8116E+3  
 2.8027E+3  
 2.7966E+3  
 2.7914E+3  
 2.7847E+3  
 2.7817E+3  
 2.7795E+3  
 2.7777E+3  
 2.7762E+3  
 2.7762E+3  
 2.7768E+3  
 2.7777E+3  
 2.7786E+3  
 2.7798E+3  
 2.7808E+3  
 2.7808E+3  
 2.7811E+3  
 2.7798E+3  
 2.7786E+3  
 2.7777E+3  
 2.7765E+3  
 2.7762E+3  
 2.7731E+3  
 2.7701E+3  
 2.7716E+3  
 2.7701E+3  
 2.7701E+3  
 2.7670E+3  
 2.7661E+3  
 2.7661E+3  
 2.7664E+3  
 2.7661E+3  
 2.7661E+3  
 2.7664E+3  
 2.7658E+3  
 2.7661E+3  
 2.7661E+3  
 2.7664E+3  
 2.7655E+3  
 2.7667E+3  
 2.7664E+3  
 2.7661E+3  
 2.7673E+3  
 2.7695E+3  
 2.7698E+3  
 2.7722E+3  
 2.7756E+3  
 2.7780E+3  
 2.7808E+3  
 2.7817E+3  
 2.7795E+3  
 2.7783E+3  
 2.7789E+3  
 2.7820E+3  
 2.7899E+3  
 2.8000E+3  
 2.8119E+3  
 2.8244E+3  
 2.8268E+3  
 2.8281E+3  
 2.8281E+3  
 2.8281E+3  
 2.8323E+3  
 2.8375E+3  
 2.8448E+3  
 2.8513E+3  
 2.8574E+3  
 2.8601E+3  
 2.8626E+3  
 2.8635E+3  
 2.8653E+3  
 2.8659E+3  
 2.8647E+3  
 2.8638E+3  
 2.8598E+3  
 2.8552E+3  
 2.8494E+3  
 2.8436E+3  
 2.8372E+3  
 2.8329E+3  
 2.8293E+3  
 2.8278E+3  
 2.8278E+3  
 2.8278E+3  
 2.8281E+3  
 2.8290E+3  
 2.8275E+3  
 2.8278E+3  
 2.8284E+3  
 2.8284E+3  
 2.8226E+3  
 2.8217E+3  
 2.8195E+3  
 2.8177E+3  
 2.8162E+3  
 2.8085E+3  
 2.8082E+3  
 2.8079E+3  
 2.8082E+3  
 2.8070E+3  
 2.8085E+3  
 2.8091E+3  
 2.8082E+3  
 2.8073E+3  
 2.8061E+3  
 2.8040E+3  
 2.8027E+3  
 2.8018E+3  
 2.7985E+3  
 2.7966E+3  
 2.7954E+3  
 2.7945E+3  
 2.7924E+3  
 2.7899E+3  
 2.7869E+3  
 2.7841E+3  
 2.7808E+3  
 2.7762E+3  
 2.7744E+3  
 2.7747E+3  
 2.7759E+3  
 2.7765E+3  
 2.7786E+3  
 2.7795E+3  
 2.7814E+3  
 2.7805E+3  
 2.7811E+3  
 2.7798E+3  
 2.7798E+3  
 2.7783E+3  
 2.7786E+3  
 2.7777E+3  
 2.7731E+3  
 2.7722E+3  
 2.7713E+3  
 2.7698E+3  
 2.7683E+3  
 2.7670E+3  
 2.7664E+3  
 2.7652E+3  
 2.7652E+3  
 2.7643E+3  
 2.7643E+3  
 2.7634E+3  
 2.7631E+3  
 2.7634E+3  
 2.7621E+3  
 2.7621E+3  
 2.7618E+3  
 2.7621E+3  
 2.7621E+3  
 2.7621E+3  
 2.7621E+3  
 2.7625E+3  
 2.7625E+3  
 2.7625E+3  
 2.7621E+3  
 2.7625E+3  
 2.7625E+3  
 2.7612E+3  
 2.7612E+3  
 2.7625E+3  
 2.7612E+3  
 2.7625E+3  
 2.7615E+3  
 2.7612E+3  
 2.7609E+3  
 2.7606E+3  
 2.7579E+3  
 2.7557E+3  
 2.7530E+3  
 2.7475E+3  
 2.7429E+3  
 2.7350E+3  
 2.7310E+3  
 2.7313E+3  
 2.7298E+3  
 2.7298E+3  
 2.7289E+3  
 2.7289E+3  
 2.7289E+3  
 2.7286E+3  
 2.7292E+3  
 2.7289E+3  
 2.7286E+3  
 2.7289E+3  
 2.7289E+3  
 2.7289E+3  
 2.7286E+3  
 2.7289E+3  
 2.7292E+3  
 2.7286E+3  
 2.7292E+3  
 2.7286E+3  
 2.7286E+3  
 2.7292E+3  
 2.7286E+3  
 2.7289E+3  
 2.7289E+3  
 2.7292E+3  
 2.7301E+3  
 2.7310E+3  
 2.7307E+3  
 2.7341E+3  
 2.7402E+3  
 2.7383E+3  
 2.7460E+3  
 2.7509E+3  
 2.7551E+3  
 2.7573E+3  
 2.7594E+3  
 2.7594E+3  
 2.7603E+3  
 2.7603E+3  
 2.7609E+3  
 2.7612E+3  
 2.7612E+3  
 2.7615E+3  
 2.7621E+3  
 2.7615E+3  
 2.7612E+3  
 2.7612E+3  
 2.7615E+3  
 2.7594E+3  
 2.7582E+3  
 2.7560E+3  
 2.7518E+3  
 2.7454E+3  
 2.7371E+3  
 2.7313E+3  
 2.7298E+3  
 2.7289E+3  
 2.7289E+3  
 2.7289E+3  
 2.7286E+3  
 2.7289E+3  
 2.7246E+3  
 2.7213E+3  
 2.7173E+3  
 2.7133E+3  
 2.7100E+3  
 2.7069E+3  
 2.7039E+3  
 2.7014E+3  
 2.6987E+3  
 2.6953E+3  
 2.6923E+3  
 2.6892E+3  
 2.6871E+3  
 2.6849E+3  
 2.6825E+3  
 2.6804E+3  
 2.6770E+3  
 2.6764E+3  
 2.6761E+3  
 2.6764E+3  
 2.6767E+3  
 2.6764E+3  
 2.6764E+3  
 2.6776E+3  
 2.6770E+3  
 2.6794E+3  
 2.6828E+3  
 2.6859E+3  
 2.6898E+3  
 2.6953E+3  
 2.7014E+3  
 2.7069E+3  
 2.7112E+3  
 2.7173E+3  
 2.7237E+3  
 2.7277E+3  
 2.7289E+3  
 2.7298E+3  
 2.7298E+3  
 2.7332E+3  
 2.7441E+3  
 2.7533E+3  
 2.7600E+3  
 2.7628E+3  
 2.7643E+3  
 2.7673E+3  
 2.7734E+3  
 2.7777E+3  
 2.7798E+3  
 2.7808E+3  
 2.7765E+3  
 2.7759E+3  
 2.7753E+3  
 2.7753E+3  
 2.7777E+3  
 2.7786E+3  
 2.7808E+3  
 2.7820E+3  
 2.7832E+3  
 2.7853E+3  
 2.7872E+3  
 2.7872E+3  
 2.7884E+3  
 2.7893E+3  
 2.7893E+3  
 2.7905E+3  
 2.7905E+3  
 2.7863E+3  
 2.7887E+3  
 2.7896E+3  
 2.7905E+3  
 2.7924E+3  
 2.7954E+3  
 2.7966E+3  
 2.7997E+3  
 2.8030E+3  
 2.8058E+3  
 2.8094E+3  
 2.8125E+3  
 2.8156E+3  
 2.8165E+3  
 2.8174E+3  
 2.8186E+3  
 2.8195E+3  
 2.8195E+3  
 2.8220E+3  
 2.8195E+3  
 2.8189E+3  
 2.8177E+3  
 2.8156E+3  
 2.8101E+3  
 2.8030E+3  
 2.7951E+3  
 2.7860E+3  
 2.7783E+3  
 2.7756E+3  
 2.7765E+3  
 2.7795E+3  
 2.7808E+3  
 2.7798E+3  
 2.7750E+3  
 2.7704E+3  
 2.7661E+3  
 2.7643E+3  
 2.7618E+3  
 2.7545E+3  
 2.7512E+3  
 2.7429E+3  
 2.7362E+3  
 2.7304E+3  
 2.7292E+3  
 2.7298E+3  
 2.7292E+3  
 2.7286E+3  
 2.7292E+3  
 2.7292E+3  
 2.7283E+3  
 2.7286E+3  
 2.7274E+3  
 2.7252E+3  
 2.7234E+3  
 2.7225E+3  
 2.7209E+3  
 2.7200E+3  
 2.7191E+3  
 2.7179E+3  
 2.7182E+3  
 2.7170E+3  
 2.7167E+3  
 2.7161E+3  
 2.7152E+3  
 2.7148E+3  
 2.7142E+3  
 2.7145E+3  
 2.7139E+3  
 2.7121E+3  
 2.7115E+3  
 2.7090E+3  
 2.7084E+3  
 2.7063E+3  
 2.7048E+3  
 2.7005E+3  
 2.6974E+3  
 2.6981E+3  
 2.6950E+3  
 2.6920E+3  
 2.6892E+3  
 2.6874E+3  
 2.6868E+3  
 2.6840E+3  
 2.6819E+3  
 2.6801E+3  
 2.6834E+3  
 2.6813E+3  
 2.6810E+3  
 2.6813E+3  
 2.6816E+3  
 2.6825E+3  
 2.6837E+3  
 2.6843E+3  
 2.6868E+3  
 2.6889E+3  
 2.6898E+3  
 2.6935E+3  
 2.6965E+3  
 2.6993E+3  
 2.7014E+3  
 2.7042E+3  
 2.7063E+3  
 2.7090E+3  
 2.7103E+3  
 2.7133E+3  
 2.7161E+3  
 2.7173E+3  
 2.7188E+3  
 2.7206E+3  
 2.7216E+3  
 2.7219E+3  
 2.7234E+3  
 2.7249E+3  
 2.7243E+3  
 2.7280E+3  
 2.7277E+3  
 2.7277E+3  
 2.7277E+3  
 2.7277E+3  
 2.7274E+3  
 2.7280E+3  
 2.7286E+3  
 2.7289E+3  
 2.7286E+3  
 2.7283E+3  
 2.7289E+3  
 2.7289E+3  
 2.7289E+3  
 2.7286E+3  
 2.7286E+3  
 2.7286E+3  
 2.7298E+3  
 2.7289E+3  
 2.7307E+3  
 2.7307E+3  
 2.7304E+3  
 2.7341E+3  
 2.7368E+3  
 2.7411E+3  
 2.7448E+3  
 2.7499E+3  
 2.7527E+3  
 2.7557E+3  
 2.7582E+3  
 2.7588E+3  
 2.7600E+3  
 2.7609E+3  
 2.7621E+3  
 2.7631E+3  
 2.7631E+3  
 2.7640E+3  
 2.7649E+3  
 2.7664E+3  
 2.7673E+3  
 2.7683E+3  
 2.7695E+3  
 2.7716E+3  
 2.7731E+3  
 2.7765E+3  
 2.7774E+3  
 2.7792E+3  
 2.7789E+3  
 2.7798E+3  
 2.7795E+3  
 2.7808E+3  
 2.7811E+3  
 2.7811E+3  
 2.7802E+3  
 2.7808E+3  
 2.7811E+3  
 2.7802E+3  
 2.7795E+3  
 2.7783E+3  
 2.7780E+3  
 2.7777E+3  
 2.7768E+3  
 2.7768E+3  
 2.7753E+3  
 2.7759E+3  
 2.7762E+3  
 2.7744E+3  
 2.7744E+3  
 2.7747E+3  
 2.7850E+3  
 2.7777E+3  
 2.7777E+3  
 2.7771E+3  
 2.7850E+3  
 2.7771E+3  
 2.7780E+3  
 2.7789E+3  
 2.7774E+3  
 2.7783E+3  
 2.7798E+3  
 2.7811E+3  
 2.7805E+3  
 2.7792E+3  
 2.7780E+3  
 2.7762E+3  
 2.7731E+3  
 2.7710E+3  
 2.7701E+3  
 2.7704E+3  
 2.7670E+3  
 2.7661E+3  
 2.7661E+3  
 2.7652E+3  
 2.7649E+3  
 2.7652E+3  
 2.7640E+3  
 2.7652E+3  
 2.7640E+3  
 2.7637E+3  
 2.7640E+3  
 2.7637E+3  
 2.7640E+3  
 2.7640E+3  
 2.7646E+3  
 2.7640E+3  
 2.7646E+3  
 2.7652E+3  
 2.7649E+3  
 2.7658E+3  
 2.7670E+3  
 2.7692E+3  
 2.7704E+3  
 2.7719E+3  
 2.7737E+3  
 2.7768E+3  
 2.7786E+3  
 2.7808E+3  
 2.7808E+3  
 2.7805E+3  
 2.7808E+3  
 2.7805E+3  
 2.7808E+3  
 2.7805E+3  
 2.7808E+3  
 2.7814E+3  
 2.7808E+3  
 2.7811E+3  
 2.7811E+3  
 2.7795E+3  
 2.7774E+3  
 2.7756E+3  
 2.7725E+3  
 2.7704E+3  
 2.7679E+3  
 2.7664E+3  
 2.7643E+3  
 2.7618E+3  
 2.7588E+3  
 2.7548E+3  
 2.7481E+3  
 2.7408E+3  
 2.7335E+3  
 2.7307E+3  
 2.7295E+3  
 2.7295E+3  
 2.7295E+3  
 2.7295E+3  
 2.7295E+3  
 2.7295E+3  
 2.7298E+3  
 2.7289E+3  
 2.7298E+3  
 2.7298E+3  
 2.7286E+3  
 2.7283E+3  
 2.7280E+3  
 2.7289E+3  
 2.7289E+3  
 2.7286E+3  
 2.7289E+3  
 2.7286E+3  
 2.7286E+3  
 2.7286E+3  
 2.7286E+3  
 2.7292E+3  
 2.7304E+3  
 2.7301E+3  
 2.7307E+3  
 2.7307E+3  
 2.7347E+3  
 2.7380E+3  
 2.7396E+3  
 2.7429E+3  
 2.7475E+3  
 2.7484E+3  
 2.7515E+3  
 2.7518E+3  
 2.7527E+3  
 2.7515E+3  
 2.7539E+3  
 2.7542E+3  
 2.7536E+3  
 2.7539E+3  
 2.7527E+3  
 2.7521E+3  
 2.7524E+3  
 2.7527E+3  
 2.7524E+3  
 2.7524E+3  
 2.7542E+3  
 2.7542E+3  
 2.7557E+3  
 2.7570E+3  
 2.7588E+3  
 2.7597E+3  
 2.7612E+3  
 2.7618E+3  
 2.7631E+3  
 2.7640E+3  
 2.7643E+3  
 2.7643E+3  
 2.7655E+3  
 2.7655E+3  
 2.7655E+3  
 2.7664E+3  
 2.7673E+3  
 2.7667E+3  
 2.7667E+3  
 2.7704E+3  
 2.7679E+3  
 2.7667E+3  
 2.7679E+3  
 2.7704E+3  
 2.7679E+3  
 2.7670E+3  
 2.7673E+3  
 2.7676E+3  
 2.7673E+3  
 2.7673E+3  
 2.7670E+3  
 2.7664E+3  
 2.7661E+3  
 2.7670E+3  
 2.7661E+3  
 2.7664E+3  
 2.7670E+3  
 2.7661E+3  
 2.7664E+3  
 2.7658E+3  
 2.7661E+3  
 2.7655E+3  
 2.7667E+3  
 2.7661E+3  
 2.7661E+3  
 2.7670E+3  
 2.7670E+3  
 2.7695E+3  
 2.7695E+3  
 2.7701E+3  
 2.7713E+3  
 2.7716E+3  
 2.7734E+3  
 2.7731E+3  
 2.7759E+3  
 2.7765E+3  
 2.7792E+3  
 2.7798E+3  
 2.7811E+3  
 2.7814E+3  
 2.7814E+3  
 2.7820E+3  
 2.7814E+3  
 2.7808E+3  
 2.7798E+3  
 2.7795E+3  
 2.7798E+3  
 2.7798E+3  
 2.7798E+3  
 2.7795E+3  
 2.7795E+3  
 2.7802E+3  
 2.7811E+3  
 2.7805E+3  
 2.7795E+3  
 2.7808E+3  
 2.7795E+3  
 2.7798E+3  
 2.7811E+3  
 2.7802E+3  
 2.7805E+3  
 2.7808E+3  
 2.7808E+3  
 2.7808E+3  
 2.7808E+3  
 2.7805E+3  
 2.7795E+3  
 2.7795E+3  
 2.7792E+3  
 2.7771E+3  
 2.7774E+3  
 2.7768E+3  
 2.7768E+3  
 2.7771E+3  
 2.7789E+3  
 2.7802E+3  
 2.7838E+3  
 2.7863E+3  
 2.7908E+3  
 2.7951E+3  
 2.7991E+3  
 2.8037E+3  
 2.8067E+3  
 2.8116E+3  
 2.8137E+3  
 2.8174E+3  
 2.8247E+3  
 2.8244E+3  
 2.8253E+3  
 2.8268E+3  
 2.8262E+3  
 2.8271E+3  
 2.8253E+3  
 2.8275E+3  
 2.8265E+3  
 2.8265E+3  
 2.8262E+3  
 2.8241E+3  
 2.8238E+3  
 2.8235E+3  
 2.8201E+3  
 2.8204E+3  
 2.8183E+3  
 2.8189E+3  
 2.8183E+3  
 2.8171E+3  
 2.8165E+3  
 2.8159E+3  
 2.8168E+3  
 2.8159E+3  
 2.8168E+3  
 2.8162E+3  
 2.8165E+3  
 2.8165E+3  
 2.8156E+3  
 2.8156E+3  
 2.8156E+3  
 2.8165E+3  
 2.8149E+3  
 2.8156E+3  
 2.8162E+3  
 2.8149E+3  
 2.8128E+3  
 2.8122E+3  
 2.8116E+3  
 2.8091E+3  
 2.8064E+3  
 2.8046E+3  
 2.8009E+3  
 2.7966E+3  
 2.7924E+3  
 2.7896E+3  
 2.7863E+3  
 2.7817E+3  
 2.7786E+3  
 2.7762E+3  
 2.7759E+3  
 2.7759E+3  
 2.7747E+3  
 2.7747E+3  
 2.7740E+3  
 2.7753E+3  
 2.7740E+3  
 2.7744E+3  
 2.7744E+3  
 2.7747E+3  
 2.7756E+3  
 2.7756E+3  
 2.7756E+3  
 2.7753E+3  
 2.7750E+3  
 2.7756E+3  
 2.7750E+3  
 2.7759E+3  
 2.7747E+3  
 2.7750E+3  
 2.7750E+3  
 2.7731E+3  
 2.7737E+3  
 2.7750E+3  
 2.7750E+3  
 2.7756E+3  
 2.7768E+3  
 2.7802E+3  
 2.7835E+3  
 2.7875E+3  
 2.7911E+3  
 2.7936E+3  
 2.7960E+3  
 2.7988E+3  
 2.8024E+3  
 2.8037E+3  
 2.8052E+3  
 2.8082E+3  
 2.8094E+3  
 2.8110E+3  
 2.8125E+3  
 2.8125E+3  
 2.8134E+3  
 2.8146E+3  
 2.8156E+3  
 2.8061E+3  
 2.8070E+3  
 2.8091E+3  
 2.8134E+3  
 2.8168E+3  
 2.8198E+3  
 2.8250E+3  
 2.8262E+3  
 2.8265E+3  
 2.8259E+3  
 2.8265E+3  
 2.8281E+3  
 2.8284E+3  
 2.8275E+3  
 2.8284E+3  
 2.8268E+3  
 2.8281E+3  
 2.8284E+3  
 2.8284E+3  
 2.8281E+3  
 2.8275E+3  
 2.8281E+3  
 2.8278E+3  
 2.8284E+3  
 2.8278E+3  
 2.8278E+3  
 2.8281E+3  
 2.8278E+3  
 2.8281E+3  
 2.8281E+3  
 2.8278E+3  
 2.8278E+3  
 2.8278E+3  
 2.8278E+3  
 2.8275E+3  
 2.8278E+3  
 2.8278E+3  
 2.8278E+3  
 2.8229E+3  
 2.8195E+3  
 2.8159E+3  
 2.8110E+3  
 2.7963E+3  
 2.7911E+3  
 2.7863E+3  
 2.7844E+3  
 2.7817E+3  
 2.7786E+3  
 2.7774E+3  
 2.7768E+3  
 2.7765E+3  
 2.7765E+3  
 2.7765E+3  
 2.7771E+3  
 2.7768E+3  
 2.7765E+3  
 2.7768E+3  
 2.7777E+3  
 2.7774E+3  
 2.7789E+3  
 2.7789E+3  
 2.7783E+3  
 2.7747E+3  
 2.7759E+3  
 2.7750E+3  
 2.7737E+3  
 2.7750E+3  
 2.7737E+3  
 2.7737E+3  
 2.7740E+3  
 2.7740E+3  
 2.7737E+3  
 2.7737E+3  
 2.7737E+3  
 2.7747E+3  
 2.7737E+3  
 2.7737E+3  
 2.7737E+3  
 2.7737E+3  
 2.7740E+3  
 2.7737E+3  
 2.7737E+3  
 2.7740E+3  
 2.7750E+3  
 2.7750E+3  
 2.7747E+3  
 2.7740E+3  
 2.7750E+3  
 2.7740E+3  
 2.7737E+3  
 2.7740E+3  
 2.7737E+3  
 2.7737E+3  
 2.7737E+3  
 2.7740E+3  
 2.7737E+3  
 2.7750E+3  
 2.7747E+3  
 2.7740E+3  
 2.7734E+3  
 2.7747E+3  
 2.7750E+3  
 2.7737E+3  
 2.7740E+3  
 2.7740E+3  
 2.7750E+3  
 2.7750E+3  
 2.7737E+3  
 2.7734E+3  
 2.7750E+3  
 2.7747E+3  
 2.7740E+3  
 2.7750E+3  
 2.7737E+3  
 2.7750E+3  
 2.7744E+3  
 2.7750E+3  
 2.7737E+3  
 2.7747E+3  
 2.7747E+3  
 2.7737E+3  
 2.7750E+3  
 2.7750E+3  
 2.7750E+3  
 2.7740E+3  
 2.7737E+3  
 2.7747E+3  
 2.7747E+3  
 2.7740E+3  
 2.7737E+3  
 2.7737E+3  
 2.7750E+3  
 2.7731E+3  
 2.7737E+3  
 2.7747E+3  
 2.7750E+3  
 2.7737E+3  
 2.7740E+3  
 2.7740E+3  
 2.7750E+3  
 2.7737E+3  
 2.7737E+3  
 2.7747E+3  
 2.7747E+3  
 2.7747E+3  
 2.7750E+3  
 2.7750E+3  
 2.7740E+3  
 2.7737E+3  
 2.7737E+3  
 2.7750E+3  
 2.7747E+3  
 2.7750E+3  
 2.7740E+3  
 2.7737E+3  
 2.7750E+3  
 2.7747E+3  
 2.7750E+3  
 2.7737E+3  
 2.7750E+3  
 2.7750E+3  
 2.7750E+3  
 2.7747E+3  
 2.7747E+3  
 2.7750E+3  
 2.7750E+3  
 2.7740E+3  
 2.7740E+3  
 2.7750E+3  
 2.7750E+3  
 2.7750E+3  
 2.7750E+3  
 2.7737E+3  
 2.7747E+3  
 2.7750E+3  
 2.7737E+3  
 2.7737E+3  
 2.7737E+3  
 2.7750E+3  
 2.7737E+3  
 2.7737E+3  
 2.7737E+3  
 2.7750E+3  
 2.7740E+3  
 2.7740E+3  
 2.7747E+3  
 2.7750E+3  
 2.7747E+3  
 2.7747E+3  
 2.7747E+3  
 2.7750E+3  
 2.7750E+3  
 2.7744E+3  
 2.7737E+3  
 2.7737E+3  
 2.7747E+3  
 2.7740E+3  
 2.7744E+3  
 2.7740E+3  
 2.7747E+3  
 2.7747E+3  
 2.7740E+3  
 2.7747E+3  
 2.7750E+3  
 2.7747E+3  
 2.7747E+3  
 2.7737E+3  
 2.7750E+3  
 2.7747E+3  
 2.7740E+3  
 2.7747E+3  
 2.7740E+3  
 2.7750E+3  
 2.7740E+3  
 2.7750E+3  
 2.7737E+3  
 2.7750E+3  
 2.7740E+3  
 2.7731E+3  
 2.7737E+3  
 2.7750E+3  
 2.7737E+3  
 2.7750E+3  
 2.7750E+3  
 2.7750E+3  
 2.7737E+3  
 2.7734E+3  
 2.7750E+3  
 2.7747E+3  
 2.7737E+3  
 2.7747E+3  
 2.7737E+3  
 2.7734E+3  
 2.7747E+3  
 2.7740E+3  
 2.7750E+3  
 2.7747E+3  
 2.7747E+3  
 2.7737E+3  
 2.7740E+3  
 2.7747E+3  
 2.7750E+3  
 2.7734E+3  
 2.7750E+3  
 2.7734E+3  
 2.7737E+3  
 2.7750E+3  
 2.7734E+3  
 2.7737E+3  
 2.7750E+3  
 2.7744E+3  
 2.7737E+3  
 2.7737E+3  
 2.7747E+3  
 2.7750E+3  
 2.7744E+3  
 2.7737E+3  
 2.7747E+3  
 2.7747E+3  
 2.7734E+3  
 2.7747E+3  
 2.7737E+3  
 2.7753E+3  
 2.7750E+3  
 2.7747E+3  
 2.7740E+3  
 2.7750E+3  
 2.7747E+3  
 2.7737E+3  
 2.7737E+3  
 2.7740E+3  
 2.7750E+3  
 2.7737E+3  
 2.7737E+3  
 2.7747E+3  
 2.7750E+3  
 2.7734E+3  
 2.7747E+3  
 2.7737E+3  
 2.7747E+3  
 2.7750E+3  
 2.7737E+3  
 2.7747E+3  
 2.7750E+3  
 2.7747E+3  
 2.7740E+3  
 2.7750E+3  
 2.7747E+3  
 2.7747E+3  
 2.7747E+3  
 2.7740E+3  
 2.7737E+3  
 2.7737E+3  
 2.7747E+3  
 2.7737E+3  
 2.7737E+3  
 2.7750E+3  
 2.7744E+3  
 2.7753E+3  
 2.7737E+3  
 2.7750E+3  
 2.7753E+3  
 2.7747E+3  
 2.7734E+3  
 2.7750E+3  
 2.7737E+3  
 2.7747E+3  
 2.7737E+3  
 2.7747E+3  
 2.7737E+3  
 2.7750E+3  
 2.7737E+3  
 2.7737E+3  
 2.7747E+3  
 2.7750E+3  
 2.7737E+3  
 2.7747E+3  
 2.7737E+3  
 2.7750E+3  
 2.7747E+3  
 2.7747E+3  
 2.7737E+3  
 2.7750E+3  
 2.7747E+3  
 2.7747E+3  
 2.7734E+3  
 2.7747E+3  
 2.7744E+3  
 2.7750E+3  
 2.7737E+3  
 2.7750E+3  
 2.7750E+3  
 2.7737E+3  
 2.7734E+3  
 2.7747E+3  
 2.7750E+3  
 2.7750E+3  
 2.7737E+3  
 2.7750E+3  
 2.7747E+3  
 2.7737E+3  
 2.7747E+3  
 2.7747E+3  
 2.7734E+3  
 2.7750E+3  
 2.7747E+3  
 2.7734E+3  
 2.7740E+3  
 2.7747E+3  
 2.7737E+3  
 2.7737E+3  
 2.7747E+3  
 2.7750E+3  
 2.7747E+3  
 2.7737E+3  
 2.7750E+3  
 2.7747E+3  
 2.7747E+3  
 2.7737E+3  
 2.7740E+3  
 2.7750E+3  
 2.7744E+3  
 2.7753E+3  
 2.7750E+3  
 2.7734E+3  
 2.7737E+3  
 2.7734E+3  
 2.7737E+3  
 2.7747E+3  
 2.7737E+3  
 2.7734E+3  
 2.7740E+3  
 2.7744E+3  
 2.7737E+3  
 2.7734E+3  
 2.7737E+3  
 2.7737E+3  
 2.7747E+3  
 2.7737E+3  
 2.7750E+3  
 2.7734E+3  
 2.7744E+3  
 2.7747E+3  
 2.7734E+3  
 2.7734E+3  
 2.7734E+3  
 2.7734E+3  
 2.7737E+3  
 2.7747E+3  
 2.7734E+3  
 2.7750E+3  
 2.7734E+3  
 2.7734E+3  
 2.7750E+3  
 2.7747E+3  
 2.7737E+3  
 2.7734E+3  
 2.7744E+3  
 2.7747E+3  
 2.7747E+3  
 2.7737E+3  
 2.7740E+3  
 2.7740E+3  
 2.7747E+3  
 2.7734E+3  
 2.7737E+3  
 2.7734E+3  
 2.7747E+3  
 2.7737E+3  
 2.7734E+3  
 2.7737E+3  
 2.7747E+3  
 2.7734E+3  
 2.7747E+3  
 2.7737E+3  
 2.7747E+3  
 2.7737E+3  
 2.7740E+3  
 2.7747E+3  
 2.7747E+3  
 2.7747E+3  
 2.7750E+3  
 2.7747E+3  
 2.7737E+3  
 2.7750E+3  
 2.7737E+3  
 2.7740E+3  
 2.7747E+3  
 2.7750E+3  
 2.7747E+3  
 2.7737E+3  
 2.7737E+3  
 2.7734E+3  
 2.7750E+3  
 2.7750E+3  
 2.7737E+3  
 2.7747E+3  
 2.7747E+3  
 2.7737E+3  
 2.7737E+3  
 2.7750E+3  
 2.7750E+3  
 2.7747E+3  
 2.7747E+3  
 2.7747E+3  
 2.7750E+3  
 2.7747E+3  
 2.7737E+3  
 2.7750E+3  
 2.7737E+3  
 2.7750E+3  
 2.7737E+3  
 2.7750E+3  
 2.7734E+3  
 2.7747E+3  
 2.7744E+3  
 2.7750E+3  
 2.7737E+3  
 2.7750E+3  
 2.7744E+3  
 2.7734E+3  
 2.7737E+3  
 2.7737E+3  
 2.7753E+3  
 2.7737E+3  
 2.7740E+3  
 2.7737E+3  
 2.7747E+3  
 2.7744E+3  
 2.7737E+3  
 2.7750E+3  
 2.7747E+3  
 2.7750E+3  
 2.7737E+3  
 2.7737E+3  
 2.7744E+3  
 2.7750E+3  
 2.7737E+3  
 2.7753E+3  
 2.7744E+3  
 2.7747E+3  
 2.7737E+3  
 2.7740E+3  
 2.7737E+3  
 2.7750E+3  
 2.7737E+3  
 2.7740E+3  
 2.7747E+3  
 2.7740E+3  
 2.7737E+3  
 2.7737E+3  
 2.7737E+3  
 2.7734E+3  
 2.7737E+3  
 2.7737E+3  
 2.7747E+3  
 2.7737E+3  
 2.7747E+3  
 2.7740E+3  
 2.7747E+3  
 2.7744E+3  
 2.7750E+3  
 2.7737E+3  
 2.7747E+3  
 2.7750E+3  
 2.7750E+3  
 2.7737E+3  
 2.7737E+3  
 2.7747E+3  
 2.7744E+3  
 2.7734E+3  
 2.7740E+3  
 2.7750E+3  
 2.7744E+3  
 2.7747E+3  
 2.7750E+3  
 2.7747E+3  
 2.7747E+3  
 2.7747E+3  
 2.7740E+3  
 2.7737E+3  
 2.7737E+3  
 2.7737E+3  
 2.7750E+3  
 2.7737E+3  
 2.7747E+3  
 2.7750E+3  
 2.7747E+3  
 2.7734E+3  
 2.7737E+3  
 2.7740E+3  
 2.7740E+3  
 2.7737E+3  
 2.7747E+3  
 2.7750E+3  
 2.7747E+3  
 2.7737E+3  
 2.7747E+3  
 2.7740E+3  
 2.7747E+3  
 2.7737E+3  
 2.7750E+3  
 2.7747E+3  
 2.7750E+3  
 2.7737E+3  
 2.7737E+3  
 2.7737E+3  
 2.7740E+3  
 2.7740E+3  
 2.7740E+3  
 2.7737E+3  
 2.7740E+3  
 2.7737E+3  
 2.7737E+3  
 2.7740E+3  
 2.7737E+3  
 2.7737E+3  
 2.7737E+3  
 2.7753E+3  
 2.7737E+3  
