1 2016-01-15 19 46 21.072 0.000000 0.000000
2 2016-01-15 19 46 21.103 -0.037215 0.005728
3 2016-01-15 19 46 21.137 -0.016834 0.006866
4 2016-01-15 19 46 21.170 -0.028420 0.000130
5 2016-01-15 19 46 21.204 -0.025218 0.004129
6 2016-01-15 19 46 21.237 -0.030818 0.008926
7 2016-01-15 19 46 21.270 -0.065425 -0.008404
8 2016-01-15 19 46 21.305 -0.045171 0.016713
9 2016-01-15 19 46 21.336 -0.068116 0.005824
10 2016-01-15 19 46 21.370 -0.042097 0.005286
11 2016-01-15 19 46 21.403 -0.038147 0.002129
12 2016-01-15 19 46 21.436 -0.027098 0.010023
13 2016-01-15 19 46 21.470 -0.018393 -0.009416
14 2016-01-15 19 46 21.503 -0.050012 -0.001470
15 2016-01-15 19 46 21.537 -0.025320 0.003668
16 2016-01-15 19 46 21.571 -0.017224 0.000130
17 2016-01-15 19 46 21.605 -0.006697 0.001533
18 2016-01-15 19 46 21.637 -0.016454 0.004858
19 2016-01-15 19 46 21.670 -0.040763 0.010783
20 2016-01-15 19 46 21.704 -0.049651 0.006055
21 2016-01-15 19 46 21.737 -0.069488 0.001922
22 2016-01-15 19 46 21.770 -0.018435 -0.000301
23 2016-01-15 19 46 21.805 -0.049636 0.005596
24 2016-01-15 19 46 21.837 -0.016424 0.008926
25 2016-01-15 19 46 21.870 -0.060081 -0.001291
26 2016-01-15 19 46 21.904 -0.022719 -0.010717
27 2016-01-15 19 46 21.937 -0.044739 -0.005008
28 2016-01-15 19 46 21.970 -0.032810 0.005824
29 2016-01-15 19 46 22.003 -0.045126 0.001719
30 2016-01-15 19 46 22.037 -0.029244 0.002334
31 2016-01-15 19 46 22.070 -0.041022 0.009108
32 2016-01-15 19 46 22.103 -0.050940 -0.005884
33 2016-01-15 19 46 22.137 -0.050452 0.006412
34 2016-01-15 19 46 22.170 -0.062095 0.022655
35 2016-01-15 19 46 22.203 -0.044359 0.009420
36 2016-01-15 19 46 22.237 -0.033633 0.009108
37 2016-01-15 19 46 22.270 -0.023148 0.006077
38 2016-01-15 19 46 22.306 -0.003413 0.013180
39 2016-01-15 19 46 22.337 -0.037399 0.007227
40 2016-01-15 19 46 22.370 -0.044307 0.001719
41 2016-01-15 19 46 22.403 -0.028676 -0.012081
42 2016-01-15 19 46 22.437 -0.030585 0.005371
43 2016-01-15 19 46 22.470 -0.053210 0.008926
44 2016-01-15 19 46 22.503 -0.044040 0.003123
45 2016-01-15 19 46 22.539 -0.043108 0.003965
46 2016-01-15 19 46 22.570 -0.019201 0.008445
47 2016-01-15 19 46 22.604 -0.026774 0.017108
48 2016-01-15 19 46 22.637 -0.051741 0.024596
49 2016-01-15 19 46 22.670 -0.041928 0.015903
50 2016-01-15 19 46 22.704 -0.029495 0.002732
51 2016-01-15 19 46 22.736 -0.050779 0.009234
52 2016-01-15 19 46 22.770 -0.029495 0.005953
53 2016-01-15 19 46 22.804 -0.024422 0.015325
54 2016-01-15 19 46 22.838 -0.035933 0.001928
55 2016-01-15 19 46 22.870 -0.046370 0.009674
56 2016-01-15 19 46 22.903 -0.036741 0.016416
57 2016-01-15 19 46 22.937 -0.014642 0.007096
58 2016-01-15 19 46 22.971 0.000616 0.023897
59 2016-01-15 19 46 23.003 -0.029465 0.010813
60 2016-01-15 19 46 23.037 -0.025726 0.015903
61 2016-01-15 19 46 23.071 -0.059276 0.015612
62 2016-01-15 19 46 23.103 -0.020566 0.012130
63 2016-01-15 19 46 23.137 -0.037399 0.012936
64 2016-01-15 19 46 23.170 -0.056514 0.014282
65 2016-01-15 19 46 23.203 -0.010670 0.015836
66 2016-01-15 19 46 23.237 -0.043179 0.005953
67 2016-01-15 19 46 23.270 -0.055702 0.004559
68 2016-01-15 19 46 23.304 -0.048411 0.016713
69 2016-01-15 19 46 23.336 -0.035129 0.014806
70 2016-01-15 19 46 23.370 -0.007494 0.021396
71 2016-01-15 19 46 23.403 -0.035448 0.018333
72 2016-01-15 19 46 23.437 -0.021674 0.023194
73 2016-01-15 19 46 23.471 -0.034201 0.013972
74 2016-01-15 19 46 23.503 -0.024249 0.006415
75 2016-01-15 19 46 23.537 -0.031690 0.021907
76 2016-01-15 19 46 23.571 -0.041657 0.003123
77 2016-01-15 19 46 23.603 -0.046043 0.000551
78 2016-01-15 19 46 23.636 -0.028409 0.003501
79 2016-01-15 19 46 23.670 -0.017040 0.003871
80 2016-01-15 19 46 23.703 -0.004762 0.007975
81 2016-01-15 19 46 23.737 0.014688 0.018474
82 2016-01-15 19 46 23.770 0.009366 0.010112
83 2016-01-15 19 46 23.805 -0.013226 0.010525
84 2016-01-15 19 46 23.836 -0.004875 0.002717
85 2016-01-15 19 46 23.870 -0.017025 0.009478
86 2016-01-15 19 46 23.903 -0.019622 0.013725
87 2016-01-15 19 46 23.936 -0.053146 -0.000239
88 2016-01-15 19 46 23.975 -0.036892 0.004711
89 2016-01-15 19 46 24.009 -0.042014 0.001729
90 2016-01-15 19 46 24.037 -0.031329 0.010273
91 2016-01-15 19 46 24.072 -0.010997 0.000960
92 2016-01-15 19 46 24.102 -0.013004 -0.000180
93 2016-01-15 19 46 24.137 -0.018615 0.003916
94 2016-01-15 19 46 24.170 -0.030762 0.011346
95 2016-01-15 19 46 24.204 -0.005660 0.005070
96 2016-01-15 19 46 24.237 -0.031329 0.026164
97 2016-01-15 19 46 24.270 -0.037068 0.015903
98 2016-01-15 19 46 24.304 -0.044788 0.007562
99 2016-01-15 19 46 24.336 -0.024106 0.022385
100 2016-01-15 19 46 24.370 -0.039500 0.014282
101 2016-01-15 19 46 24.403 -0.040199 0.012391
102 2016-01-15 19 46 24.437 -0.018014 0.007975
103 2016-01-15 19 46 24.471 -0.057792 0.013752
104 2016-01-15 19 46 24.503 -0.048411 0.022244
105 2016-01-15 19 46 24.537 -0.064436 0.016890
106 2016-01-15 19 46 24.570 -0.056003 0.023638
107 2016-01-15 19 46 24.603 -0.059423 0.017014
108 2016-01-15 19 46 24.637 -0.039500 0.014282
109 2016-01-15 19 46 24.670 -0.057916 0.003576
110 2016-01-15 19 46 24.703 -0.060396 0.008535
111 2016-01-15 19 46 24.737 -0.043108 -0.001746
112 2016-01-15 19 46 24.769 -0.040308 0.011852
113 2016-01-15 19 46 24.804 -0.058946 0.007800
114 2016-01-15 19 46 24.836 -0.047580 0.017938
115 2016-01-15 19 46 24.871 -0.067007 0.008535
116 2016-01-15 19 46 24.903 -0.039391 -0.005126
117 2016-01-15 19 46 24.937 -0.040864 0.001533
118 2016-01-15 19 46 24.970 -0.045592 0.006757
119 2016-01-15 19 46 25.003 -0.058946 0.010232
120 2016-01-15 19 46 25.037 -0.038015 0.004129
121 2016-01-15 19 46 25.070 -0.033017 0.017523
122 2016-01-15 19 46 25.103 -0.041571 0.001928
123 2016-01-15 19 46 25.137 -0.062685 0.018645
124 2016-01-15 19 46 25.170 -0.044788 0.013197
125 2016-01-15 19 46 25.203 -0.047171 0.003576
126 2016-01-15 19 46 25.236 -0.047186 0.001516
127 2016-01-15 19 46 25.270 -0.036892 0.006301
128 2016-01-15 19 46 25.303 -0.050843 0.007800
129 2016-01-15 19 46 25.337 -0.028157 0.016713
130 2016-01-15 19 46 25.370 -0.016616 0.008368
131 2016-01-15 19 46 25.403 -0.017623 0.003749
132 2016-01-15 19 46 25.437 -0.034817 -0.003869
133 2016-01-15 19 46 25.470 -0.021674 0.009420
134 2016-01-15 19 46 25.503 -0.026244 0.011570
135 2016-01-15 19 46 25.537 -0.042664 0.009108
136 2016-01-15 19 46 25.571 -0.060238 0.007227
137 2016-01-15 19 46 25.603 -0.048821 0.007227
138 2016-01-15 19 46 25.637 -0.055345 0.013752
139 2016-01-15 19 46 25.669 -0.066522 0.001928
140 2016-01-15 19 46 25.704 -0.028157 0.011042
141 2016-01-15 19 46 25.736 -0.028947 -0.007207
142 2016-01-15 19 46 25.770 -0.031329 0.010273
143 2016-01-15 19 46 25.803 -0.059569 0.006055
144 2016-01-15 19 46 25.837 -0.026560 0.007096
145 2016-01-15 19 46 25.869 -0.020054 0.009420
146 2016-01-15 19 46 25.903 -0.038560 0.014034
147 2016-01-15 19 46 25.937 -0.048411 -0.002387
148 2016-01-15 19 46 25.970 -0.044690 0.016800
149 2016-01-15 19 46 26.003 -0.061373 0.015093
150 2016-01-15 19 46 26.037 -0.048009 0.002732
151 2016-01-15 19 46 26.070 -0.048009 0.009172
152 2016-01-15 19 46 26.104 -0.045555 0.014567
153 2016-01-15 19 46 26.137 -0.034017 0.010525
154 2016-01-15 19 46 26.169 -0.047998 0.011841
155 2016-01-15 19 46 26.204 -0.056161 0.003965
156 2016-01-15 19 46 26.237 -0.039846 0.010489
157 2016-01-15 19 46 26.270 -0.055702 -0.001112
158 2016-01-15 19 46 26.303 -0.054980 0.002539
159 2016-01-15 19 46 26.337 -0.047592 0.000077
160 2016-01-15 19 46 26.370 -0.062557 0.005457
161 2016-01-15 19 46 26.403 -0.059569 0.015146
162 2016-01-15 19 46 26.437 -0.054894 0.002939
163 2016-01-15 19 46 26.470 -0.054808 -0.005468
164 2016-01-15 19 46 26.504 -0.030585 0.018333
165 2016-01-15 19 46 26.537 -0.051741 0.008785
166 2016-01-15 19 46 26.570 -0.058044 0.019932
167 2016-01-15 19 46 26.603 -0.015571 0.011570
168 2016-01-15 19 46 26.637 -0.023862 0.018831
169 2016-01-15 19 46 26.669 -0.035768 0.008043
170 2016-01-15 19 46 26.704 -0.018032 0.018140
171 2016-01-15 19 46 26.737 -0.028420 0.013725
172 2016-01-15 19 46 26.770 -0.020423 0.013725
173 2016-01-15 19 46 26.803 -0.048001 0.006412
174 2016-01-15 19 46 26.837 -0.019991 0.010813
175 2016-01-15 19 46 26.870 -0.056371 -0.002687
176 2016-01-15 19 46 26.903 -0.047186 0.014567
177 2016-01-15 19 46 26.936 -0.045479 0.006528
178 2016-01-15 19 46 26.970 -0.042664 0.018140
179 2016-01-15 19 46 27.003 -0.030875 0.003965
180 2016-01-15 19 46 27.037 -0.047220 0.007889
181 2016-01-15 19 46 27.071 -0.063704 0.004403
182 2016-01-15 19 46 27.103 -0.033321 0.007227
183 2016-01-15 19 46 27.137 -0.057442 0.008287
184 2016-01-15 19 46 27.170 -0.046318 0.005690
185 2016-01-15 19 46 27.204 -0.057329 0.011260
186 2016-01-15 19 46 27.237 -0.062557 0.015443
187 2016-01-15 19 46 27.270 -0.036095 0.005506
188 2016-01-15 19 46 27.304 -0.017224 -0.002270
189 2016-01-15 19 46 27.337 -0.058134 -0.001112
190 2016-01-15 19 46 27.370 -0.034137 0.000701
191 2016-01-15 19 46 27.404 -0.055067 0.012947
192 2016-01-15 19 46 27.436 -0.061870 0.020276
193 2016-01-15 19 46 27.471 -0.068935 0.009041
194 2016-01-15 19 46 27.503 -0.045517 0.015146
195 2016-01-15 19 46 27.537 -0.047171 0.013494
196 2016-01-15 19 46 27.570 -0.036741 0.013197
197 2016-01-15 19 46 27.603 -0.025166 0.025169
198 2016-01-15 19 46 27.636 -0.057089 -0.004690
199 2016-01-15 19 46 27.670 -0.035129 0.011587
200 2016-01-15 19 46 27.704 -0.038215 0.021092
201 2016-01-15 19 46 27.737 -0.024106 0.006181
202 2016-01-15 19 46 27.769 -0.084855 0.009041
203 2016-01-15 19 46 27.803 -0.047599 0.006181
204 2016-01-15 19 46 27.837 -0.034137 0.012121
205 2016-01-15 19 46 27.870 -0.037399 -0.000930
206 2016-01-15 19 46 27.903 -0.043484 0.005824
207 2016-01-15 19 46 27.936 -0.045555 0.004781
208 2016-01-15 19 46 27.971 -0.032205 0.012662
209 2016-01-15 19 46 28.003 -0.056623 0.003360
210 2016-01-15 19 46 28.037 -0.036892 0.002328
211 2016-01-15 19 46 28.070 -0.028947 0.010273
212 2016-01-15 19 46 28.103 -0.045213 0.006528
213 2016-01-15 19 46 28.137 -0.030018 0.001729
214 2016-01-15 19 46 28.171 -0.071186 0.020265
215 2016-01-15 19 46 28.204 -0.062050 0.021759
216 2016-01-15 19 46 28.236 -0.059028 0.018902
217 2016-01-15 19 46 28.270 -0.056976 0.020276
218 2016-01-15 19 46 28.303 -0.075869 0.018771
219 2016-01-15 19 46 28.337 -0.052132 0.015146
220 2016-01-15 19 46 28.370 -0.027612 0.016198
221 2016-01-15 19 46 28.403 -0.071141 0.019280
222 2016-01-15 19 46 28.436 -0.055702 0.018333
223 2016-01-15 19 46 28.470 -0.038290 0.013517
224 2016-01-15 19 46 28.503 -0.055161 0.018577
225 2016-01-15 19 46 28.537 -0.051342 0.012391
226 2016-01-15 19 46 28.570 -0.038906 0.024239
227 2016-01-15 19 46 28.603 -0.047998 0.018453
228 2016-01-15 19 46 28.637 -0.033321 0.016198
229 2016-01-15 19 46 28.670 -0.060892 0.021268
230 2016-01-15 19 46 28.704 -0.023057 0.014002
231 2016-01-15 19 46 28.737 -0.025470 0.020442
232 2016-01-15 19 46 28.770 -0.071709 0.014610
233 2016-01-15 19 46 28.804 -0.061723 0.017938
234 2016-01-15 19 46 28.836 -0.070048 0.020436
235 2016-01-15 19 46 28.870 -0.065425 0.013472
236 2016-01-15 19 46 28.903 -0.066237 0.005371
237 2016-01-15 19 46 28.936 -0.070025 0.008043
238 2016-01-15 19 46 28.973 -0.071908 0.009420
239 2016-01-15 19 46 29.005 -0.066004 0.017722
240 2016-01-15 19 46 29.039 -0.054608 0.018453
241 2016-01-15 19 46 29.070 -0.060558 0.011555
242 2016-01-15 19 46 29.104 -0.068935 0.013212
243 2016-01-15 19 46 29.138 -0.073765 0.011587
244 2016-01-15 19 46 29.170 -0.085524 0.015204
245 2016-01-15 19 46 29.203 -0.075869 0.002962
246 2016-01-15 19 46 29.237 -0.043803 0.024959
247 2016-01-15 19 46 29.270 -0.071709 0.024596
248 2016-01-15 19 46 29.304 -0.067007 0.016800
249 2016-01-15 19 46 29.336 -0.090718 0.022445
250 2016-01-15 19 46 29.371 -0.059423 0.011305
251 2016-01-15 19 46 29.403 -0.087520 0.014610
252 2016-01-15 19 46 29.438 -0.071908 0.018333
253 2016-01-15 19 46 29.470 -0.074918 0.008043
254 2016-01-15 19 46 29.503 -0.055251 0.001928
255 2016-01-15 19 46 29.537 -0.071401 0.006645
256 2016-01-15 19 46 29.571 -0.075959 0.012662
257 2016-01-15 19 46 29.604 -0.065887 0.011282
258 2016-01-15 19 46 29.637 -0.055702 0.011042
259 2016-01-15 19 46 29.671 -0.056623 -0.002387
260 2016-01-15 19 46 29.703 -0.058006 0.004129
261 2016-01-15 19 46 29.737 -0.047599 0.009420
262 2016-01-15 19 46 29.770 -0.046400 0.005147
263 2016-01-15 19 46 29.804 -0.060238 -0.002561
264 2016-01-15 19 46 29.837 -0.048824 0.001922
265 2016-01-15 19 46 29.870 -0.059754 0.009420
266 2016-01-15 19 46 29.903 -0.079402 0.002732
267 2016-01-15 19 46 29.937 -0.089463 -0.007312
268 2016-01-15 19 46 29.970 -0.078579 0.007708
269 2016-01-15 19 46 30.003 -0.088351 -0.008689
270 2016-01-15 19 46 30.037 -0.071401 0.005824
271 2016-01-15 19 46 30.070 -0.046423 0.008684
272 2016-01-15 19 46 30.103 -0.052462 0.020765
273 2016-01-15 19 46 30.137 -0.063301 0.008368
274 2016-01-15 19 46 30.170 -0.059930 0.006301
275 2016-01-15 19 46 30.203 -0.061204 0.006528
276 2016-01-15 19 46 30.237 -0.052410 0.000930
277 2016-01-15 19 46 30.270 -0.083769 -0.004824
278 2016-01-15 19 46 30.303 -0.080398 -0.004668
279 2016-01-15 19 46 30.337 -0.041571 0.007562
280 2016-01-15 19 46 30.370 -0.058946 -0.000301
281 2016-01-15 19 46 30.403 -0.053782 0.005228
282 2016-01-15 19 46 30.437 -0.051651 -0.009214
283 2016-01-15 19 46 30.470 -0.032416 0.003328
284 2016-01-15 19 46 30.503 -0.036741 -0.002097
285 2016-01-15 19 46 30.537 -0.031168 0.010751
286 2016-01-15 19 46 30.570 -0.023057 0.013197
287 2016-01-15 19 46 30.603 -0.052462 0.006181
288 2016-01-15 19 46 30.637 -0.041928 -0.000301
289 2016-01-15 19 46 30.669 -0.036741 -0.001291
290 2016-01-15 19 46 30.704 -0.033017 0.002129
291 2016-01-15 19 46 30.737 -0.064222 -0.000366
292 2016-01-15 19 46 30.770 -0.053782 0.002749
293 2016-01-15 19 46 30.804 -0.050873 -0.000744
294 2016-01-15 19 46 30.837 -0.043924 0.005596
295 2016-01-15 19 46 30.869 -0.021445 0.007562
296 2016-01-15 19 46 30.903 -0.050843 -0.002732
297 2016-01-15 19 46 30.936 -0.045126 0.004181
298 2016-01-15 19 46 30.970 -0.054082 -0.001112
299 2016-01-15 19 46 31.004 -0.067007 0.008535
300 2016-01-15 19 46 31.037 -0.032295 -0.003864
301 2016-01-15 19 46 31.069 -0.041477 0.009674
302 2016-01-15 19 46 31.103 -0.072288 0.001501
303 2016-01-15 19 46 31.137 -0.052462 0.000509
304 2016-01-15 19 46 31.170 -0.057792 0.002334
305 2016-01-15 19 46 31.204 -0.039380 0.016497
306 2016-01-15 19 46 31.236 -0.063189 0.009929
307 2016-01-15 19 46 31.269 -0.048411 0.000077
308 2016-01-15 19 46 31.303 -0.055345 0.015383
309 2016-01-15 19 46 31.336 -0.049602 0.004711
310 2016-01-15 19 46 31.370 -0.050809 0.011326
311 2016-01-15 19 46 31.404 -0.054447 0.007562
312 2016-01-15 19 46 31.436 -0.050843 0.006990
313 2016-01-15 19 46 31.470 -0.046423 0.004711
314 2016-01-15 19 46 31.503 -0.050873 0.009108
315 2016-01-15 19 46 31.536 -0.034325 0.016416
316 2016-01-15 19 46 31.569 -0.053210 0.012925
317 2016-01-15 19 46 31.603 -0.052083 0.008043
318 2016-01-15 19 46 31.637 -0.044307 0.005824
319 2016-01-15 19 46 31.669 -0.054808 0.005728
320 2016-01-15 19 46 31.703 -0.044788 0.005147
321 2016-01-15 19 46 31.736 -0.056262 0.009362
322 2016-01-15 19 46 31.769 -0.075734 -0.001746
323 2016-01-15 19 46 31.803 -0.045592 0.009172
324 2016-01-15 19 46 31.837 -0.046400 0.008368
325 2016-01-15 19 46 31.871 -0.061223 0.002749
326 2016-01-15 19 46 31.904 -0.039500 0.002129
327 2016-01-15 19 46 31.937 -0.047205 0.002732
328 2016-01-15 19 46 31.969 -0.044307 0.000898
329 2016-01-15 19 46 32.003 -0.047171 0.010187
330 2016-01-15 19 46 32.058 -0.041928 0.000509
331 2016-01-15 19 46 32.078 -0.043551 -0.000301
332 2016-01-15 19 46 32.103 -0.058607 -0.000115
333 2016-01-15 19 46 32.136 -0.041120 -0.002732
334 2016-01-15 19 46 32.170 -0.058134 0.007800
335 2016-01-15 19 46 32.204 -0.041571 -0.002901
336 2016-01-15 19 46 32.237 -0.056059 0.005953
337 2016-01-15 19 46 32.270 -0.063072 0.008203
338 2016-01-15 19 46 32.303 -0.047220 0.002328
339 2016-01-15 19 46 32.335 -0.053643 -0.000487
340 2016-01-15 19 46 32.370 -0.031168 0.014034
341 2016-01-15 19 46 32.402 -0.028691 0.009976
342 2016-01-15 19 46 32.436 -0.058262 0.007466
343 2016-01-15 19 46 32.469 -0.047220 0.008684
344 2016-01-15 19 46 32.502 -0.039500 0.006181
345 2016-01-15 19 46 32.536 -0.035129 0.003538
346 2016-01-15 19 46 32.569 -0.046370 0.002334
347 2016-01-15 19 46 32.603 -0.016834 0.008445
348 2016-01-15 19 46 32.636 -0.062369 0.010751
349 2016-01-15 19 46 32.669 -0.060220 0.008456
350 2016-01-15 19 46 32.703 -0.038688 0.002129
351 2016-01-15 19 46 32.736 -0.062185 0.004559
352 2016-01-15 19 46 32.769 -0.063072 0.012391
353 2016-01-15 19 46 32.803 -0.050422 0.000318
354 2016-01-15 19 46 32.835 -0.041928 0.003749
355 2016-01-15 19 46 32.869 -0.039274 0.004711
356 2016-01-15 19 46 32.903 -0.052959 0.011841
357 2016-01-15 19 46 32.935 -0.059085 0.007466
358 2016-01-15 19 46 32.969 -0.045555 0.008043
359 2016-01-15 19 46 33.003 -0.054695 0.008203
360 2016-01-15 19 46 33.037 -0.054236 0.002962
361 2016-01-15 19 46 33.070 -0.034137 0.015383
362 2016-01-15 19 46 33.102 -0.050843 0.011852
363 2016-01-15 19 46 33.136 -0.051696 0.010751
364 2016-01-15 19 46 33.169 -0.060727 0.009929
365 2016-01-15 19 46 33.203 -0.066473 0.005824
366 2016-01-15 19 46 33.236 -0.047205 0.018831
367 2016-01-15 19 46 33.269 -0.031547 0.002717
368 2016-01-15 19 46 33.303 -0.048824 0.012667
369 2016-01-15 19 46 33.336 -0.065887 0.002962
370 2016-01-15 19 46 33.370 -0.029217 0.002529
371 2016-01-15 19 46 33.402 -0.044788 0.006757
372 2016-01-15 19 46 33.436 -0.043108 0.006412
373 2016-01-15 19 46 33.469 -0.048411 0.012391
374 2016-01-15 19 46 33.503 -0.033520 0.011587
375 2016-01-15 19 46 33.536 -0.048001 0.008043
376 2016-01-15 19 46 33.569 -0.038350 0.001928
377 2016-01-15 19 46 33.602 -0.068097 0.002338
378 2016-01-15 19 46 33.636 -0.064012 -0.001565
379 2016-01-15 19 46 33.669 -0.062993 0.001319
380 2016-01-15 19 46 33.703 -0.055435 0.006881
381 2016-01-15 19 46 33.736 -0.044739 0.006412
382 2016-01-15 19 46 33.770 -0.054007 0.014524
383 2016-01-15 19 46 33.803 -0.046791 0.002939
384 2016-01-15 19 46 33.835 -0.045517 0.003576
385 2016-01-15 19 46 33.870 -0.051741 0.011282
386 2016-01-15 19 46 33.903 -0.060727 0.000077
387 2016-01-15 19 46 33.935 -0.054608 0.003576
388 2016-01-15 19 46 33.971 -0.075403 0.016046
389 2016-01-15 19 46 34.006 -0.056161 0.007227
390 2016-01-15 19 46 34.038 -0.064617 0.003749
391 2016-01-15 19 46 34.069 -0.041657 0.008684
392 2016-01-15 19 46 34.102 -0.014642 0.007889
393 2016-01-15 19 46 34.136 -0.040661 0.004781
394 2016-01-15 19 46 34.169 -0.034325 0.012391
395 2016-01-15 19 46 34.203 -0.027887 0.006757
396 2016-01-15 19 46 34.235 -0.067045 -0.001922
397 2016-01-15 19 46 34.270 -0.074234 -0.000851
398 2016-01-15 19 46 34.303 -0.058675 -0.001028
399 2016-01-15 19 46 34.335 -0.052034 -0.007731
400 2016-01-15 19 46 34.370 -0.044788 0.004343
401 2016-01-15 19 46 34.403 -0.058532 -0.008415
402 2016-01-15 19 46 34.434 -0.037068 -0.007594
403 2016-01-15 19 46 34.470 -0.036741 0.002732
404 2016-01-15 19 46 34.502 -0.034325 -0.002901
405 2016-01-15 19 46 34.536 -0.045126 -0.001565
406 2016-01-15 19 46 34.569 -0.077534 -0.004527
407 2016-01-15 19 46 34.603 -0.042664 -0.002387
408 2016-01-15 19 46 34.635 -0.021223 0.005728
409 2016-01-15 19 46 34.671 -0.062234 0.004014
410 2016-01-15 19 46 34.702 -0.020780 0.007656
411 2016-01-15 19 46 34.736 -0.059569 0.001096
412 2016-01-15 19 46 34.769 -0.063388 0.003794
413 2016-01-15 19 46 34.802 -0.048821 0.012121
414 2016-01-15 19 46 34.835 -0.039958 0.001124
415 2016-01-15 19 46 34.870 -0.048001 0.008043
416 2016-01-15 19 46 34.902 -0.055702 0.004559
417 2016-01-15 19 46 34.935 -0.056409 0.012925
418 2016-01-15 19 46 34.969 -0.096029 0.007466
419 2016-01-15 19 46 35.002 -0.127343 0.017627
420 2016-01-15 19 46 35.036 -0.233989 0.028246
421 2016-01-15 19 46 35.069 -0.425566 0.006406
422 2016-01-15 19 46 35.102 -0.685262 0.023638
423 2016-01-15 19 46 35.135 -0.899468 -0.009901
424 2016-01-15 19 46 35.168 -1.155166 -0.019746
425 2016-01-15 19 46 35.203 -1.427881 0.001729
426 2016-01-15 19 46 35.235 -1.742336 -0.011066
427 2016-01-15 19 46 35.269 -2.076721 -0.010112
428 2016-01-15 19 46 35.303 -2.427767 -0.010961
429 2016-01-15 19 46 35.335 -2.751456 -0.016027
430 2016-01-15 19 46 35.370 -3.153729 0.018887
431 2016-01-15 19 46 35.403 -3.484232 -0.020357
432 2016-01-15 19 46 35.436 -3.915199 -0.019615
433 2016-01-15 19 46 35.467 -4.377435 -0.024508
434 2016-01-15 19 46 35.503 -4.759002 -0.042044
435 2016-01-15 19 46 35.535 -5.171628 -0.021492
436 2016-01-15 19 46 35.569 -5.611250 -0.033985
437 2016-01-15 19 46 35.602 -6.077685 -0.061745
438 2016-01-15 19 46 35.636 -6.428817 -0.060253
439 2016-01-15 19 46 35.668 -6.712097 -0.058666
440 2016-01-15 19 46 35.702 -6.957790 -0.064579
441 2016-01-15 19 46 35.735 -7.091406 -0.068221
442 2016-01-15 19 46 35.770 -7.130962 -0.078175
443 2016-01-15 19 46 35.803 -7.165144 -0.060379
444 2016-01-15 19 46 35.835 -7.153948 -0.067221
445 2016-01-15 19 46 35.869 -7.067469 -0.063012
446 2016-01-15 19 46 35.902 -6.926333 -0.053289
447 2016-01-15 19 46 35.935 -6.628373 -0.055405
448 2016-01-15 19 46 35.969 -6.422192 -0.070128
449 2016-01-15 19 46 36.003 -6.120440 -0.065305
450 2016-01-15 19 46 36.035 -5.660613 -0.038662
451 2016-01-15 19 46 36.070 -5.184820 -0.030677
452 2016-01-15 19 46 36.102 -4.650398 -0.036779
453 2016-01-15 19 46 36.137 -3.840908 -0.019910
454 2016-01-15 19 46 36.168 -2.810282 -0.003726
455 2016-01-15 19 46 36.203 -1.407826 -0.006797
456 2016-01-15 19 46 36.236 0.500676 0.001218
457 2016-01-15 19 46 36.269 2.878469 0.028180
458 2016-01-15 19 46 36.303 5.583247 0.052526
459 2016-01-15 19 46 36.334 8.676188 0.083589
460 2016-01-15 19 46 36.369 12.074246 0.130286
461 2016-01-15 19 46 36.402 15.666429 0.163117
462 2016-01-15 19 46 36.435 18.834024 0.220905
463 2016-01-15 19 46 36.468 20.663216 0.243639
464 2016-01-15 19 46 36.502 22.189493 0.271768
465 2016-01-15 19 46 36.535 24.172827 0.242277
466 2016-01-15 19 46 36.569 24.513309 0.265251
467 2016-01-15 19 46 36.602 24.184139 0.256695
468 2016-01-15 19 46 36.636 22.883257 0.263434
469 2016-01-15 19 46 36.670 20.621626 0.242168
470 2016-01-15 19 46 36.702 17.441124 0.211488
471 2016-01-15 19 46 36.735 14.150681 0.151547
472 2016-01-15 19 46 36.769 12.022892 0.106966
473 2016-01-15 19 46 36.802 11.481446 0.110412
474 2016-01-15 19 46 36.835 11.084598 0.106810
475 2016-01-15 19 46 36.868 9.673573 0.105817
476 2016-01-15 19 46 36.902 8.186172 0.092169
477 2016-01-15 19 46 36.934 7.033667 0.078500
478 2016-01-15 19 46 36.968 5.558119 0.042924
479 2016-01-15 19 46 37.003 4.697336 0.046455
480 2016-01-15 19 46 37.042 4.387548 0.054265
481 2016-01-15 19 46 37.068 4.672444 0.036202
482 2016-01-15 19 46 37.102 6.073002 0.056099
483 2016-01-15 19 46 37.135 7.860084 0.100689
484 2016-01-15 19 46 37.168 8.036921 0.121948
485 2016-01-15 19 46 37.202 7.977562 0.078126
486 2016-01-15 19 46 37.234 8.233811 0.080443
487 2016-01-15 19 46 37.269 7.849238 0.105336
488 2016-01-15 19 46 37.303 6.067710 0.066819
489 2016-01-15 19 46 37.334 3.184175 0.044269
490 2016-01-15 19 46 37.368 0.073389 0.024797
491 2016-01-15 19 46 37.403 -2.586215 -0.020755
492 2016-01-15 19 46 37.435 -4.951466 -0.030993
493 2016-01-15 19 46 37.468 -7.142060 -0.056085
494 2016-01-15 19 46 37.502 -9.076789 -0.093445
495 2016-01-15 19 46 37.537 -11.209505 -0.100246
496 2016-01-15 19 46 37.568 -13.189964 -0.162128
497 2016-01-15 19 46 37.602 -15.447972 -0.182600
498 2016-01-15 19 46 37.635 -17.446497 -0.215232
499 2016-01-15 19 46 37.667 -19.026680 -0.209380
500 2016-01-15 19 46 37.703 -20.464844 -0.209333
501 2016-01-15 19 46 37.735 -21.944454 -0.213024
502 2016-01-15 19 46 37.768 -22.719706 -0.222985
503 2016-01-15 19 46 37.803 -22.872993 -0.210857
504 2016-01-15 19 46 37.834 -22.413715 -0.236479
505 2016-01-15 19 46 37.868 -21.123276 -0.216252
506 2016-01-15 19 46 37.902 -19.970366 -0.210109
507 2016-01-15 19 46 37.936 -19.158117 -0.197707
508 2016-01-15 19 46 37.968 -18.537445 -0.201658
509 2016-01-15 19 46 38.002 -17.606358 -0.192073
510 2016-01-15 19 46 38.035 -16.317347 -0.181245
511 2016-01-15 19 46 38.069 -15.058997 -0.192142
512 2016-01-15 19 46 38.102 -13.926859 -0.133086
513 2016-01-15 19 46 38.135 -12.851163 -0.132019
514 2016-01-15 19 46 38.171 -11.882834 -0.108916
515 2016-01-15 19 46 38.202 -10.892314 -0.106225
516 2016-01-15 19 46 38.235 -9.790291 -0.081796
517 2016-01-15 19 46 38.268 -8.766141 -0.086689
518 2016-01-15 19 46 38.303 -7.870472 -0.068465
519 2016-01-15 19 46 38.334 -6.870259 -0.054289
520 2016-01-15 19 46 38.368 -5.787629 -0.040674
521 2016-01-15 19 46 38.403 -4.550690 -0.035866
522 2016-01-15 19 46 38.435 -3.289968 0.013124
523 2016-01-15 19 46 38.468 -1.953009 -0.012286
524 2016-01-15 19 46 38.501 -0.816706 0.014002
525 2016-01-15 19 46 38.536 0.330815 0.015507
526 2016-01-15 19 46 38.568 1.739671 0.006866
527 2016-01-15 19 46 38.602 3.783131 0.039261
528 2016-01-15 19 46 38.635 6.145056 0.079186
529 2016-01-15 19 46 38.668 8.605119 0.093810
530 2016-01-15 19 46 38.703 11.030830 0.116271
531 2016-01-15 19 46 38.734 13.122330 0.172930
532 2016-01-15 19 46 38.767 14.482827 0.177115
533 2016-01-15 19 46 38.803 15.399768 0.173544
534 2016-01-15 19 46 38.834 15.751020 0.188408
535 2016-01-15 19 46 38.868 15.843024 0.182337
536 2016-01-15 19 46 38.901 15.714256 0.189497
537 2016-01-15 19 46 38.934 15.304908 0.183530
538 2016-01-15 19 46 38.969 14.615105 0.172359
539 2016-01-15 19 46 39.004 13.780712 0.175820
540 2016-01-15 19 46 39.036 12.628388 0.133026
541 2016-01-15 19 46 39.068 11.509739 0.125475
542 2016-01-15 19 46 39.100 10.367058 0.102050
543 2016-01-15 19 46 39.135 9.132863 0.090495
544 2016-01-15 19 46 39.170 7.883469 0.103673
545 2016-01-15 19 46 39.202 6.392324 0.061452
546 2016-01-15 19 46 39.234 5.063223 0.030136
547 2016-01-15 19 46 39.268 3.911072 0.043249
548 2016-01-15 19 46 39.302 2.807140 0.020770
549 2016-01-15 19 46 39.334 1.803157 -0.001291
550 2016-01-15 19 46 39.368 0.898168 0.031643
551 2016-01-15 19 46 39.402 -0.070841 0.018645
552 2016-01-15 19 46 39.433 -0.942659 -0.002439
553 2016-01-15 19 46 39.467 -1.544122 -0.005617
554 2016-01-15 19 46 39.500 -1.984146 -0.005521
555 2016-01-15 19 46 39.534 -2.313221 -0.013641
556 2016-01-15 19 46 39.568 -2.585128 -0.001460
557 2016-01-15 19 46 39.601 -2.707740 0.003668
558 2016-01-15 19 46 39.635 -2.846715 -0.001291
559 2016-01-15 19 46 39.669 -2.969011 -0.000436
560 2016-01-15 19 46 39.701 -2.971987 -0.008712
561 2016-01-15 19 46 39.734 -2.911501 0.002338
562 2016-01-15 19 46 39.768 -2.903124 0.004014
563 2016-01-15 19 46 39.801 -2.972660 0.001501
564 2016-01-15 19 46 39.834 -3.176489 0.025220
565 2016-01-15 19 46 39.868 -3.528873 -0.008366
566 2016-01-15 19 46 39.902 -3.902815 -0.009287
567 2016-01-15 19 46 39.933 -4.213613 -0.013265
568 2016-01-15 19 46 39.967 -4.399075 -0.016196
569 2016-01-15 19 46 40.001 -4.517981 -0.013355
570 2016-01-15 19 46 40.034 -4.508191 -0.018145
571 2016-01-15 19 46 40.068 -4.200767 -0.008251
572 2016-01-15 19 46 40.101 -3.763516 0.000868
573 2016-01-15 19 46 40.134 -3.175719 0.012136
574 2016-01-15 19 46 40.168 -2.674370 -0.006055
575 2016-01-15 19 46 40.201 -2.303457 0.002129
576 2016-01-15 19 46 40.234 -2.078134 -0.003416
577 2016-01-15 19 46 40.268 -1.884667 -0.027947
578 2016-01-15 19 46 40.301 -1.684529 -0.009770
579 2016-01-15 19 46 40.334 -1.475269 0.008858
580 2016-01-15 19 46 40.367 -1.274635 -0.022135
581 2016-01-15 19 46 40.401 -1.028773 -0.002732
582 2016-01-15 19 46 40.434 -0.591331 0.034930
583 2016-01-15 19 46 40.468 -0.058675 0.010023
584 2016-01-15 19 46 40.500 0.616012 0.015263
585 2016-01-15 19 46 40.534 1.189866 0.015204
586 2016-01-15 19 46 40.568 1.698277 0.007767
587 2016-01-15 19 46 40.601 2.298710 0.031643
588 2016-01-15 19 46 40.634 2.832482 0.032917
589 2016-01-15 19 46 40.668 3.406705 0.027900
590 2016-01-15 19 46 40.701 4.085699 0.045233
591 2016-01-15 19 46 40.737 4.606760 0.044352
592 2016-01-15 19 46 40.770 5.006446 0.028120
593 2016-01-15 19 46 40.802 5.305379 0.031660
594 2016-01-15 19 46 40.834 5.452270 0.067315
595 2016-01-15 19 46 40.868 5.516282 0.040237
596 2016-01-15 19 46 40.901 5.517146 0.039376
597 2016-01-15 19 46 40.934 5.442852 0.052318
598 2016-01-15 19 46 40.967 5.336190 0.033750
599 2016-01-15 19 46 41.000 5.109609 0.032117
600 2016-01-15 19 46 41.034 4.776854 0.061475
601 2016-01-15 19 46 41.068 4.386752 0.032085
602 2016-01-15 19 46 41.100 3.983574 0.049788
603 2016-01-15 19 46 41.135 3.429123 0.043835
604 2016-01-15 19 46 41.168 2.891642 0.047661
605 2016-01-15 19 46 41.201 2.329145 0.042221
606 2016-01-15 19 46 41.235 1.904620 0.018902
607 2016-01-15 19 46 41.267 1.516833 0.023875
608 2016-01-15 19 46 41.301 1.034411 0.032498
609 2016-01-15 19 46 41.333 0.714713 0.018902
610 2016-01-15 19 46 41.368 0.419410 0.005728
611 2016-01-15 19 46 41.400 -0.024602 0.011570
612 2016-01-15 19 46 41.434 -0.417869 0.037910
613 2016-01-15 19 46 41.467 -0.885536 0.001740
614 2016-01-15 19 46 41.501 -1.215122 -0.017316
615 2016-01-15 19 46 41.534 -1.559463 0.002129
616 2016-01-15 19 46 41.568 -1.827409 -0.015225
617 2016-01-15 19 46 41.599 -2.046640 0.000628
618 2016-01-15 19 46 41.635 -2.285192 -0.006402
619 2016-01-15 19 46 41.667 -2.307666 -0.003234
620 2016-01-15 19 46 41.701 -2.318374 0.001749
621 2016-01-15 19 46 41.733 -2.259004 -0.003258
622 2016-01-15 19 46 41.767 -2.211231 -0.008005
623 2016-01-15 19 46 41.800 -2.174186 -0.007207
624 2016-01-15 19 46 41.834 -2.193007 -0.002971
625 2016-01-15 19 46 41.868 -2.243114 0.006310
626 2016-01-15 19 46 41.900 -2.340747 0.011162
627 2016-01-15 19 46 41.934 -2.522894 0.003052
628 2016-01-15 19 46 41.967 -2.641545 -0.004029
629 2016-01-15 19 46 41.999 -2.796808 0.009976
630 2016-01-15 19 46 42.031 -2.951907 0.000419
631 2016-01-15 19 46 42.068 -2.992959 0.001274
632 2016-01-15 19 46 42.100 -2.988892 -0.007571
633 2016-01-15 19 46 42.135 -2.859561 0.012391
634 2016-01-15 19 46 42.167 -2.711784 0.004078
635 2016-01-15 19 46 42.199 -2.559606 -0.001043
636 2016-01-15 19 46 42.233 -2.315405 0.003830
637 2016-01-15 19 46 42.267 -2.081904 -0.008011
638 2016-01-15 19 46 42.301 -1.940655 -0.034702
639 2016-01-15 19 46 42.334 -1.829563 -0.021058
640 2016-01-15 19 46 42.368 -1.809023 -0.014539
641 2016-01-15 19 46 42.400 -1.750724 -0.023982
642 2016-01-15 19 46 42.433 -1.742140 -0.022578
643 2016-01-15 19 46 42.467 -1.715648 -0.010732
644 2016-01-15 19 46 42.499 -1.724657 -0.015781
645 2016-01-15 19 46 42.534 -1.608479 0.000739
646 2016-01-15 19 46 42.567 -1.407462 0.003916
647 2016-01-15 19 46 42.598 -1.168940 -0.021368
648 2016-01-15 19 46 42.634 -0.969576 0.001922
649 2016-01-15 19 46 42.667 -0.771121 0.004559
650 2016-01-15 19 46 42.700 -0.605045 0.023538
651 2016-01-15 19 46 42.734 -0.361284 0.020436
652 2016-01-15 19 46 42.767 -0.078369 0.014610
653 2016-01-15 19 46 42.800 0.207302 0.004694
654 2016-01-15 19 46 42.835 0.572798 0.028310
655 2016-01-15 19 46 42.866 0.774789 0.037720
656 2016-01-15 19 46 42.900 0.955662 0.052605
657 2016-01-15 19 46 42.933 1.068382 0.027158
658 2016-01-15 19 46 42.967 1.106796 0.019042
659 2016-01-15 19 46 42.999 1.211672 0.011499
660 2016-01-15 19 46 43.033 1.208774 0.014103
661 2016-01-15 19 46 43.068 1.178099 -0.004940
662 2016-01-15 19 46 43.099 1.060399 0.020252
663 2016-01-15 19 46 43.134 0.953148 0.040876
664 2016-01-15 19 46 43.166 0.739766 0.023241
665 2016-01-15 19 46 43.198 0.638050 0.011480
666 2016-01-15 19 46 43.233 0.462262 0.028811
667 2016-01-15 19 46 43.265 0.213826 0.004067
668 2016-01-15 19 46 43.301 0.122266 -0.004690
669 2016-01-15 19 46 43.332 0.001398 0.002717
670 2016-01-15 19 46 43.365 -0.058262 0.014855
671 2016-01-15 19 46 43.399 -0.122814 0.017523
672 2016-01-15 19 46 43.432 -0.272813 0.015146
673 2016-01-15 19 46 43.466 -0.490190 0.007708
674 2016-01-15 19 46 43.499 -0.839117 -0.004192
675 2016-01-15 19 46 43.533 -1.133694 -0.008646
676 2016-01-15 19 46 43.565 -1.517923 0.003794
677 2016-01-15 19 46 43.599 -1.865834 -0.016860
678 2016-01-15 19 46 43.633 -2.130879 -0.010112
679 2016-01-15 19 46 43.665 -2.326007 -0.011899
680 2016-01-15 19 46 43.698 -2.522331 -0.008375
681 2016-01-15 19 46 43.733 -2.579882 -0.008133
682 2016-01-15 19 46 43.765 -2.594592 -0.012495
683 2016-01-15 19 46 43.799 -2.574534 -0.004775
684 2016-01-15 19 46 43.832 -2.431379 -0.010151
685 2016-01-15 19 46 43.866 -2.165748 -0.018273
686 2016-01-15 19 46 43.901 -1.957278 -0.017256
687 2016-01-15 19 46 43.942 -1.790751 -0.021687
688 2016-01-15 19 46 43.973 -1.531546 -0.011532
689 2016-01-15 19 46 44.020 -1.318472 -0.019919
690 2016-01-15 19 46 44.055 -1.049748 -0.009649
691 2016-01-15 19 46 44.079 -0.737094 0.016713
692 2016-01-15 19 46 44.108 -0.359668 0.029542
693 2016-01-15 19 46 44.133 -0.007761 0.015612
694 2016-01-15 19 46 44.179 0.300523 0.003176
695 2016-01-15 19 46 44.206 0.612866 0.024886
696 2016-01-15 19 46 44.233 0.876125 0.027564
697 2016-01-15 19 46 44.264 1.054833 0.020088
698 2016-01-15 19 46 44.302 1.257610 0.011818
699 2016-01-15 19 46 44.341 1.521354 0.026846
700 2016-01-15 19 46 44.370 1.666673 0.001223
701 2016-01-15 19 46 44.421 1.796666 0.009439
702 2016-01-15 19 46 44.453 1.888102 0.010717
703 2016-01-15 19 46 44.479 1.995293 0.017187
704 2016-01-15 19 46 44.505 2.065999 0.028580
705 2016-01-15 19 46 44.532 2.106761 0.034227
706 2016-01-15 19 46 44.565 2.129736 0.040270
707 2016-01-15 19 46 44.598 2.112117 0.030239
708 2016-01-15 19 46 44.633 2.137779 0.035199
709 2016-01-15 19 46 44.667 2.151707 0.035165
710 2016-01-15 19 46 44.699 2.151207 0.026898
711 2016-01-15 19 46 44.732 2.123719 0.031132
712 2016-01-15 19 46 44.765 2.150550 0.026989
713 2016-01-15 19 46 44.798 2.128845 0.030794
714 2016-01-15 19 46 44.833 2.125234 0.038196
715 2016-01-15 19 46 44.865 2.092164 0.034285
716 2016-01-15 19 46 44.898 2.010879 0.013564
717 2016-01-15 19 46 44.933 1.823681 -0.003858
718 2016-01-15 19 46 44.965 1.573099 0.004531
719 2016-01-15 19 46 44.999 1.175994 0.005690
720 2016-01-15 19 46 45.032 0.953825 0.056414
721 2016-01-15 19 46 45.065 0.646890 0.025220
722 2016-01-15 19 46 45.098 0.291706 0.014321
723 2016-01-15 19 46 45.132 0.076301 0.014210
724 2016-01-15 19 46 45.165 -0.122469 0.018771
725 2016-01-15 19 46 45.199 -0.269164 0.022445
726 2016-01-15 19 46 45.231 -0.477758 0.011829
727 2016-01-15 19 46 45.265 -0.701780 0.027545
728 2016-01-15 19 46 45.299 -0.880504 -0.005974
729 2016-01-15 19 46 45.332 -1.033219 -0.021219
730 2016-01-15 19 46 45.366 -1.090113 -0.026960
731 2016-01-15 19 46 45.399 -1.134551 -0.036356
732 2016-01-15 19 46 45.431 -1.061925 -0.027827
733 2016-01-15 19 46 45.465 -1.038936 -0.009086
734 2016-01-15 19 46 45.498 -0.898164 -0.004824
735 2016-01-15 19 46 45.532 -0.808404 0.012667
736 2016-01-15 19 46 45.565 -0.717701 0.009976
737 2016-01-15 19 46 45.598 -0.676329 0.011042
738 2016-01-15 19 46 45.632 -0.490262 0.026261
739 2016-01-15 19 46 45.665 -0.436033 0.020956
740 2016-01-15 19 46 45.700 -0.356293 0.030794
741 2016-01-15 19 46 45.732 -0.326361 0.020088
742 2016-01-15 19 46 45.765 -0.328263 0.027396
743 2016-01-15 19 46 45.799 -0.334363 0.032917
744 2016-01-15 19 46 45.831 -0.318401 0.032487
745 2016-01-15 19 46 45.865 -0.354571 0.029042
746 2016-01-15 19 46 45.899 -0.310873 0.028986
747 2016-01-15 19 46 45.931 -0.239796 0.017938
748 2016-01-15 19 46 45.965 -0.232268 0.030734
749 2016-01-15 19 46 45.998 -0.174495 0.029986
750 2016-01-15 19 46 46.032 -0.144571 0.033761
751 2016-01-15 19 46 46.065 -0.140569 0.032504
752 2016-01-15 19 46 46.099 -0.137261 0.030850
753 2016-01-15 19 46 46.132 -0.142884 0.025325
754 2016-01-15 19 46 46.165 -0.143497 0.017418
755 2016-01-15 19 46 46.199 -0.122469 0.027924
756 2016-01-15 19 46 46.232 -0.121796 0.023638
757 2016-01-15 19 46 46.264 -0.116782 0.032493
758 2016-01-15 19 46 46.299 -0.119906 0.030850
759 2016-01-15 19 46 46.331 -0.115892 0.023638
760 2016-01-15 19 46 46.365 -0.119906 0.025066
761 2016-01-15 19 46 46.399 -0.128801 0.014103
762 2016-01-15 19 46 46.431 -0.132609 0.026633
763 2016-01-15 19 46 46.465 -0.124040 0.022586
764 2016-01-15 19 46 46.498 -0.130651 0.014321
765 2016-01-15 19 46 46.531 -0.113362 0.025325
766 2016-01-15 19 46 46.565 -0.115771 0.038290
767 2016-01-15 19 46 46.600 -0.118598 0.020430
768 2016-01-15 19 46 46.631 -0.135119 0.023283
769 2016-01-15 19 46 46.665 -0.127464 0.028757
770 2016-01-15 19 46 46.700 -0.142884 0.018577
771 2016-01-15 19 46 46.732 -0.114121 0.020105
772 2016-01-15 19 46 46.764 -0.127230 0.030454
773 2016-01-15 19 46 46.799 -0.109987 0.031660
774 2016-01-15 19 46 46.831 -0.115084 0.029944
775 2016-01-15 19 46 46.865 -0.179261 0.038049
776 2016-01-15 19 46 46.898 -0.177389 0.029589
777 2016-01-15 19 46 46.931 -0.186958 0.029676
778 2016-01-15 19 46 46.965 -0.188739 0.030822
779 2016-01-15 19 46 46.998 -0.194072 0.033342
780 2016-01-15 19 46 47.031 -0.201521 0.032917
781 2016-01-15 19 46 47.065 -0.205306 0.020265
782 2016-01-15 19 46 47.098 -0.201931 0.027857
783 2016-01-15 19 46 47.132 -0.196868 0.028700
784 2016-01-15 19 46 47.165 -0.208177 0.014610
785 2016-01-15 19 46 47.198 -0.208846 0.029986
786 2016-01-15 19 46 47.231 -0.189870 0.026261
787 2016-01-15 19 46 47.264 -0.167843 0.028372
788 2016-01-15 19 46 47.299 -0.216889 0.022655
789 2016-01-15 19 46 47.332 -0.223601 0.020776
790 2016-01-15 19 46 47.365 -0.224466 0.024245
791 2016-01-15 19 46 47.397 -0.203618 0.026169
792 2016-01-15 19 46 47.431 -0.189333 0.015973
793 2016-01-15 19 46 47.465 -0.179885 0.021268
794 2016-01-15 19 46 47.498 -0.194031 0.020436
795 2016-01-15 19 46 47.531 -0.223222 0.021759
796 2016-01-15 19 46 47.565 -0.197955 0.018256
797 2016-01-15 19 46 47.598 -0.215078 0.023065
798 2016-01-15 19 46 47.631 -0.184045 0.025429
799 2016-01-15 19 46 47.664 -0.233989 0.018902
800 2016-01-15 19 46 47.698 -0.188435 0.020265
801 2016-01-15 19 46 47.732 -0.177009 0.019094
802 2016-01-15 19 46 47.764 -0.199169 0.027396
803 2016-01-15 19 46 47.798 -0.206809 0.026547
804 2016-01-15 19 46 47.831 -0.198319 0.023999
805 2016-01-15 19 46 47.865 -0.200018 0.029944
806 2016-01-15 19 46 47.898 -0.206512 0.015443
807 2016-01-15 19 46 47.931 -0.197714 0.018577
808 2016-01-15 19 46 47.965 -0.199169 0.024848
809 2016-01-15 19 46 47.998 -0.213469 0.023510
810 2016-01-15 19 46 48.031 -0.251879 0.022208
811 2016-01-15 19 46 48.066 -0.237477 0.024245
812 2016-01-15 19 46 48.098 -0.242547 0.012391
813 2016-01-15 19 46 48.131 -0.223925 0.017418
814 2016-01-15 19 46 48.164 -0.169899 0.023764
815 2016-01-15 19 46 48.198 -0.242615 0.016986
816 2016-01-15 19 46 48.231 -0.216152 0.026547
817 2016-01-15 19 46 48.265 -0.222876 0.017523
818 2016-01-15 19 46 48.298 -0.190081 0.022152
819 2016-01-15 19 46 48.331 -0.190942 0.019568
820 2016-01-15 19 46 48.365 -0.181895 0.030850
821 2016-01-15 19 46 48.398 -0.178588 0.016800
822 2016-01-15 19 46 48.430 -0.210365 0.027013
823 2016-01-15 19 46 48.465 -0.208508 0.014855
824 2016-01-15 19 46 48.497 -0.194756 0.016123
825 2016-01-15 19 46 48.530 -0.176795 0.014002
826 2016-01-15 19 46 48.564 -0.198793 0.014906
827 2016-01-15 19 46 48.598 -0.175615 0.018333
828 2016-01-15 19 46 48.630 -0.181414 0.017318
829 2016-01-15 19 46 48.665 -0.179667 0.020765
830 2016-01-15 19 46 48.697 -0.198657 0.025528
831 2016-01-15 19 46 48.731 -0.208177 0.022099
832 2016-01-15 19 46 48.764 -0.188807 0.022244
833 2016-01-15 19 46 48.798 -0.190731 0.017829
834 2016-01-15 19 46 48.831 -0.171973 0.016198
835 2016-01-15 19 46 48.865 -0.211357 0.008203
836 2016-01-15 19 46 48.898 -0.209489 0.012936
837 2016-01-15 19 46 48.930 -0.202998 0.010095
838 2016-01-15 19 46 48.965 -0.191810 0.025325
839 2016-01-15 19 46 49.000 -0.188284 0.013752
840 2016-01-15 19 46 49.030 -0.183880 0.022300
841 2016-01-15 19 46 49.064 -0.186856 0.019280
842 2016-01-15 19 46 49.097 -0.152426 0.025429
843 2016-01-15 19 46 49.131 -0.164175 0.023065
844 2016-01-15 19 46 49.164 -0.195948 0.010187
845 2016-01-15 19 46 49.197 -0.210519 0.010717
846 2016-01-15 19 46 49.232 -0.194294 0.020932
847 2016-01-15 19 46 49.263 -0.169876 0.015204
848 2016-01-15 19 46 49.298 -0.177761 0.021759
849 2016-01-15 19 46 49.331 -0.190942 0.017846
850 2016-01-15 19 46 49.365 -0.176555 0.027092
851 2016-01-15 19 46 49.397 -0.195181 0.023638
852 2016-01-15 19 46 49.430 -0.197838 0.018961
853 2016-01-15 19 46 49.465 -0.187469 0.030878
854 2016-01-15 19 46 49.498 -0.219550 0.022300
855 2016-01-15 19 46 49.530 -0.187277 0.030794
856 2016-01-15 19 46 49.564 -0.185902 0.019421
857 2016-01-15 19 46 49.597 -0.220659 0.018771
858 2016-01-15 19 46 49.630 -0.181685 0.040509
859 2016-01-15 19 46 49.666 -0.179776 0.027992
860 2016-01-15 19 46 49.696 -0.212195 0.027471
861 2016-01-15 19 46 49.732 -0.224763 0.032498
862 2016-01-15 19 46 49.763 -0.189825 0.018902
863 2016-01-15 19 46 49.797 -0.177934 0.029944
864 2016-01-15 19 46 49.830 -0.206332 0.034174
865 2016-01-15 19 46 49.864 -0.213033 0.015744
866 2016-01-15 19 46 49.897 -0.193467 0.019280
867 2016-01-15 19 46 49.930 -0.196196 0.022244
868 2016-01-15 19 46 49.963 -0.205227 0.018961
869 2016-01-15 19 46 49.997 -0.208846 0.021607
870 2016-01-15 19 46 50.030 -0.198424 0.008535
871 2016-01-15 19 46 50.064 -0.181414 0.020601
872 2016-01-15 19 46 50.096 -0.173229 0.035413
873 2016-01-15 19 46 50.131 -0.184699 0.029632
874 2016-01-15 19 46 50.163 -0.157290 0.019461
875 2016-01-15 19 46 50.197 -0.172838 0.029095
876 2016-01-15 19 46 50.232 -0.164630 0.030063
877 2016-01-15 19 46 50.264 -0.195771 0.029944
878 2016-01-15 19 46 50.297 -0.143271 0.027092
879 2016-01-15 19 46 50.330 -0.163352 0.031275
880 2016-01-15 19 46 50.364 -0.178783 0.033342
881 2016-01-15 19 46 50.397 -0.180362 0.031660
882 2016-01-15 19 46 50.430 -0.182906 0.019143
883 2016-01-15 19 46 50.463 -0.193178 0.015383
884 2016-01-15 19 46 50.497 -0.179997 0.016046
885 2016-01-15 19 46 50.531 -0.187679 0.020105
886 2016-01-15 19 46 50.563 -0.215078 0.009108
887 2016-01-15 19 46 50.597 -0.177468 0.016890
888 2016-01-15 19 46 50.630 -0.199022 0.016275
889 2016-01-15 19 46 50.663 -0.182098 0.015093
890 2016-01-15 19 46 50.697 -0.178855 0.014282
891 2016-01-15 19 46 50.731 -0.195948 0.017627
892 2016-01-15 19 46 50.763 -0.160255 0.026633
893 2016-01-15 19 46 50.796 -0.218802 0.024482
894 2016-01-15 19 46 50.831 -0.182576 0.021092
895 2016-01-15 19 46 50.863 -0.160552 0.021907
896 2016-01-15 19 46 50.896 -0.182098 0.025626
897 2016-01-15 19 46 50.930 -0.186029 0.019280
898 2016-01-15 19 46 50.963 -0.165366 0.029198
899 2016-01-15 19 46 50.999 -0.173229 0.035413
900 2016-01-15 19 46 51.030 -0.196027 0.030386
901 2016-01-15 19 46 51.063 -0.168670 0.025066
902 2016-01-15 19 46 51.096 -0.166956 0.034174
903 2016-01-15 19 46 51.130 -0.158068 0.032917
904 2016-01-15 19 46 51.163 -0.176626 0.024482
905 2016-01-15 19 46 51.196 -0.163243 0.035413
906 2016-01-15 19 46 51.232 -0.192088 0.024959
907 2016-01-15 19 46 51.263 -0.215664 0.029589
908 2016-01-15 19 46 51.296 -0.215303 0.028246
909 2016-01-15 19 46 51.331 -0.197361 0.023764
910 2016-01-15 19 46 51.363 -0.183057 0.022244
911 2016-01-15 19 46 51.397 -0.182530 0.019421
912 2016-01-15 19 46 51.430 -0.205772 0.034627
913 2016-01-15 19 46 51.463 -0.209192 0.020943
914 2016-01-15 19 46 51.498 -0.175333 0.029148
915 2016-01-15 19 46 51.530 -0.225650 0.019603
916 2016-01-15 19 46 51.563 -0.219264 0.019042
917 2016-01-15 19 46 51.597 -0.197443 0.024886
918 2016-01-15 19 46 51.629 -0.171139 0.013808
919 2016-01-15 19 46 51.663 -0.194602 0.024959
920 2016-01-15 19 46 51.696 -0.177310 0.015676
921 2016-01-15 19 46 51.731 -0.205682 0.032085
922 2016-01-15 19 46 51.762 -0.189626 0.025528
923 2016-01-15 19 46 51.796 -0.207343 0.027092
924 2016-01-15 19 46 51.830 -0.207689 0.023886
925 2016-01-15 19 46 51.863 -0.182237 0.023065
926 2016-01-15 19 46 51.897 -0.195373 0.020601
927 2016-01-15 19 46 51.929 -0.195440 0.027471
928 2016-01-15 19 46 51.962 -0.198793 0.014906
929 2016-01-15 19 46 51.997 -0.209357 0.021451
930 2016-01-15 19 46 52.031 -0.195869 0.020765
931 2016-01-15 19 46 52.062 -0.217438 0.010187
932 2016-01-15 19 46 52.096 -0.194339 0.027857
933 2016-01-15 19 46 52.129 -0.194862 0.031252
934 2016-01-15 19 46 52.163 -0.194922 0.029095
935 2016-01-15 19 46 52.196 -0.211905 0.026547
936 2016-01-15 19 46 52.231 -0.181196 0.029148
937 2016-01-15 19 46 52.264 -0.194031 0.033750
938 2016-01-15 19 46 52.299 -0.207482 0.035482
939 2016-01-15 19 46 52.329 -0.216152 0.031643
940 2016-01-15 19 46 52.364 -0.190122 0.029542
941 2016-01-15 19 46 52.398 -0.176171 0.028310
942 2016-01-15 19 46 52.451 -0.206046 0.018140
943 2016-01-15 19 46 52.505 -0.207343 0.019603
944 2016-01-15 19 46 52.617 -0.206332 0.020770
945 2016-01-15 19 46 52.652 -0.176171 0.024121
946 2016-01-15 19 46 52.696 -0.188668 0.025220
947 2016-01-15 19 46 52.733 -0.216269 0.037134
948 2016-01-15 19 46 52.823 -0.231392 0.024619
949 2016-01-15 19 46 52.855 -0.238270 0.025220
950 2016-01-15 19 46 52.889 -0.239086 0.022300
951 2016-01-15 19 46 52.908 -0.225390 0.031626
952 2016-01-15 19 46 52.938 -0.202998 0.025598
953 2016-01-15 19 46 52.962 -0.222876 0.033772
954 2016-01-15 19 46 52.997 -0.201717 0.031643
955 2016-01-15 19 46 53.029 -0.215427 0.027857
956 2016-01-15 19 46 53.064 -0.214581 0.034605
957 2016-01-15 19 46 53.097 -0.205110 0.026547
958 2016-01-15 19 46 53.131 -0.210207 0.027396
959 2016-01-15 19 46 53.163 -0.202141 0.023283
960 2016-01-15 19 46 53.200 -0.208685 0.037720
961 2016-01-15 19 46 53.230 -0.208677 0.033761
962 2016-01-15 19 46 53.263 -0.199702 0.021907
963 2016-01-15 19 46 53.296 -0.185203 0.029198
964 2016-01-15 19 46 53.330 -0.189577 0.027471
965 2016-01-15 19 46 53.363 -0.215916 0.036792
966 2016-01-15 19 46 53.396 -0.202138 0.029042
967 2016-01-15 19 46 53.430 -0.204062 0.028640
968 2016-01-15 19 46 53.463 -0.215427 0.025325
969 2016-01-15 19 46 53.497 -0.202762 0.021422
970 2016-01-15 19 46 53.529 -0.221249 0.031643
971 2016-01-15 19 46 53.563 -0.226251 0.023875
972 2016-01-15 19 46 53.596 -0.236515 0.021952
973 2016-01-15 19 46 53.630 -0.190701 0.027924
974 2016-01-15 19 46 53.662 -0.208677 0.033761
975 2016-01-15 19 46 53.696 -0.244336 0.020430
976 2016-01-15 19 46 53.730 -0.182380 0.022931
977 2016-01-15 19 46 53.763 -0.212052 0.024482
978 2016-01-15 19 46 53.796 -0.217115 0.021952
979 2016-01-15 19 46 53.829 -0.205580 0.017846
980 2016-01-15 19 46 53.864 -0.220223 0.019568
981 2016-01-15 19 46 53.896 -0.214581 0.022794
982 2016-01-15 19 46 53.928 -0.199169 0.018053
983 2016-01-15 19 46 53.963 -0.198424 0.020105
984 2016-01-15 19 46 54.000 -0.223733 0.020943
985 2016-01-15 19 46 54.035 -0.210049 0.032062
986 2016-01-15 19 46 54.063 -0.204460 0.028700
987 2016-01-15 19 46 54.096 -0.207343 0.025429
988 2016-01-15 19 46 54.129 -0.214454 0.025698
989 2016-01-15 19 46 54.163 -0.218994 0.032085
990 2016-01-15 19 46 54.196 -0.197361 0.023764
991 2016-01-15 19 46 54.231 -0.234008 0.023377
992 2016-01-15 19 46 54.265 -0.227070 0.027714
993 2016-01-15 19 46 54.296 -0.209887 0.025598
994 2016-01-15 19 46 54.329 -0.210823 0.016800
995 2016-01-15 19 46 54.363 -0.204062 0.035482
996 2016-01-15 19 46 54.395 -0.206693 0.019280
997 2016-01-15 19 46 54.429 -0.213740 0.020265
998 2016-01-15 19 46 54.463 -0.215671 0.019380
999 2016-01-15 19 46 54.496 -0.200867 0.031643
1000 2016-01-15 19 46 54.529 -0.190415 0.025797
1001 2016-01-15 19 46 54.563 -0.202570 0.015886
1002 2016-01-15 19 46 54.596 -0.228863 0.019233
1003 2016-01-15 19 46 54.630 -0.194602 0.012391
1004 2016-01-15 19 46 54.665 -0.213740 0.016890
1005 2016-01-15 19 46 54.696 -0.228078 0.014361
1006 2016-01-15 19 46 54.729 -0.233989 0.011260
1007 2016-01-15 19 46 54.764 -0.216152 0.023149
1008 2016-01-15 19 46 54.796 -0.208177 0.026261
1009 2016-01-15 19 46 54.829 -0.194339 0.031230
1010 2016-01-15 19 46 54.863 -0.192088 0.030352
1011 2016-01-15 19 46 54.896 -0.223601 0.032049
1012 2016-01-15 19 46 54.929 -0.176051 0.017829
1013 2016-01-15 19 46 54.962 -0.199169 0.029944
1014 2016-01-15 19 46 54.996 -0.212338 0.018771
1015 2016-01-15 19 46 55.030 -0.213740 0.016890
1016 2016-01-15 19 46 55.062 -0.193493 0.016046
1017 2016-01-15 19 46 55.096 -0.177310 0.019780
1018 2016-01-15 19 46 55.130 -0.206148 0.018577
1019 2016-01-15 19 46 55.163 -0.229742 0.023149
1020 2016-01-15 19 46 55.195 -0.205039 0.019280
1021 2016-01-15 19 46 55.230 -0.151039 0.026633
1022 2016-01-15 19 46 55.264 -0.202979 0.026633
1023 2016-01-15 19 46 55.297 -0.193200 0.020436
1024 2016-01-15 19 46 55.329 -0.171139 0.020601
1025 2016-01-15 19 46 55.362 -0.175284 0.012667
1026 2016-01-15 19 46 55.397 -0.176111 0.010187
1027 2016-01-15 19 46 55.429 -0.191813 0.022586
1028 2016-01-15 19 46 55.463 -0.195696 0.013778
1029 2016-01-15 19 46 55.497 -0.186653 0.020276
1030 2016-01-15 19 46 55.530 -0.174382 0.019635
1031 2016-01-15 19 46 55.563 -0.193467 0.026718
1032 2016-01-15 19 46 55.596 -0.206227 0.018645
1033 2016-01-15 19 46 55.630 -0.189277 0.022794
1034 2016-01-15 19 46 55.662 -0.201521 0.019603
1035 2016-01-15 19 46 55.696 -0.198530 0.018831
1036 2016-01-15 19 46 55.730 -0.183030 0.021451
1037 2016-01-15 19 46 55.763 -0.183549 0.033331
1038 2016-01-15 19 46 55.796 -0.192640 0.026718
1039 2016-01-15 19 46 55.829 -0.191547 0.022723
1040 2016-01-15 19 46 55.862 -0.176051 0.022723
1041 2016-01-15 19 46 55.902 -0.191269 0.018961
1042 2016-01-15 19 46 55.930 -0.181068 0.025066
1043 2016-01-15 19 46 55.962 -0.183214 0.031252
1044 2016-01-15 19 46 55.996 -0.169876 0.024482
1045 2016-01-15 19 46 56.033 -0.183711 0.015744
1046 2016-01-15 19 46 56.062 -0.180595 0.010751
1047 2016-01-15 19 46 56.096 -0.206693 0.014321
1048 2016-01-15 19 46 56.130 -0.201931 0.021952
1049 2016-01-15 19 46 56.162 -0.201521 0.017108
1050 2016-01-15 19 46 56.195 -0.221083 0.026459
1051 2016-01-15 19 46 56.229 -0.190160 0.015973
1052 2016-01-15 19 46 56.264 -0.165193 0.023999
1053 2016-01-15 19 46 56.295 -0.197222 0.016668
1054 2016-01-15 19 46 56.329 -0.207482 0.034627
1055 2016-01-15 19 46 56.362 -0.189870 0.022099
1056 2016-01-15 19 46 56.396 -0.232272 0.015573
1057 2016-01-15 19 46 56.429 -0.212052 0.012673
1058 2016-01-15 19 46 56.462 -0.229788 0.017418
1059 2016-01-15 19 46 56.496 -0.179667 0.018333
1060 2016-01-15 19 46 56.530 -0.186225 0.015744
1061 2016-01-15 19 46 56.562 -0.198191 0.014610
1062 2016-01-15 19 46 56.595 -0.196620 0.015507
1063 2016-01-15 19 46 56.630 -0.191547 0.024354
1064 2016-01-15 19 46 56.662 -0.203385 0.007708
1065 2016-01-15 19 46 56.696 -0.219276 0.015383
1066 2016-01-15 19 46 56.729 -0.177389 0.016275
1067 2016-01-15 19 46 56.763 -0.194294 0.025891
1068 2016-01-15 19 46 56.795 -0.186428 0.030794
1069 2016-01-15 19 46 56.829 -0.177848 0.039201
1070 2016-01-15 19 46 56.862 -0.180944 0.018645
1071 2016-01-15 19 46 56.896 -0.203412 0.022300
1072 2016-01-15 19 46 56.929 -0.183880 0.014855
1073 2016-01-15 19 46 56.962 -0.209008 0.027924
1074 2016-01-15 19 46 56.996 -0.196027 0.023638
1075 2016-01-15 19 46 57.030 -0.197256 0.025169
1076 2016-01-15 19 46 57.061 -0.200642 0.019233
1077 2016-01-15 19 46 57.096 -0.198556 0.027857
1078 2016-01-15 19 46 57.129 -0.206148 0.021952
1079 2016-01-15 19 46 57.162 -0.204017 0.030422
1080 2016-01-15 19 46 57.196 -0.207170 0.029148
1081 2016-01-15 19 46 57.229 -0.185710 0.022931
1082 2016-01-15 19 46 57.262 -0.174939 0.030386
1083 2016-01-15 19 46 57.296 -0.188739 0.015744
1084 2016-01-15 19 46 57.329 -0.188435 0.032917
1085 2016-01-15 19 46 57.361 -0.183030 0.035890
1086 2016-01-15 19 46 57.396 -0.197470 0.034191
1087 2016-01-15 19 46 57.429 -0.208508 0.014034
1088 2016-01-15 19 46 57.463 -0.196868 0.033761
1089 2016-01-15 19 46 57.495 -0.198319 0.035890
1090 2016-01-15 19 46 57.531 -0.200732 0.022385
1091 2016-01-15 19 46 57.562 -0.190122 0.024482
1092 2016-01-15 19 46 57.596 -0.203412 0.021451
1093 2016-01-15 19 46 57.629 -0.224763 0.029148
1094 2016-01-15 19 46 57.663 -0.186856 0.033331
1095 2016-01-15 19 46 57.695 -0.204847 0.028757
1096 2016-01-15 19 46 57.731 -0.184549 0.029148
1097 2016-01-15 19 46 57.762 -0.202352 0.027785
1098 2016-01-15 19 46 57.797 -0.238270 0.020943
1099 2016-01-15 19 46 57.829 -0.220223 0.026459
1100 2016-01-15 19 46 57.862 -0.179885 0.039573
1101 2016-01-15 19 46 57.896 -0.175333 0.029148
1102 2016-01-15 19 46 57.928 -0.186029 0.034158
1103 2016-01-15 19 46 57.962 -0.197470 0.041836
1104 2016-01-15 19 46 57.996 -0.192945 0.046601
1105 2016-01-15 19 46 58.030 -0.214194 0.039376
1106 2016-01-15 19 46 58.062 -0.188206 0.032917
1107 2016-01-15 19 46 58.095 -0.221410 0.035013
1108 2016-01-15 19 46 58.129 -0.209523 0.032917
1109 2016-01-15 19 46 58.162 -0.208508 0.031275
1110 2016-01-15 19 46 58.198 -0.212894 0.034605
1111 2016-01-15 19 46 58.229 -0.196109 0.045404
1112 2016-01-15 19 46 58.261 -0.208846 0.029986
1113 2016-01-15 19 46 58.297 -0.227070 0.042458
1114 2016-01-15 19 46 58.329 -0.234001 0.032487
1115 2016-01-15 19 46 58.362 -0.200905 0.030025
1116 2016-01-15 19 46 58.396 -0.221410 0.028310
1117 2016-01-15 19 46 58.429 -0.226984 0.034676
1118 2016-01-15 19 46 58.461 -0.226202 0.041590
1119 2016-01-15 19 46 58.496 -0.214326 0.046601
1120 2016-01-15 19 46 58.529 -0.179524 0.040876
1121 2016-01-15 19 46 58.562 -0.194922 0.038438
1122 2016-01-15 19 46 58.595 -0.213788 0.036435
1123 2016-01-15 19 46 58.629 -0.188976 0.039288
1124 2016-01-15 19 46 58.662 -0.198932 0.044891
1125 2016-01-15 19 46 58.696 -0.195181 0.037134
1126 2016-01-15 19 46 58.728 -0.202141 0.033336
1127 2016-01-15 19 46 58.763 -0.201303 0.033336
1128 2016-01-15 19 46 58.796 -0.198319 0.033342
1129 2016-01-15 19 46 58.828 -0.204460 0.034605
1130 2016-01-15 19 46 58.862 -0.199631 0.039201
1131 2016-01-15 19 46 58.896 -0.196620 0.039288
1132 2016-01-15 19 46 58.928 -0.198191 0.031252
1133 2016-01-15 19 46 58.961 -0.193493 0.032074
1134 2016-01-15 19 46 59.000 -0.176111 0.031677
1135 2016-01-15 19 46 59.036 -0.187984 0.024707
1136 2016-01-15 19 46 59.061 -0.169899 0.039573
1137 2016-01-15 19 46 59.095 -0.171564 0.033738
1138 2016-01-15 19 46 59.128 -0.185522 0.029632
1139 2016-01-15 19 46 59.163 -0.192652 0.041353
1140 2016-01-15 19 46 59.195 -0.185203 0.027545
1141 2016-01-15 19 46 59.228 -0.189577 0.031660
1142 2016-01-15 19 46 59.261 -0.211210 0.021109
1143 2016-01-15 19 46 59.296 -0.194339 0.035448
1144 2016-01-15 19 46 59.328 -0.194655 0.036337
1145 2016-01-15 19 46 59.365 -0.217193 0.036905
1146 2016-01-15 19 46 59.397 -0.191250 0.030822
1147 2016-01-15 19 46 59.428 -0.199856 0.030422
1148 2016-01-15 19 46 59.462 -0.191269 0.031275
1149 2016-01-15 19 46 59.496 -0.203818 0.025797
1150 2016-01-15 19 46 59.529 -0.174458 0.030850
1151 2016-01-15 19 46 59.562 -0.177848 0.022445
1152 2016-01-15 19 46 59.595 -0.167076 0.026801
1153 2016-01-15 19 46 59.628 -0.196278 0.030822
1154 2016-01-15 19 46 59.663 -0.195181 0.038822
1155 2016-01-15 19 46 59.695 -0.179155 0.039665
1156 2016-01-15 19 46 59.728 -0.190445 0.030454
1157 2016-01-15 19 46 59.761 -0.160698 0.030100
1158 2016-01-15 19 46 59.797 -0.159578 0.036636
1159 2016-01-15 19 46 59.829 -0.201942 0.032096
1160 2016-01-15 19 46 59.861 -0.183391 0.036587
1161 2016-01-15 19 46 59.896 -0.183391 0.037403
1162 2016-01-15 19 46 59.928 -0.168234 0.028757
1163 2016-01-15 19 46 59.961 -0.200687 0.030422
1164 2016-01-15 19 46 59.996 -0.179155 0.029542
1165 2016-01-15 19 47 00.040 -0.174093 0.023638
1166 2016-01-15 19 47 00.077 -0.160405 0.027545
1167 2016-01-15 19 47 00.103 -0.176555 0.026261
1168 2016-01-15 19 47 00.129 -0.182681 0.026930
1169 2016-01-15 19 47 00.162 -0.174059 0.022099
1170 2016-01-15 19 47 00.195 -0.199631 0.019094
1171 2016-01-15 19 47 00.228 -0.194602 0.023283
1172 2016-01-15 19 47 00.262 -0.194809 0.033325
1173 2016-01-15 19 47 00.296 -0.173229 0.036245
1174 2016-01-15 19 47 00.328 -0.180595 0.030454
1175 2016-01-15 19 47 00.362 -0.194553 0.027992
1176 2016-01-15 19 47 00.396 -0.162532 0.030454
1177 2016-01-15 19 47 00.429 -0.170323 0.039117
1178 2016-01-15 19 47 00.463 -0.184376 0.039943
1179 2016-01-15 19 47 00.497 -0.184549 0.040037
1180 2016-01-15 19 47 00.528 -0.207482 0.027785
1181 2016-01-15 19 47 00.562 -0.174458 0.030850
1182 2016-01-15 19 47 00.595 -0.186541 0.026261
1183 2016-01-15 19 47 00.627 -0.180362 0.036687
1184 2016-01-15 19 47 00.662 -0.182237 0.035381
1185 2016-01-15 19 47 00.695 -0.157741 0.030822
1186 2016-01-15 19 47 00.728 -0.152712 0.031660
1187 2016-01-15 19 47 00.762 -0.192366 0.032917
1188 2016-01-15 19 47 00.797 -0.198932 0.032917
1189 2016-01-15 19 47 00.828 -0.185710 0.037910
1190 2016-01-15 19 47 00.861 -0.196526 0.030422
1191 2016-01-15 19 47 00.894 -0.194072 0.035890
1192 2016-01-15 19 47 00.928 -0.173657 0.045902
1193 2016-01-15 19 47 00.961 -0.167794 0.035849
1194 2016-01-15 19 47 00.994 -0.188739 0.030822
1195 2016-01-15 19 47 01.027 -0.184876 0.032085
1196 2016-01-15 19 47 01.062 -0.183372 0.035448
1197 2016-01-15 19 47 01.094 -0.196027 0.034605
1198 2016-01-15 19 47 01.127 -0.190122 0.030386
1199 2016-01-15 19 47 01.163 -0.182872 0.037525
1200 2016-01-15 19 47 01.194 -0.179997 0.029542
1201 2016-01-15 19 47 01.227 -0.182034 0.034174
1202 2016-01-15 19 47 01.262 -0.173251 0.034605
1203 2016-01-15 19 47 01.296 -0.184549 0.033336
1204 2016-01-15 19 47 01.327 -0.200078 0.030025
1205 2016-01-15 19 47 01.361 -0.173631 0.034984
1206 2016-01-15 19 47 01.394 -0.165892 0.039398
1207 2016-01-15 19 47 01.428 -0.181550 0.029589
1208 2016-01-15 19 47 01.461 -0.172421 0.034627
1209 2016-01-15 19 47 01.494 -0.169470 0.034174
1210 2016-01-15 19 47 01.528 -0.173687 0.029944
1211 2016-01-15 19 47 01.561 -0.181286 0.027246
1212 2016-01-15 19 47 01.595 -0.147014 0.022856
1213 2016-01-15 19 47 01.628 -0.195440 0.037525
1214 2016-01-15 19 47 01.662 -0.147687 0.033336
1215 2016-01-15 19 47 01.694 -0.171146 0.037525
1216 2016-01-15 19 47 01.727 -0.193200 0.038743
1217 2016-01-15 19 47 01.764 -0.174025 0.036202
1218 2016-01-15 19 47 01.796 -0.164539 0.034984
1219 2016-01-15 19 47 01.827 -0.179776 0.035381
1220 2016-01-15 19 47 01.861 -0.158921 0.032509
1221 2016-01-15 19 47 01.894 -0.164442 0.035849
1222 2016-01-15 19 47 01.928 -0.167016 0.026718
1223 2016-01-15 19 47 01.961 -0.164175 0.031275
1224 2016-01-15 19 47 01.994 -0.195373 0.032096
1225 2016-01-15 19 47 02.028 -0.152396 0.026801
1226 2016-01-15 19 47 02.063 -0.172383 0.028811
1227 2016-01-15 19 47 02.094 -0.178047 0.035347
1228 2016-01-15 19 47 02.128 -0.179212 0.028490
1229 2016-01-15 19 47 02.161 -0.186029 0.027545
1230 2016-01-15 19 47 02.194 -0.168670 0.030850
1231 2016-01-15 19 47 02.227 -0.188807 0.031275
1232 2016-01-15 19 47 02.262 -0.164073 0.034582
1233 2016-01-15 19 47 02.295 -0.171146 0.034174
1234 2016-01-15 19 47 02.328 -0.167403 0.033750
1235 2016-01-15 19 47 02.361 -0.137446 0.027924
1236 2016-01-15 19 47 02.394 -0.164442 0.038363
1237 2016-01-15 19 47 02.456 -0.169523 0.037403
1238 2016-01-15 19 47 02.475 -0.174382 0.031709
1239 2016-01-15 19 47 02.503 -0.163461 0.025626
1240 2016-01-15 19 47 02.528 -0.180944 0.019461
1241 2016-01-15 19 47 02.562 -0.166193 0.034984
1242 2016-01-15 19 47 02.594 -0.165892 0.022385
1243 2016-01-15 19 47 02.628 -0.167892 0.031694
1244 2016-01-15 19 47 02.661 -0.198556 0.028700
1245 2016-01-15 19 47 02.694 -0.167016 0.028372
1246 2016-01-15 19 47 02.728 -0.169102 0.025528
1247 2016-01-15 19 47 02.762 -0.162998 0.033325
1248 2016-01-15 19 47 02.796 -0.171564 0.032096
1249 2016-01-15 19 47 02.829 -0.168670 0.025891
1250 2016-01-15 19 47 02.862 -0.188284 0.023538
1251 2016-01-15 19 47 02.894 -0.200687 0.027924
1252 2016-01-15 19 47 02.928 -0.171146 0.019094
1253 2016-01-15 19 47 02.961 -0.197015 0.021422
1254 2016-01-15 19 47 02.994 -0.155448 0.024239
1255 2016-01-15 19 47 03.027 -0.207516 0.022586
1256 2016-01-15 19 47 03.061 -0.175236 0.027616
1257 2016-01-15 19 47 03.094 -0.171564 0.023886
1258 2016-01-15 19 47 03.127 -0.204460 0.017734
1259 2016-01-15 19 47 03.161 -0.176111 0.028372
1260 2016-01-15 19 47 03.194 -0.179313 0.027616
1261 2016-01-15 19 47 03.227 -0.191535 0.032917
1262 2016-01-15 19 47 03.261 -0.194602 0.025797
1263 2016-01-15 19 47 03.294 -0.187901 0.031660
1264 2016-01-15 19 47 03.330 -0.172838 0.035890
1265 2016-01-15 19 47 03.360 -0.180242 0.028372
1266 2016-01-15 19 47 03.394 -0.190445 0.031275
1267 2016-01-15 19 47 03.428 -0.182906 0.015903
1268 2016-01-15 19 47 03.461 -0.163814 0.025985
1269 2016-01-15 19 47 03.497 -0.197015 0.031275
1270 2016-01-15 19 47 03.528 -0.149660 0.034984
1271 2016-01-15 19 47 03.561 -0.186856 0.026718
1272 2016-01-15 19 47 03.594 -0.171977 0.024239
1273 2016-01-15 19 47 03.627 -0.173206 0.031275
1274 2016-01-15 19 47 03.662 -0.169523 0.030063
1275 2016-01-15 19 47 03.695 -0.141606 0.041238
1276 2016-01-15 19 47 03.728 -0.187375 0.017108
1277 2016-01-15 19 47 03.761 -0.170357 0.018831
1278 2016-01-15 19 47 03.795 -0.153170 0.025720
1279 2016-01-15 19 47 03.828 -0.158428 0.026350
1280 2016-01-15 19 47 03.861 -0.177468 0.034605
1281 2016-01-15 19 47 03.894 -0.193956 0.014524
1282 2016-01-15 19 47 03.928 -0.167794 0.032498
1283 2016-01-15 19 47 03.961 -0.152930 0.024004
1284 2016-01-15 19 47 03.998 -0.194072 0.023999
1285 2016-01-15 19 47 04.031 -0.187375 0.032085
1286 2016-01-15 19 47 04.062 -0.190675 0.030794
1287 2016-01-15 19 47 04.094 -0.192640 0.034984
1288 2016-01-15 19 47 04.127 -0.181068 0.034984
1289 2016-01-15 19 47 04.161 -0.196027 0.037978
1290 2016-01-15 19 47 04.195 -0.181068 0.039117
1291 2016-01-15 19 47 04.227 -0.180715 0.030422
1292 2016-01-15 19 47 04.263 -0.174458 0.034984
1293 2016-01-15 19 47 04.295 -0.178686 0.037525
1294 2016-01-15 19 47 04.328 -0.182530 0.035448
1295 2016-01-15 19 47 04.361 -0.179667 0.024814
1296 2016-01-15 19 47 04.394 -0.192911 0.032096
1297 2016-01-15 19 47 04.428 -0.173995 0.021575
1298 2016-01-15 19 47 04.463 -0.192640 0.030025
1299 2016-01-15 19 47 04.500 -0.192088 0.020601
1300 2016-01-15 19 47 04.528 -0.186541 0.024596
1301 2016-01-15 19 47 04.561 -0.191813 0.029198
1302 2016-01-15 19 47 04.595 -0.185710 0.035413
1303 2016-01-15 19 47 04.628 -0.214194 0.029903
1304 2016-01-15 19 47 04.663 -0.182872 0.035849
1305 2016-01-15 19 47 04.694 -0.205960 0.022300
1306 2016-01-15 19 47 04.727 -0.191535 0.031252
1307 2016-01-15 19 47 04.761 -0.190987 0.030025
1308 2016-01-15 19 47 04.794 -0.202149 0.028432
1309 2016-01-15 19 47 04.829 -0.183718 0.032917
1310 2016-01-15 19 47 04.861 -0.172838 0.040986
1311 2016-01-15 19 47 04.894 -0.181895 0.029198
1312 2016-01-15 19 47 04.928 -0.199022 0.021268
1313 2016-01-15 19 47 04.962 -0.193178 0.028432
1314 2016-01-15 19 47 04.994 -0.210519 0.031660
1315 2016-01-15 19 47 05.027 -0.187063 0.039201
1316 2016-01-15 19 47 05.062 -0.180242 0.025066
1317 2016-01-15 19 47 05.094 -0.207042 0.019461
1318 2016-01-15 19 47 05.128 -0.187589 0.025325
1319 2016-01-15 19 47 05.163 -0.182872 0.035849
1320 2016-01-15 19 47 05.195 -0.199785 0.031207
1321 2016-01-15 19 47 05.227 -0.198932 0.029497
1322 2016-01-15 19 47 05.262 -0.186454 0.024465
1323 2016-01-15 19 47 05.295 -0.190757 0.027319
1324 2016-01-15 19 47 05.328 -0.214957 0.019280
1325 2016-01-15 19 47 05.361 -0.208846 0.020770
1326 2016-01-15 19 47 05.395 -0.201521 0.032917
1327 2016-01-15 19 47 05.428 -0.228115 0.024121
1328 2016-01-15 19 47 05.461 -0.182237 0.023065
1329 2016-01-15 19 47 05.494 -0.185387 0.027471
1330 2016-01-15 19 47 05.528 -0.200905 0.017627
1331 2016-01-15 19 47 05.561 -0.202352 0.021268
1332 2016-01-15 19 47 05.594 -0.179415 0.025066
1333 2016-01-15 19 47 05.628 -0.191250 0.029148
1334 2016-01-15 19 47 05.661 -0.164630 0.030878
1335 2016-01-15 19 47 05.696 -0.176867 0.032509
1336 2016-01-15 19 47 05.727 -0.208673 0.023538
1337 2016-01-15 19 47 05.761 -0.205494 0.024121
1338 2016-01-15 19 47 05.795 -0.198556 0.027013
1339 2016-01-15 19 47 05.828 -0.201521 0.033750
1340 2016-01-15 19 47 05.860 -0.189626 0.025528
1341 2016-01-15 19 47 05.895 -0.192366 0.019603
1342 2016-01-15 19 47 05.927 -0.180475 0.023194
1343 2016-01-15 19 47 05.961 -0.177468 0.026169
1344 2016-01-15 19 47 05.994 -0.173206 0.027992
1345 2016-01-15 19 47 06.027 -0.173229 0.021268
1346 2016-01-15 19 47 06.061 -0.171139 0.031643
1347 2016-01-15 19 47 06.096 -0.175236 0.024354
1348 2016-01-15 19 47 06.128 -0.163713 0.020105
1349 2016-01-15 19 47 06.161 -0.159082 0.021268
1350 2016-01-15 19 47 06.195 -0.158770 0.019323
1351 2016-01-15 19 47 06.228 -0.162307 0.016416
1352 2016-01-15 19 47 06.261 -0.167460 0.022244
1353 2016-01-15 19 47 06.295 -0.176051 0.018645
1354 2016-01-15 19 47 06.328 -0.182722 0.025891
1355 2016-01-15 19 47 06.361 -0.197015 0.013212
1356 2016-01-15 19 47 06.394 -0.181550 0.023764
1357 2016-01-15 19 47 06.428 -0.187375 0.010450
1358 2016-01-15 19 47 06.461 -0.205592 0.019953
1359 2016-01-15 19 47 06.494 -0.177761 0.029198
1360 2016-01-15 19 47 06.527 -0.193730 0.024707
1361 2016-01-15 19 47 06.561 -0.214130 0.015146
1362 2016-01-15 19 47 06.594 -0.181414 0.027992
1363 2016-01-15 19 47 06.628 -0.182530 0.014361
1364 2016-01-15 19 47 06.661 -0.213168 0.015443
1365 2016-01-15 19 47 06.694 -0.195624 0.010489
1366 2016-01-15 19 47 06.728 -0.169132 0.024814
1367 2016-01-15 19 47 06.761 -0.182237 0.018961
1368 2016-01-15 19 47 06.795 -0.173229 0.026261
1369 2016-01-15 19 47 06.828 -0.168997 0.025220
1370 2016-01-15 19 47 06.862 -0.184876 0.022099
1371 2016-01-15 19 47 06.894 -0.191535 0.022931
1372 2016-01-15 19 47 06.928 -0.183549 0.013494
1373 2016-01-15 19 47 06.961 -0.195373 0.009929
1374 2016-01-15 19 47 06.994 -0.203585 0.014855
1375 2016-01-15 19 47 07.027 -0.222605 0.010232
1376 2016-01-15 19 47 07.061 -0.205227 0.029632
1377 2016-01-15 19 47 07.095 -0.201942 0.020601
1378 2016-01-15 19 47 07.128 -0.212075 0.015903
1379 2016-01-15 19 47 07.161 -0.218460 0.007227
1380 2016-01-15 19 47 07.195 -0.213871 0.012391
1381 2016-01-15 19 47 07.228 -0.224763 0.014906
1382 2016-01-15 19 47 07.261 -0.205866 0.015146
1383 2016-01-15 19 47 07.296 -0.209489 0.013752
1384 2016-01-15 19 47 07.330 -0.207170 0.014067
1385 2016-01-15 19 47 07.361 -0.217002 0.010411
1386 2016-01-15 19 47 07.395 -0.195121 0.022586
1387 2016-01-15 19 47 07.427 -0.224049 0.012667
1388 2016-01-15 19 47 07.462 -0.218900 0.011555
1389 2016-01-15 19 47 07.495 -0.225390 0.004067
1390 2016-01-15 19 47 07.528 -0.210673 0.015443
1391 2016-01-15 19 47 07.561 -0.228949 0.011555
1392 2016-01-15 19 47 07.595 -0.208508 0.018053
1393 2016-01-15 19 47 07.628 -0.188739 0.016580
1394 2016-01-15 19 47 07.661 -0.213604 0.004465
1395 2016-01-15 19 47 07.695 -0.187063 0.001501
1396 2016-01-15 19 47 07.729 -0.202352 0.014103
1397 2016-01-15 19 47 07.761 -0.182530 0.011829
1398 2016-01-15 19 47 07.794 -0.178133 0.020601
1399 2016-01-15 19 47 07.828 -0.221568 0.003576
1400 2016-01-15 19 47 07.861 -0.246452 0.006290
1401 2016-01-15 19 47 07.894 -0.213334 0.004067
1402 2016-01-15 19 47 07.927 -0.183711 0.021607
1403 2016-01-15 19 47 07.961 -0.186541 0.011282
1404 2016-01-15 19 47 07.996 -0.213924 0.007152
1405 2016-01-15 19 47 08.028 -0.216664 0.006898
1406 2016-01-15 19 47 08.061 -0.195440 0.021607
1407 2016-01-15 19 47 08.095 -0.171981 0.007364
1408 2016-01-15 19 47 08.128 -0.207516 0.006881
1409 2016-01-15 19 47 08.161 -0.240029 0.012679
1410 2016-01-15 19 47 08.195 -0.222098 0.006164
1411 2016-01-15 19 47 08.228 -0.163495 0.012959
1412 2016-01-15 19 47 08.261 -0.205580 0.010957
1413 2016-01-15 19 47 08.294 -0.200867 0.010411
1414 2016-01-15 19 47 08.328 -0.187277 0.010411
1415 2016-01-15 19 47 08.361 -0.185902 0.009298
1416 2016-01-15 19 47 08.394 -0.202562 0.001067
1417 2016-01-15 19 47 08.428 -0.163130 0.013517
1418 2016-01-15 19 47 08.462 -0.181828 0.017523
1419 2016-01-15 19 47 08.494 -0.196816 0.024501
1420 2016-01-15 19 47 08.527 -0.184729 0.018902
1421 2016-01-15 19 47 08.561 -0.205960 0.016356
1422 2016-01-15 19 47 08.594 -0.187901 0.015744
1423 2016-01-15 19 47 08.627 -0.227194 0.007862
1424 2016-01-15 19 47 08.661 -0.206809 0.010411
1425 2016-01-15 19 47 08.694 -0.193524 0.008374
1426 2016-01-15 19 47 08.728 -0.175236 0.017829
1427 2016-01-15 19 47 08.761 -0.186225 -0.003525
1428 2016-01-15 19 47 08.794 -0.197470 0.004465
1429 2016-01-15 19 47 08.828 -0.169440 -0.009975
1430 2016-01-15 19 47 08.861 -0.179261 0.004694
1431 2016-01-15 19 47 08.895 -0.225221 -0.001389
1432 2016-01-15 19 47 08.927 -0.200078 0.008535
1433 2016-01-15 19 47 08.963 -0.170308 0.011555
1434 2016-01-15 19 47 08.999 -0.178047 0.010232
1435 2016-01-15 19 47 09.032 -0.155869 0.010783
1436 2016-01-15 19 47 09.061 -0.163130 0.007612
1437 2016-01-15 19 47 09.094 -0.182181 0.006164
1438 2016-01-15 19 47 09.127 -0.181550 0.014610
1439 2016-01-15 19 47 09.161 -0.208846 0.004852
1440 2016-01-15 19 47 09.194 -0.198793 0.014906
1441 2016-01-15 19 47 09.228 -0.178855 0.015903
1442 2016-01-15 19 47 09.262 -0.177600 0.022856
1443 2016-01-15 19 47 09.295 -0.153501 0.019780
1444 2016-01-15 19 47 09.328 -0.151859 0.014034
1445 2016-01-15 19 47 09.361 -0.163814 0.011305
1446 2016-01-15 19 47 09.394 -0.220997 0.010367
1447 2016-01-15 19 47 09.428 -0.190378 0.023510
1448 2016-01-15 19 47 09.461 -0.197470 0.011260
1449 2016-01-15 19 47 09.493 -0.157880 0.014103
1450 2016-01-15 19 47 09.528 -0.140163 0.018645
1451 2016-01-15 19 47 09.560 -0.181828 0.021800
1452 2016-01-15 19 47 09.595 -0.149604 0.030764
1453 2016-01-15 19 47 09.629 -0.172819 0.014067
1454 2016-01-15 19 47 09.662 -0.182576 0.008043
1455 2016-01-15 19 47 09.693 -0.172819 0.006528
1456 2016-01-15 19 47 09.728 -0.126858 0.000864
1457 2016-01-15 19 47 09.760 -0.143497 -0.001013
1458 2016-01-15 19 47 09.793 -0.168707 0.013752
1459 2016-01-15 19 47 09.827 -0.163010 0.020088
1460 2016-01-15 19 47 09.862 -0.183214 0.013778
1461 2016-01-15 19 47 09.894 -0.147946 0.031230
1462 2016-01-15 19 47 09.927 -0.165445 0.017014
1463 2016-01-15 19 47 09.960 -0.151314 0.004403
1464 2016-01-15 19 47 09.994 -0.153738 0.002129
1465 2016-01-15 19 47 10.027 -0.141794 0.012121
1466 2016-01-15 19 47 10.060 -0.163352 0.018140
1467 2016-01-15 19 47 10.094 -0.135645 0.017523
1468 2016-01-15 19 47 10.127 -0.202352 0.014103
1469 2016-01-15 19 47 10.160 -0.170323 0.009362
1470 2016-01-15 19 47 10.193 -0.165817 0.006645
1471 2016-01-15 19 47 10.228 -0.155952 0.000829
1472 2016-01-15 19 47 10.260 -0.143271 0.000464
1473 2016-01-15 19 47 10.294 -0.134619 -0.004029
1474 2016-01-15 19 47 10.327 -0.137821 -0.002511
1475 2016-01-15 19 47 10.362 -0.119973 -0.005359
1476 2016-01-15 19 47 10.393 -0.119906 0.006055
1477 2016-01-15 19 47 10.427 -0.127824 0.007862
1478 2016-01-15 19 47 10.461 -0.139310 0.010717
1479 2016-01-15 19 47 10.493 -0.155448 0.010187
1480 2016-01-15 19 47 10.528 -0.179155 0.011829
1481 2016-01-15 19 47 10.560 -0.164442 0.011555
1482 2016-01-15 19 47 10.595 -0.122555 0.018256
1483 2016-01-15 19 47 10.633 -0.129256 0.013229
1484 2016-01-15 19 47 10.661 -0.157417 0.001297
1485 2016-01-15 19 47 10.694 -0.184053 -0.066552
