1 2016-01-15 19 59 05.393 0.000000 0.000000
2 2016-01-15 19 59 05.427 -0.005163 0.047343
3 2016-01-15 19 59 05.465 -0.012959 -0.003325
4 2016-01-15 19 59 05.501 -0.009265 0.032970
5 2016-01-15 19 59 05.526 -0.031149 -0.002676
6 2016-01-15 19 59 05.559 -0.000791 0.040606
7 2016-01-15 19 59 05.593 -0.005731 0.032640
8 2016-01-15 19 59 05.627 -0.015557 0.039549
9 2016-01-15 19 59 05.659 -0.006224 0.029194
10 2016-01-15 19 59 05.693 -0.028882 0.033420
11 2016-01-15 19 59 05.726 -0.035503 0.046062
12 2016-01-15 19 59 05.760 -0.040642 0.048445
13 2016-01-15 19 59 05.793 -0.035046 0.038899
14 2016-01-15 19 59 05.827 -0.044790 0.038248
15 2016-01-15 19 59 05.859 -0.049062 0.042013
16 2016-01-15 19 59 05.893 -0.043491 0.034352
17 2016-01-15 19 59 05.926 -0.043491 0.035651
18 2016-01-15 19 59 05.959 -0.042270 0.033887
19 2016-01-15 19 59 05.994 -0.036720 0.030807
20 2016-01-15 19 59 06.026 -0.047174 0.034073
21 2016-01-15 19 59 06.060 -0.042356 0.037735
22 2016-01-15 19 59 06.093 -0.047387 0.044096
23 2016-01-15 19 59 06.126 -0.045414 0.042098
24 2016-01-15 19 59 06.182 -0.032501 0.034451
25 2016-01-15 19 59 06.203 -0.048292 0.040283
26 2016-01-15 19 59 06.233 -0.054066 0.030741
27 2016-01-15 19 59 06.259 -0.031405 0.024536
28 2016-01-15 19 59 06.293 -0.046277 0.025922
29 2016-01-15 19 59 06.326 -0.034034 0.027961
30 2016-01-15 19 59 06.359 -0.037718 0.024906
31 2016-01-15 19 59 06.394 -0.038147 0.033509
32 2016-01-15 19 59 06.425 -0.041451 0.031527
33 2016-01-15 19 59 06.459 -0.043431 0.038135
34 2016-01-15 19 59 06.492 -0.021540 0.025264
35 2016-01-15 19 59 06.526 -0.032501 0.029194
36 2016-01-15 19 59 06.559 -0.044236 0.032042
37 2016-01-15 19 59 06.593 -0.023612 0.026903
38 2016-01-15 19 59 06.626 -0.042945 0.032932
39 2016-01-15 19 59 06.659 -0.043314 0.037466
40 2016-01-15 19 59 06.692 -0.040244 0.035651
41 2016-01-15 19 59 06.726 -0.007757 0.032189
42 2016-01-15 19 59 06.759 -0.022054 0.049291
43 2016-01-15 19 59 06.793 -0.016856 0.047343
44 2016-01-15 19 59 06.825 -0.025592 0.028223
45 2016-01-15 19 59 06.859 -0.002282 0.037079
46 2016-01-15 19 59 06.893 -0.030532 0.029852
47 2016-01-15 19 59 06.925 -0.037799 0.023027
48 2016-01-15 19 59 06.960 -0.036720 0.035381
49 2016-01-15 19 59 06.993 -0.049939 0.030693
50 2016-01-15 19 59 07.029 -0.037267 0.041085
51 2016-01-15 19 59 07.060 -0.059949 0.039456
52 2016-01-15 19 59 07.093 -0.060439 0.033796
53 2016-01-15 19 59 07.125 -0.054708 0.032688
54 2016-01-15 19 59 07.159 -0.034183 0.046724
55 2016-01-15 19 59 07.192 -0.046319 0.045597
56 2016-01-15 19 59 07.227 -0.057909 0.036956
57 2016-01-15 19 59 07.259 -0.047171 0.044533
58 2016-01-15 19 59 07.295 -0.058732 0.038752
59 2016-01-15 19 59 07.326 -0.052309 0.036823
60 2016-01-15 19 59 07.358 -0.047813 0.052242
61 2016-01-15 19 59 07.392 -0.023105 0.046027
62 2016-01-15 19 59 07.426 0.087096 0.031685
63 2016-01-15 19 59 07.459 -0.059946 0.032810
64 2016-01-15 19 59 07.492 -0.078331 0.038193
65 2016-01-15 19 59 07.526 -0.063352 0.051138
66 2016-01-15 19 59 07.560 -0.055833 0.051241
67 2016-01-15 19 59 07.593 -0.069743 0.044110
68 2016-01-15 19 59 07.625 -0.055521 0.044533
69 2016-01-15 19 59 07.659 -0.041238 0.042419
70 2016-01-15 19 59 07.692 -0.041788 0.045608
71 2016-01-15 19 59 07.725 -0.041717 0.027154
72 2016-01-15 19 59 07.759 -0.053207 0.033083
73 2016-01-15 19 59 07.792 -0.043079 0.037210
74 2016-01-15 19 59 07.826 -0.038438 0.043470
75 2016-01-15 19 59 07.860 -0.068210 0.034334
76 2016-01-15 19 59 07.892 -0.051333 0.038709
77 2016-01-15 19 59 07.925 -0.082607 0.028380
78 2016-01-15 19 59 07.959 -0.075144 0.037086
79 2016-01-15 19 59 07.993 -0.086954 0.036096
80 2016-01-15 19 59 08.026 -0.063718 0.045381
81 2016-01-15 19 59 08.059 -0.061571 0.042419
82 2016-01-15 19 59 08.092 -0.065084 0.038709
83 2016-01-15 19 59 08.125 -0.056014 0.046436
84 2016-01-15 19 59 08.159 -0.059665 0.023358
85 2016-01-15 19 59 08.192 -0.062841 0.047503
86 2016-01-15 19 59 08.225 -0.071738 0.037336
87 2016-01-15 19 59 08.259 -0.046954 0.044336
88 2016-01-15 19 59 08.292 -0.059080 0.038248
89 2016-01-15 19 59 08.325 -0.068746 0.034696
90 2016-01-15 19 59 08.359 -0.029148 0.044753
91 2016-01-15 19 59 08.391 -0.032047 0.044110
92 2016-01-15 19 59 08.425 -0.050134 0.039879
93 2016-01-15 19 59 08.459 -0.046745 0.035324
94 2016-01-15 19 59 08.492 -0.062831 0.037333
95 2016-01-15 19 59 08.526 -0.049740 0.045817
96 2016-01-15 19 59 08.559 -0.062458 0.041085
97 2016-01-15 19 59 08.591 -0.045269 0.036325
98 2016-01-15 19 59 08.625 -0.047380 0.049220
99 2016-01-15 19 59 08.658 -0.065602 0.062352
100 2016-01-15 19 59 08.692 -0.036955 0.043087
101 2016-01-15 19 59 08.725 -0.040354 0.044110
102 2016-01-15 19 59 08.759 -0.014159 0.046665
103 2016-01-15 19 59 08.791 -0.021472 0.051600
104 2016-01-15 19 59 08.826 -0.042345 0.051037
105 2016-01-15 19 59 08.859 -0.021256 0.055283
106 2016-01-15 19 59 08.891 -0.053892 0.040269
107 2016-01-15 19 59 08.925 -0.053661 0.052923
108 2016-01-15 19 59 08.958 -0.056028 0.042281
109 2016-01-15 19 59 08.992 -0.063718 0.055437
110 2016-01-15 19 59 09.024 -0.065819 0.047034
111 2016-01-15 19 59 09.059 -0.055709 0.051213
112 2016-01-15 19 59 09.093 -0.047167 0.045805
113 2016-01-15 19 59 09.125 0.196675 0.035118
114 2016-01-15 19 59 09.158 -0.054172 0.045374
115 2016-01-15 19 59 09.191 -0.076237 0.045805
116 2016-01-15 19 59 09.224 -0.038296 0.044746
117 2016-01-15 19 59 09.258 -0.074403 0.046009
118 2016-01-15 19 59 09.290 -0.041089 0.043495
119 2016-01-15 19 59 09.326 -0.033612 0.058940
120 2016-01-15 19 59 09.358 -0.051404 0.053221
121 2016-01-15 19 59 09.392 -0.053594 0.038110
122 2016-01-15 19 59 09.425 -0.062966 0.046436
123 2016-01-15 19 59 09.459 -0.051589 0.035693
124 2016-01-15 19 59 09.493 -0.066124 0.031270
125 2016-01-15 19 59 09.525 -0.040496 0.055297
126 2016-01-15 19 59 09.557 -0.072795 0.044962
127 2016-01-15 19 59 09.591 -0.045049 0.039243
128 2016-01-15 19 59 09.625 -0.061681 0.052540
129 2016-01-15 19 59 09.658 -0.026916 0.041438
130 2016-01-15 19 59 09.692 -0.049989 0.041497
131 2016-01-15 19 59 09.724 -0.022115 0.046461
132 2016-01-15 19 59 09.758 -0.030468 0.037466
133 2016-01-15 19 59 09.790 -0.033747 0.038899
134 2016-01-15 19 59 09.825 -0.048005 0.031552
135 2016-01-15 19 59 09.857 -0.011426 0.054651
136 2016-01-15 19 59 09.890 -0.013609 0.047992
137 2016-01-15 19 59 09.924 -0.046954 0.060847
138 2016-01-15 19 59 09.958 -0.028552 0.059036
139 2016-01-15 19 59 09.991 -0.034176 0.046009
140 2016-01-15 19 59 10.026 -0.033037 0.050315
141 2016-01-15 19 59 10.057 -0.032047 0.044749
142 2016-01-15 19 59 10.093 -0.022115 0.041321
143 2016-01-15 19 59 10.124 -0.034602 0.037721
144 2016-01-15 19 59 10.158 -0.027576 0.047545
145 2016-01-15 19 59 10.190 -0.031110 0.045175
146 2016-01-15 19 59 10.225 -0.044825 0.044749
147 2016-01-15 19 59 10.257 -0.043253 0.053672
148 2016-01-15 19 59 10.291 -0.030159 0.061111
149 2016-01-15 19 59 10.325 -0.026298 0.058805
150 2016-01-15 19 59 10.357 -0.040943 0.042059
151 2016-01-15 19 59 10.390 -0.031497 0.055631
152 2016-01-15 19 59 10.424 -0.046954 0.037856
153 2016-01-15 19 59 10.463 -0.031149 0.047992
154 2016-01-15 19 59 10.498 -0.035883 0.063123
155 2016-01-15 19 59 10.524 -0.045886 0.052884
156 2016-01-15 19 59 10.557 -0.032395 0.041963
157 2016-01-15 19 59 10.591 -0.034882 0.055764
158 2016-01-15 19 59 10.624 -0.049541 0.054005
159 2016-01-15 19 59 10.657 -0.062589 0.058024
160 2016-01-15 19 59 10.690 -0.055833 0.059036
161 2016-01-15 19 59 10.726 -0.053235 0.056438
162 2016-01-15 19 59 10.757 -0.055354 0.056589
163 2016-01-15 19 59 10.792 -0.034183 0.045402
164 2016-01-15 19 59 10.824 -0.063629 0.049942
165 2016-01-15 19 59 10.858 -0.046089 0.039549
166 2016-01-15 19 59 10.892 -0.063874 0.040679
167 2016-01-15 19 59 10.924 -0.047171 0.038752
168 2016-01-15 19 59 10.957 -0.039850 0.044962
169 2016-01-15 19 59 10.991 -0.038438 0.044110
170 2016-01-15 19 59 11.024 -0.039460 0.040037
171 2016-01-15 19 59 11.057 -0.060797 0.062637
172 2016-01-15 19 59 11.091 -0.062458 0.049834
173 2016-01-15 19 59 11.126 -0.050499 0.052492
174 2016-01-15 19 59 11.157 -0.045869 0.049098
175 2016-01-15 19 59 11.190 -0.056805 0.056097
176 2016-01-15 19 59 11.225 -0.051092 0.053672
177 2016-01-15 19 59 11.257 -0.055815 0.063123
178 2016-01-15 19 59 11.291 -0.057448 0.050315
179 2016-01-15 19 59 11.324 -0.047813 0.049030
180 2016-01-15 19 59 11.357 -0.050957 0.043908
181 2016-01-15 19 59 11.390 -0.049740 0.041963
182 2016-01-15 19 59 11.424 -0.042356 0.051530
183 2016-01-15 19 59 11.457 -0.079395 0.054020
184 2016-01-15 19 59 11.490 -0.080460 0.060728
185 2016-01-15 19 59 11.524 -0.050187 0.051422
186 2016-01-15 19 59 11.557 -0.055049 0.046665
187 2016-01-15 19 59 11.591 -0.036621 0.057235
188 2016-01-15 19 59 11.624 -0.047799 0.052123
189 2016-01-15 19 59 11.656 -0.049499 0.044327
190 2016-01-15 19 59 11.690 -0.065691 0.056589
191 2016-01-15 19 59 11.724 -0.034964 0.056097
192 2016-01-15 19 59 11.756 -0.052398 0.056284
193 2016-01-15 19 59 11.791 -0.046319 0.071014
194 2016-01-15 19 59 11.823 -0.071425 0.060985
195 2016-01-15 19 59 11.857 -0.058391 0.057034
196 2016-01-15 19 59 11.890 -0.036994 0.062284
197 2016-01-15 19 59 11.923 -0.070002 0.049781
198 2016-01-15 19 59 11.957 -0.043548 0.062637
199 2016-01-15 19 59 11.991 -0.069012 0.063164
200 2016-01-15 19 59 12.024 -0.065801 0.052884
201 2016-01-15 19 59 12.057 -0.055986 0.052009
202 2016-01-15 19 59 12.090 -0.068636 0.054816
203 2016-01-15 19 59 12.124 -0.070212 0.073386
204 2016-01-15 19 59 12.156 -0.062714 0.051777
205 2016-01-15 19 59 12.190 -0.065045 0.055297
206 2016-01-15 19 59 12.226 -0.029513 0.051422
207 2016-01-15 19 59 12.256 -0.044602 0.055455
208 2016-01-15 19 59 12.290 -0.051667 0.052242
209 2016-01-15 19 59 12.323 -0.016334 0.050315
210 2016-01-15 19 59 12.358 -0.024652 0.055139
211 2016-01-15 19 59 12.390 -0.057756 0.044327
212 2016-01-15 19 59 12.423 -0.054002 0.052630
213 2016-01-15 19 59 12.457 -0.043491 0.045395
214 2016-01-15 19 59 12.490 -0.047590 0.051951
215 2016-01-15 19 59 12.523 -0.049098 0.060593
216 2016-01-15 19 59 12.556 -0.034964 0.059309
217 2016-01-15 19 59 12.590 -0.030404 0.066750
218 2016-01-15 19 59 12.623 -0.025638 0.054651
219 2016-01-15 19 59 12.656 -0.018917 0.060836
220 2016-01-15 19 59 12.690 -0.019822 0.055297
221 2016-01-15 19 59 12.723 -0.027576 0.049220
222 2016-01-15 19 59 12.757 -0.031706 0.068471
223 2016-01-15 19 59 12.791 -0.025326 0.067018
224 2016-01-15 19 59 12.823 -0.018999 0.055764
225 2016-01-15 19 59 12.857 -0.028520 0.057323
226 2016-01-15 19 59 12.891 -0.016334 0.058666
227 2016-01-15 19 59 12.924 -0.012310 0.066182
228 2016-01-15 19 59 12.957 -0.006288 0.065295
229 2016-01-15 19 59 12.990 -0.002477 0.059575
230 2016-01-15 19 59 13.023 -0.031288 0.056507
231 2016-01-15 19 59 13.056 -0.032047 0.040276
232 2016-01-15 19 59 13.090 0.006551 0.054651
233 2016-01-15 19 59 13.123 -0.048658 0.058805
234 2016-01-15 19 59 13.157 -0.047164 0.047034
235 2016-01-15 19 59 13.189 -0.042111 0.056548
236 2016-01-15 19 59 13.223 -0.049499 0.065295
237 2016-01-15 19 59 13.256 -0.032288 0.061722
238 2016-01-15 19 59 13.291 -0.045244 0.059309
239 2016-01-15 19 59 13.323 -0.048864 0.050680
240 2016-01-15 19 59 13.357 -0.043779 0.051316
241 2016-01-15 19 59 13.389 -0.046954 0.063695
242 2016-01-15 19 59 13.423 -0.019180 0.060714
243 2016-01-15 19 59 13.456 -0.022863 0.046009
244 2016-01-15 19 59 13.491 -0.045464 0.046027
245 2016-01-15 19 59 13.523 -0.038559 0.045608
246 2016-01-15 19 59 13.556 -0.045904 0.057811
247 2016-01-15 19 59 13.589 -0.064399 0.054005
248 2016-01-15 19 59 13.624 -0.043548 0.058164
249 2016-01-15 19 59 13.656 -0.060659 0.061236
250 2016-01-15 19 59 13.689 -0.043956 0.070872
251 2016-01-15 19 59 13.724 -0.031408 0.061360
252 2016-01-15 19 59 13.756 -0.045489 0.061722
253 2016-01-15 19 59 13.790 -0.051025 0.063164
254 2016-01-15 19 59 13.822 -0.032743 0.054651
255 2016-01-15 19 59 13.857 -0.059172 0.063498
256 2016-01-15 19 59 13.889 -0.042345 0.062352
257 2016-01-15 19 59 13.922 -0.048037 0.065533
258 2016-01-15 19 59 13.956 -0.068441 0.061129
259 2016-01-15 19 59 13.992 -0.068558 0.043055
260 2016-01-15 19 59 14.023 -0.075265 0.057591
261 2016-01-15 19 59 14.056 -0.061812 0.048837
262 2016-01-15 19 59 14.089 -0.043779 0.038607
263 2016-01-15 19 59 14.124 -0.047380 0.053054
264 2016-01-15 19 59 14.157 -0.060893 0.063469
265 2016-01-15 19 59 14.190 -0.063874 0.054169
266 2016-01-15 19 59 14.223 -0.075322 0.053839
267 2016-01-15 19 59 14.255 -0.048225 0.062753
268 2016-01-15 19 59 14.289 -0.065159 0.059951
269 2016-01-15 19 59 14.322 -0.073508 0.053526
270 2016-01-15 19 59 14.357 -0.066550 0.051777
271 2016-01-15 19 59 14.391 -0.069385 0.058897
272 2016-01-15 19 59 14.423 -0.069385 0.047792
273 2016-01-15 19 59 14.456 -0.071581 0.052242
274 2016-01-15 19 59 14.492 -0.081219 0.054169
275 2016-01-15 19 59 14.522 -0.070002 0.046637
276 2016-01-15 19 59 14.556 -0.056319 0.040606
277 2016-01-15 19 59 14.590 -0.085715 0.055139
278 2016-01-15 19 59 14.624 -0.056163 0.057382
279 2016-01-15 19 59 14.657 -0.053707 0.053672
280 2016-01-15 19 59 14.689 -0.064279 0.053839
281 2016-01-15 19 59 14.723 -0.041043 0.050874
282 2016-01-15 19 59 14.756 -0.055496 0.053502
283 2016-01-15 19 59 14.790 -0.051025 0.051600
284 2016-01-15 19 59 14.823 -0.061408 0.053502
285 2016-01-15 19 59 14.857 -0.080577 0.040037
286 2016-01-15 19 59 14.889 -0.053235 0.047343
287 2016-01-15 19 59 14.922 -0.056163 0.048388
288 2016-01-15 19 59 14.956 -0.048246 0.046899
289 2016-01-15 19 59 14.991 -0.054878 0.046461
290 2016-01-15 19 59 15.023 -0.076670 0.046254
291 2016-01-15 19 59 15.056 -0.071180 0.048044
292 2016-01-15 19 59 15.089 -0.066876 0.051891
293 2016-01-15 19 59 15.123 -0.062458 0.058528
294 2016-01-15 19 59 15.156 -0.077500 0.045805
295 2016-01-15 19 59 15.189 -0.048686 0.054488
296 2016-01-15 19 59 15.223 -0.025951 0.036949
297 2016-01-15 19 59 15.256 -0.037267 0.045608
298 2016-01-15 19 59 15.289 -0.061812 0.050129
299 2016-01-15 19 59 15.323 -0.063597 0.043276
300 2016-01-15 19 59 15.357 -0.036248 0.047104
301 2016-01-15 19 59 15.391 -0.062721 0.056786
302 2016-01-15 19 59 15.422 -0.055521 0.046461
303 2016-01-15 19 59 15.460 -0.074463 0.033083
304 2016-01-15 19 59 15.496 -0.076769 0.037721
305 2016-01-15 19 59 15.524 -0.036248 0.047104
306 2016-01-15 19 59 15.556 -0.054534 0.051241
307 2016-01-15 19 59 15.590 -0.048431 0.041380
308 2016-01-15 19 59 15.625 -0.033747 0.045395
309 2016-01-15 19 59 15.656 -0.039850 0.046899
310 2016-01-15 19 59 15.689 -0.030159 0.052068
311 2016-01-15 19 59 15.723 -0.040745 0.052242
312 2016-01-15 19 59 15.757 -0.044985 0.043647
313 2016-01-15 19 59 15.790 -0.027249 0.049942
314 2016-01-15 19 59 15.823 -0.056486 0.051951
315 2016-01-15 19 59 15.856 -0.049339 0.047992
316 2016-01-15 19 59 15.890 -0.051855 0.050498
317 2016-01-15 19 59 15.923 -0.060159 0.051138
318 2016-01-15 19 59 15.955 -0.042434 0.056589
319 2016-01-15 19 59 15.989 -0.055521 0.045175
320 2016-01-15 19 59 16.023 -0.039833 0.044123
321 2016-01-15 19 59 16.056 -0.052771 0.050129
322 2016-01-15 19 59 16.090 -0.047600 0.045608
323 2016-01-15 19 59 16.125 -0.059438 0.048246
324 2016-01-15 19 59 16.156 -0.057810 0.049834
325 2016-01-15 19 59 16.190 -0.063995 0.054971
326 2016-01-15 19 59 16.222 -0.061812 0.052714
327 2016-01-15 19 59 16.256 -0.053416 0.048191
328 2016-01-15 19 59 16.289 -0.051773 0.053551
329 2016-01-15 19 59 16.322 -0.051855 0.049859
330 2016-01-15 19 59 16.357 -0.074484 0.059937
331 2016-01-15 19 59 16.389 -0.051553 0.050874
332 2016-01-15 19 59 16.423 -0.048019 0.045388
333 2016-01-15 19 59 16.456 -0.054410 0.053054
334 2016-01-15 19 59 16.490 -0.039460 0.046461
335 2016-01-15 19 59 16.523 -0.059804 0.045171
336 2016-01-15 19 59 16.556 -0.039715 0.043470
337 2016-01-15 19 59 16.588 -0.038952 0.049596
338 2016-01-15 19 59 16.623 -0.052022 0.044080
339 2016-01-15 19 59 16.656 -0.025660 0.039637
340 2016-01-15 19 59 16.689 -0.039967 0.041149
341 2016-01-15 19 59 16.722 -0.047373 0.044123
342 2016-01-15 19 59 16.756 -0.025660 0.040915
343 2016-01-15 19 59 16.788 -0.063232 0.049030
344 2016-01-15 19 59 16.822 -0.029513 0.038502
345 2016-01-15 19 59 16.856 -0.055049 0.048581
346 2016-01-15 19 59 16.889 -0.047380 0.036442
347 2016-01-15 19 59 16.923 -0.048927 0.042991
348 2016-01-15 19 59 16.956 -0.046309 0.046899
349 2016-01-15 19 59 16.991 -0.053707 0.054325
350 2016-01-15 19 59 17.023 -0.044006 0.030005
351 2016-01-15 19 59 17.056 -0.037533 0.045175
352 2016-01-15 19 59 17.089 -0.049989 0.044096
353 2016-01-15 19 59 17.124 -0.034034 0.039148
354 2016-01-15 19 59 17.156 -0.049786 0.046486
355 2016-01-15 19 59 17.189 -0.058583 0.043669
356 2016-01-15 19 59 17.223 -0.055833 0.048642
357 2016-01-15 19 59 17.258 -0.061408 0.048903
358 2016-01-15 19 59 17.289 -0.063477 0.042419
359 2016-01-15 19 59 17.323 -0.047827 0.044526
360 2016-01-15 19 59 17.356 -0.041543 0.042796
361 2016-01-15 19 59 17.390 -0.044602 0.038752
362 2016-01-15 19 59 17.423 -0.053771 0.039637
363 2016-01-15 19 59 17.455 -0.057909 0.048331
364 2016-01-15 19 59 17.490 -0.058690 0.037210
365 2016-01-15 19 59 17.523 -0.051092 0.047139
366 2016-01-15 19 59 17.558 -0.073008 0.046868
367 2016-01-15 19 59 17.589 -0.059520 0.045388
368 2016-01-15 19 59 17.624 -0.041632 0.047304
369 2016-01-15 19 59 17.656 -0.086375 0.036153
370 2016-01-15 19 59 17.689 -0.080549 0.035917
371 2016-01-15 19 59 17.722 -0.076819 0.044327
372 2016-01-15 19 59 17.756 -0.064974 0.037838
373 2016-01-15 19 59 17.789 -0.061071 0.035693
374 2016-01-15 19 59 17.824 -0.059665 0.033525
375 2016-01-15 19 59 17.855 -0.040564 0.055271
376 2016-01-15 19 59 17.891 2.837230 0.101327
377 2016-01-15 19 59 17.922 8.599644 0.223256
378 2016-01-15 19 59 17.955 10.258472 0.409883
379 2016-01-15 19 59 17.989 11.879446 0.352751
380 2016-01-15 19 59 18.023 16.605894 0.322773
381 2016-01-15 19 59 18.055 17.156048 0.486888
382 2016-01-15 19 59 18.089 17.101919 0.409363
383 2016-01-15 19 59 18.123 19.772406 0.392021
384 2016-01-15 19 59 18.155 19.643309 0.529803
385 2016-01-15 19 59 18.189 18.426998 0.443449
386 2016-01-15 19 59 18.222 20.586842 0.410680
387 2016-01-15 19 59 18.256 19.953510 0.541833
388 2016-01-15 19 59 18.289 18.077013 0.463260
389 2016-01-15 19 59 18.322 19.316381 0.377756
390 2016-01-15 19 59 18.355 18.703842 0.466424
391 2016-01-15 19 59 18.390 15.853885 0.465725
392 2016-01-15 19 59 18.422 17.013807 0.325513
393 2016-01-15 19 59 18.455 16.310904 0.428756
394 2016-01-15 19 59 18.489 12.487959 0.455613
395 2016-01-15 19 59 18.524 12.814775 0.299312
396 2016-01-15 19 59 18.557 12.365583 0.369914
397 2016-01-15 19 59 18.589 8.555741 0.359485
398 2016-01-15 19 59 18.622 8.287002 0.203731
399 2016-01-15 19 59 18.657 8.351224 0.272116
400 2016-01-15 19 59 18.689 4.458110 0.251680
401 2016-01-15 19 59 18.722 3.682184 0.087731
402 2016-01-15 19 59 18.756 4.166696 0.141577
403 2016-01-15 19 59 18.789 0.516911 0.169121
404 2016-01-15 19 59 18.822 -0.548482 0.002677
405 2016-01-15 19 59 18.855 0.402076 0.023255
406 2016-01-15 19 59 18.891 -2.943065 0.087126
407 2016-01-15 19 59 18.922 -4.371799 -0.096868
408 2016-01-15 19 59 18.956 -2.926969 -0.038878
409 2016-01-15 19 59 18.988 -5.785927 0.021774
410 2016-01-15 19 59 19.023 -7.543523 -0.117608
411 2016-01-15 19 59 19.055 -5.688015 -0.122707
412 2016-01-15 19 59 19.089 -8.059983 -0.011563
413 2016-01-15 19 59 19.122 -9.896762 -0.149497
414 2016-01-15 19 59 19.156 -7.849430 -0.178389
415 2016-01-15 19 59 19.188 -9.367143 -0.047561
416 2016-01-15 19 59 19.222 -11.372325 -0.163294
417 2016-01-15 19 59 19.255 -9.150536 -0.231098
418 2016-01-15 19 59 19.290 -9.978630 -0.090428
419 2016-01-15 19 59 19.322 -12.056139 -0.158317
420 2016-01-15 19 59 19.355 -9.666886 -0.217702
421 2016-01-15 19 59 19.389 -9.771760 -0.091805
422 2016-01-15 19 59 19.422 -11.866870 -0.122624
423 2016-01-15 19 59 19.454 -9.510721 -0.217644
424 2016-01-15 19 59 19.489 -8.824884 -0.093547
425 2016-01-15 19 59 19.522 -10.864531 -0.074725
426 2016-01-15 19 59 19.555 -8.723432 -0.200639
427 2016-01-15 19 59 19.588 -7.272931 -0.077380
428 2016-01-15 19 59 19.621 -9.307538 -0.044698
429 2016-01-15 19 59 19.657 -7.265816 -0.171259
430 2016-01-15 19 59 19.688 -5.183702 -0.046930
431 2016-01-15 19 59 19.721 -7.168597 -0.000784
432 2016-01-15 19 59 19.755 -5.410883 -0.127743
433 2016-01-15 19 59 19.789 -2.877676 -0.026238
434 2016-01-15 19 59 19.821 -4.647387 0.035626
435 2016-01-15 19 59 19.854 -3.307328 -0.078483
436 2016-01-15 19 59 19.889 -0.386253 0.026476
437 2016-01-15 19 59 19.921 -2.019682 0.092757
438 2016-01-15 19 59 19.955 -1.065780 -0.010914
439 2016-01-15 19 59 19.988 2.002024 0.069626
440 2016-01-15 19 59 20.022 0.763458 0.173725
441 2016-01-15 19 59 20.054 1.027956 0.048636
442 2016-01-15 19 59 20.088 4.204580 0.100905
443 2016-01-15 19 59 20.121 3.250942 0.241529
444 2016-01-15 19 59 20.157 3.022880 0.126639
445 2016-01-15 19 59 20.188 6.113064 0.139646
446 2016-01-15 19 59 20.221 5.413665 0.296056
447 2016-01-15 19 59 20.255 4.603282 0.167731
448 2016-01-15 19 59 20.288 7.657999 0.160654
449 2016-01-15 19 59 20.321 7.239312 0.327354
450 2016-01-15 19 59 20.355 5.732638 0.220741
451 2016-01-15 19 59 20.389 8.631318 0.207232
452 2016-01-15 19 59 20.421 8.452102 0.325516
453 2016-01-15 19 59 20.463 6.353153 0.276839
454 2016-01-15 19 59 20.498 8.711969 0.195417
455 2016-01-15 19 59 20.523 8.879618 0.316817
456 2016-01-15 19 59 20.555 6.249272 0.280061
457 2016-01-15 19 59 20.588 8.111689 0.202184
458 2016-01-15 19 59 20.621 8.427887 0.293792
459 2016-01-15 19 59 20.656 5.432310 0.273212
460 2016-01-15 19 59 20.688 6.657328 0.162769
461 2016-01-15 19 59 20.721 7.178433 0.274046
462 2016-01-15 19 59 20.754 3.927807 0.252460
463 2016-01-15 19 59 20.790 4.325061 0.103288
464 2016-01-15 19 59 20.822 5.003857 0.193324
465 2016-01-15 19 59 20.854 1.684368 0.207110
466 2016-01-15 19 59 20.889 1.416087 0.052059
467 2016-01-15 19 59 20.922 2.225934 0.135699
468 2016-01-15 19 59 20.954 -1.193926 0.172472
469 2016-01-15 19 59 20.988 -2.320347 -0.011834
470 2016-01-15 19 59 21.022 -1.330655 0.017771
471 2016-01-15 19 59 21.055 -4.767169 0.082743
472 2016-01-15 19 59 21.088 -6.506684 -0.108763
473 2016-01-15 19 59 21.121 -5.396232 -0.111840
474 2016-01-15 19 59 21.155 -8.725298 -0.020582
475 2016-01-15 19 59 21.188 -10.982630 -0.175620
476 2016-01-15 19 59 21.221 -9.806376 -0.244400
477 2016-01-15 19 59 21.254 -12.843390 -0.164186
478 2016-01-15 19 59 21.288 -15.486542 -0.352884
479 2016-01-15 19 59 21.322 -14.155482 -0.402222
480 2016-01-15 19 59 21.355 -16.572395 -0.290909
481 2016-01-15 19 59 21.390 -19.564589 -0.409400
482 2016-01-15 19 59 21.421 -18.041140 -0.469744
483 2016-01-15 19 59 21.455 -19.783480 -0.359247
484 2016-01-15 19 59 21.488 -22.613609 -0.459362
485 2016-01-15 19 59 21.522 -21.010841 -0.541350
486 2016-01-15 19 59 21.555 -21.686039 -0.424662
487 2016-01-15 19 59 21.588 -24.167671 -0.496737
488 2016-01-15 19 59 21.621 -22.413542 -0.559465
489 2016-01-15 19 59 21.655 -21.919754 -0.437773
490 2016-01-15 19 59 21.688 -23.999910 -0.461587
491 2016-01-15 19 59 21.722 -21.642387 -0.541148
492 2016-01-15 19 59 21.755 -19.680519 -0.403346
493 2016-01-15 19 59 21.788 -20.995504 -0.380118
494 2016-01-15 19 59 21.822 -17.876411 -0.434515
495 2016-01-15 19 59 21.855 -14.206014 -0.275441
496 2016-01-15 19 59 21.888 -14.097897 -0.187043
497 2016-01-15 19 59 21.922 -10.193517 -0.259868
498 2016-01-15 19 59 21.955 -4.701403 -0.120261
499 2016-01-15 19 59 21.988 -1.306475 0.073088
500 2016-01-15 19 59 22.024 -0.174404 0.009815
501 2016-01-15 19 59 22.057 -0.201423 0.004492
502 2016-01-15 19 59 22.088 -0.114363 -0.030312
503 2016-01-15 19 59 22.121 -0.023534 0.030244
504 2016-01-15 19 59 22.158 -0.029581 0.028160
505 2016-01-15 19 59 22.188 -0.039442 -0.013573
506 2016-01-15 19 59 22.221 -0.056940 0.019121
507 2016-01-15 19 59 22.255 -0.061617 0.021666
508 2016-01-15 19 59 22.288 -0.035187 -0.019164
509 2016-01-15 19 59 22.321 -0.041273 0.013710
510 2016-01-15 19 59 22.355 -0.022008 0.020016
511 2016-01-15 19 59 22.388 0.007800 0.006817
512 2016-01-15 19 59 22.423 -0.031032 0.015839
513 2016-01-15 19 59 22.455 -0.007353 0.015470
514 2016-01-15 19 59 22.488 0.003321 0.011295
515 2016-01-15 19 59 22.522 -0.002658 0.010248
516 2016-01-15 19 59 22.556 -0.036068 0.019702
517 2016-01-15 19 59 22.588 -0.019556 0.020236
518 2016-01-15 19 59 22.621 -0.036649 0.019868
519 2016-01-15 19 59 22.655 -0.006646 0.020598
520 2016-01-15 19 59 22.688 -0.044187 0.007693
521 2016-01-15 19 59 22.721 -0.002754 0.006638
522 2016-01-15 19 59 22.755 -0.025638 0.002972
523 2016-01-15 19 59 22.788 -0.025933 0.011457
524 2016-01-15 19 59 22.821 0.008229 0.018683
525 2016-01-15 19 59 22.855 -0.020269 0.012557
526 2016-01-15 19 59 22.888 -0.023701 0.015892
527 2016-01-15 19 59 22.923 -0.007977 0.015782
528 2016-01-15 19 59 22.955 0.004287 0.021311
529 2016-01-15 19 59 22.988 -0.008854 0.023282
530 2016-01-15 19 59 23.022 -0.028222 0.018476
531 2016-01-15 19 59 23.055 0.007306 0.029237
532 2016-01-15 19 59 23.088 0.005742 0.019049
533 2016-01-15 19 59 23.121 -0.009077 0.015010
534 2016-01-15 19 59 23.155 -0.034602 0.012803
535 2016-01-15 19 59 23.188 -0.018903 0.014340
536 2016-01-15 19 59 23.221 -0.012644 0.007473
537 2016-01-15 19 59 23.255 -0.023445 0.004931
538 2016-01-15 19 59 23.288 -0.006260 -0.009303
539 2016-01-15 19 59 23.321 -0.033747 0.025906
540 2016-01-15 19 59 23.355 -0.033679 0.009200
541 2016-01-15 19 59 23.388 -0.029826 0.007915
542 2016-01-15 19 59 23.422 -0.018807 0.006418
543 2016-01-15 19 59 23.455 -0.010738 0.008108
544 2016-01-15 19 59 23.488 -0.040386 0.010144
545 2016-01-15 19 59 23.521 -0.021827 0.012803
546 2016-01-15 19 59 23.555 -0.015049 0.018836
547 2016-01-15 19 59 23.587 -0.030131 0.015999
548 2016-01-15 19 59 23.621 -0.020677 0.006859
549 2016-01-15 19 59 23.654 -0.038058 0.011920
550 2016-01-15 19 59 23.688 -0.015947 0.011370
551 2016-01-15 19 59 23.721 -0.024002 0.013564
552 2016-01-15 19 59 23.754 -0.036891 0.016267
553 2016-01-15 19 59 23.789 -0.014766 0.022626
554 2016-01-15 19 59 23.822 -0.038438 0.012164
555 2016-01-15 19 59 23.854 -0.043016 0.006201
556 2016-01-15 19 59 23.888 -0.034396 0.009017
557 2016-01-15 19 59 23.922 -0.036522 0.012803
558 2016-01-15 19 59 23.955 -0.031586 0.020236
559 2016-01-15 19 59 23.990 -0.054360 0.005985
560 2016-01-15 19 59 24.022 -0.038945 0.007067
561 2016-01-15 19 59 24.057 -0.033523 0.016992
562 2016-01-15 19 59 24.088 -0.036068 0.011210
563 2016-01-15 19 59 24.121 -0.033037 -0.003006
564 2016-01-15 19 59 24.155 -0.015947 0.009303
565 2016-01-15 19 59 24.190 -0.013289 0.011960
566 2016-01-15 19 59 24.222 -0.032200 0.017654
567 2016-01-15 19 59 24.255 -0.003790 0.011707
568 2016-01-15 19 59 24.288 -0.028573 0.015947
569 2016-01-15 19 59 24.322 -0.006671 0.005985
570 2016-01-15 19 59 24.355 -0.015025 0.029545
571 2016-01-15 19 59 24.388 -0.007094 0.018314
572 2016-01-15 19 59 24.422 -0.036621 0.006201
573 2016-01-15 19 59 24.455 -0.040940 0.024246
574 2016-01-15 19 59 24.487 -0.051163 0.013289
575 2016-01-15 19 59 24.523 -0.041295 0.009251
576 2016-01-15 19 59 24.555 -0.037320 0.015163
577 2016-01-15 19 59 24.588 -0.003517 0.018900
578 2016-01-15 19 59 24.621 -0.008197 0.011457
579 2016-01-15 19 59 24.654 -0.014620 0.006645
580 2016-01-15 19 59 24.688 -0.033324 0.015999
581 2016-01-15 19 59 24.722 0.011071 0.021213
582 2016-01-15 19 59 24.756 -0.001700 0.025246
583 2016-01-15 19 59 24.788 -0.052022 0.008405
584 2016-01-15 19 59 24.822 -0.011721 0.022940
585 2016-01-15 19 59 24.855 -0.027576 0.011370
586 2016-01-15 19 59 24.888 -0.032097 0.011370
587 2016-01-15 19 59 24.922 -0.032097 0.017830
588 2016-01-15 19 59 24.955 0.008414 0.019352
589 2016-01-15 19 59 24.988 -0.005983 0.009303
590 2016-01-15 19 59 25.021 -0.017239 0.004264
591 2016-01-15 19 59 25.055 -0.012551 0.019049
592 2016-01-15 19 59 25.088 -0.011962 0.016611
593 2016-01-15 19 59 25.122 -0.029850 0.009017
594 2016-01-15 19 59 25.155 -0.021405 0.009017
595 2016-01-15 19 59 25.189 -0.026923 0.009904
596 2016-01-15 19 59 25.222 -0.023307 0.013428
597 2016-01-15 19 59 25.255 -0.033747 0.008367
598 2016-01-15 19 59 25.288 -0.011057 0.021618
599 2016-01-15 19 59 25.322 -0.048686 0.018112
600 2016-01-15 19 59 25.355 -0.012207 0.009544
601 2016-01-15 19 59 25.390 -0.025951 0.005119
602 2016-01-15 19 59 25.422 -0.044329 0.008172
603 2016-01-15 19 59 25.459 -0.028236 0.012368
604 2016-01-15 19 59 25.494 -0.017125 0.011863
605 2016-01-15 19 59 25.521 -0.019457 0.009666
606 2016-01-15 19 59 25.555 -0.039204 0.015282
607 2016-01-15 19 59 25.588 -0.015947 0.014618
608 2016-01-15 19 59 25.621 -0.025951 0.005119
609 2016-01-15 19 59 25.654 -0.006224 0.010144
610 2016-01-15 19 59 25.689 -0.022349 0.013170
611 2016-01-15 19 59 25.722 -0.018807 0.017461
612 2016-01-15 19 59 25.754 -0.018052 0.014084
613 2016-01-15 19 59 25.788 -0.039204 0.007495
614 2016-01-15 19 59 25.822 -0.032395 -0.001079
615 2016-01-15 19 59 25.855 -0.032150 0.002718
616 2016-01-15 19 59 25.888 -0.028229 0.011863
617 2016-01-15 19 59 25.922 -0.007094 -0.003488
618 2016-01-15 19 59 25.955 0.000681 0.007718
619 2016-01-15 19 59 25.988 -0.028882 0.009251
620 2016-01-15 19 59 26.021 -0.001916 0.004469
621 2016-01-15 19 59 26.055 -0.015422 0.006201
622 2016-01-15 19 59 26.088 -0.013204 0.009251
623 2016-01-15 19 59 26.122 -0.007094 0.015672
624 2016-01-15 19 59 26.154 -0.037799 0.014081
625 2016-01-15 19 59 26.188 -0.030500 0.007067
626 2016-01-15 19 59 26.222 -0.015685 0.007743
627 2016-01-15 19 59 26.255 -0.009510 0.023282
628 2016-01-15 19 59 26.289 -0.019269 0.011295
629 2016-01-15 19 59 26.322 -0.024964 0.008596
630 2016-01-15 19 59 26.354 -0.013453 0.009487
631 2016-01-15 19 59 26.388 -0.004854 0.018900
632 2016-01-15 19 59 26.422 -0.024620 0.015399
633 2016-01-15 19 59 26.455 -0.032200 0.012368
634 2016-01-15 19 59 26.489 -0.025592 0.006421
635 2016-01-15 19 59 26.522 -0.031799 0.005768
636 2016-01-15 19 59 26.555 -0.001625 0.002917
637 2016-01-15 19 59 26.589 -0.040102 0.013053
638 2016-01-15 19 59 26.646 -0.035606 0.014982
639 2016-01-15 19 59 26.690 -0.047178 0.013953
640 2016-01-15 19 59 26.715 -0.057132 0.016162
641 2016-01-15 19 59 26.737 -0.027576 0.020413
642 2016-01-15 19 59 26.762 -0.038296 0.029804
643 2016-01-15 19 59 26.789 -0.004453 0.026242
644 2016-01-15 19 59 26.822 -0.037760 0.016712
645 2016-01-15 19 59 26.858 -0.005813 0.029155
646 2016-01-15 19 59 26.891 -0.025276 0.016712
647 2016-01-15 19 59 26.921 -0.042600 0.017743
648 2016-01-15 19 59 26.954 -0.008414 0.014214
649 2016-01-15 19 59 26.988 -0.016469 0.012516
650 2016-01-15 19 59 27.022 -0.034527 0.012943
651 2016-01-15 19 59 27.060 -0.043779 0.021451
652 2016-01-15 19 59 27.088 -0.008414 0.024607
653 2016-01-15 19 59 27.121 -0.020390 0.026887
654 2016-01-15 19 59 27.154 -0.000969 0.026566
655 2016-01-15 19 59 27.189 -0.024233 0.020236
656 2016-01-15 19 59 27.221 -0.021990 0.031822
657 2016-01-15 19 59 27.254 -0.016714 0.007693
658 2016-01-15 19 59 27.288 -0.020472 0.008786
659 2016-01-15 19 59 27.321 -0.022650 0.019341
660 2016-01-15 19 59 27.355 -0.032395 0.015624
661 2016-01-15 19 59 27.388 -0.035415 0.011210
662 2016-01-15 19 59 27.420 -0.037373 0.015129
663 2016-01-15 19 59 27.455 -0.037643 0.011614
664 2016-01-15 19 59 27.488 -0.025617 0.017743
665 2016-01-15 19 59 27.521 -0.022409 0.021059
666 2016-01-15 19 59 27.556 -0.041387 0.014340
667 2016-01-15 19 59 27.588 -0.042600 0.019049
668 2016-01-15 19 59 27.621 -0.017665 0.021618
669 2016-01-15 19 59 27.654 -0.030532 0.031165
670 2016-01-15 19 59 27.687 -0.052022 0.030207
671 2016-01-15 19 59 27.720 -0.025933 0.019341
672 2016-01-15 19 59 27.754 -0.040894 0.018761
673 2016-01-15 19 59 27.788 -0.017391 0.025910
674 2016-01-15 19 59 27.821 -0.019364 0.022626
675 2016-01-15 19 59 27.854 -0.009712 0.022008
676 2016-01-15 19 59 27.887 -0.012874 0.016895
677 2016-01-15 19 59 27.921 -0.038268 0.016226
678 2016-01-15 19 59 27.955 -0.015685 0.020296
679 2016-01-15 19 59 27.987 -0.034928 0.027586
680 2016-01-15 19 59 28.020 -0.015422 0.017370
681 2016-01-15 19 59 28.054 -0.033456 0.029501
682 2016-01-15 19 59 28.088 -0.022054 0.024607
683 2016-01-15 19 59 28.120 -0.036547 0.025250
684 2016-01-15 19 59 28.155 -0.028229 0.030154
685 2016-01-15 19 59 28.188 -0.042771 0.032849
686 2016-01-15 19 59 28.221 -0.031231 0.034552
687 2016-01-15 19 59 28.254 -0.032558 0.022592
688 2016-01-15 19 59 28.288 -0.025951 0.016811
689 2016-01-15 19 59 28.321 -0.031188 0.014084
690 2016-01-15 19 59 28.355 -0.027576 0.026234
691 2016-01-15 19 59 28.388 -0.003598 0.030509
692 2016-01-15 19 59 28.422 -0.020138 0.026258
693 2016-01-15 19 59 28.456 -0.047171 0.021405
694 2016-01-15 19 59 28.488 -0.022899 0.024246
695 2016-01-15 19 59 28.521 -0.009283 0.023621
696 2016-01-15 19 59 28.557 -0.032200 0.035491
697 2016-01-15 19 59 28.587 -0.011480 0.033136
698 2016-01-15 19 59 28.621 -0.025223 0.034655
699 2016-01-15 19 59 28.656 -0.021990 0.024597
700 2016-01-15 19 59 28.688 -0.015947 0.031894
701 2016-01-15 19 59 28.722 0.013953 0.027908
702 2016-01-15 19 59 28.755 -0.005568 0.019341
703 2016-01-15 19 59 28.787 -0.015947 0.029900
704 2016-01-15 19 59 28.821 0.015539 0.027542
705 2016-01-15 19 59 28.855 -0.001444 0.027542
706 2016-01-15 19 59 28.889 0.024549 0.025582
707 2016-01-15 19 59 28.922 -0.009531 0.029591
708 2016-01-15 19 59 28.954 -0.027246 0.023939
709 2016-01-15 19 59 28.987 -0.013204 0.026887
710 2016-01-15 19 59 29.021 -0.014258 0.018761
711 2016-01-15 19 59 29.055 0.016767 0.024597
712 2016-01-15 19 59 29.089 0.021827 0.031967
713 2016-01-15 19 59 29.121 0.023211 0.027586
714 2016-01-15 19 59 29.154 -0.013041 0.015672
715 2016-01-15 19 59 29.187 0.011295 0.017940
716 2016-01-15 19 59 29.221 -0.022704 0.024607
717 2016-01-15 19 59 29.255 -0.014907 0.020060
718 2016-01-15 19 59 29.287 -0.032860 0.018314
719 2016-01-15 19 59 29.321 -0.015284 0.024584
720 2016-01-15 19 59 29.354 -0.020968 0.020296
721 2016-01-15 19 59 29.389 -0.010167 0.025910
722 2016-01-15 19 59 29.421 -0.015685 0.020956
723 2016-01-15 19 59 29.455 -0.024584 0.023255
724 2016-01-15 19 59 29.487 0.006118 0.016332
725 2016-01-15 19 59 29.521 -0.014361 0.021618
726 2016-01-15 19 59 29.555 -0.027576 0.026242
727 2016-01-15 19 59 29.589 -0.016469 0.030154
728 2016-01-15 19 59 29.621 -0.035131 0.036421
729 2016-01-15 19 59 29.654 -0.015025 0.035491
730 2016-01-15 19 59 29.688 -0.026937 0.019192
731 2016-01-15 19 59 29.721 -0.018052 0.019998
732 2016-01-15 19 59 29.754 -0.017778 0.019049
733 2016-01-15 19 59 29.787 -0.017125 0.026887
734 2016-01-15 19 59 29.821 -0.027576 0.023621
735 2016-01-15 19 59 29.856 -0.035329 0.025582
736 2016-01-15 19 59 29.887 -0.026600 0.035651
737 2016-01-15 19 59 29.921 -0.045869 0.030807
738 2016-01-15 19 59 29.955 -0.031497 0.026887
739 2016-01-15 19 59 29.987 -0.029900 0.029237
740 2016-01-15 19 59 30.021 -0.008854 0.027225
741 2016-01-15 19 59 30.054 -0.007764 0.022008
742 2016-01-15 19 59 30.087 -0.025592 0.026903
743 2016-01-15 19 59 30.121 -0.017005 0.034831
744 2016-01-15 19 59 30.154 -0.029850 0.018112
745 2016-01-15 19 59 30.187 -0.024311 0.028848
746 2016-01-15 19 59 30.221 -0.037160 0.021109
747 2016-01-15 19 59 30.254 -0.017778 0.024929
748 2016-01-15 19 59 30.289 -0.032150 0.023621
749 2016-01-15 19 59 30.321 -0.031497 0.027542
750 2016-01-15 19 59 30.354 -0.027576 0.021662
751 2016-01-15 19 59 30.387 -0.011898 0.028848
752 2016-01-15 19 59 30.421 -0.025915 0.034552
753 2016-01-15 19 59 30.458 -0.012452 0.042049
754 2016-01-15 19 59 30.489 -0.021334 0.041020
755 2016-01-15 19 59 30.526 -0.029559 0.036813
756 2016-01-15 19 59 30.554 -0.008648 0.022202
757 2016-01-15 19 59 30.587 -0.029850 0.020709
758 2016-01-15 19 59 30.621 -0.033963 0.028136
759 2016-01-15 19 59 30.654 -0.027576 0.028195
760 2016-01-15 19 59 30.687 0.002335 0.032640
761 2016-01-15 19 59 30.723 -0.031586 0.018900
762 2016-01-15 19 59 30.754 -0.023353 0.026556
763 2016-01-15 19 59 30.788 -0.032803 0.026887
764 2016-01-15 19 59 30.822 -0.020677 0.021311
765 2016-01-15 19 59 30.854 -0.018502 0.024574
766 2016-01-15 19 59 30.887 -0.013541 0.029591
767 2016-01-15 19 59 30.921 -0.027242 0.021927
768 2016-01-15 19 59 30.954 -0.017551 0.026918
769 2016-01-15 19 59 30.987 -0.014907 0.022658
770 2016-01-15 19 59 31.021 -0.004453 0.029545
771 2016-01-15 19 59 31.054 -0.003864 0.018761
772 2016-01-15 19 59 31.087 -0.010397 0.016332
773 2016-01-15 19 59 31.121 -0.000490 0.020956
774 2016-01-15 19 59 31.154 0.015862 0.026918
775 2016-01-15 19 59 31.187 -0.015947 0.020598
776 2016-01-15 19 59 31.222 -0.001994 0.028571
777 2016-01-15 19 59 31.254 -0.009304 0.023255
778 2016-01-15 19 59 31.287 -0.027576 0.019567
779 2016-01-15 19 59 31.321 -0.023055 0.016538
780 2016-01-15 19 59 31.354 -0.024652 0.013564
781 2016-01-15 19 59 31.389 -0.025021 0.017915
782 2016-01-15 19 59 31.421 0.000174 0.034171
783 2016-01-15 19 59 31.454 -0.027902 0.025257
784 2016-01-15 19 59 31.487 -0.015025 0.031527
785 2016-01-15 19 59 31.521 -0.026284 0.021059
786 2016-01-15 19 59 31.554 -0.004386 0.032640
787 2016-01-15 19 59 31.587 -0.022349 0.032767
788 2016-01-15 19 59 31.621 -0.048037 0.013564
789 2016-01-15 19 59 31.654 -0.027909 0.021927
790 2016-01-15 19 59 31.687 -0.020021 0.030509
791 2016-01-15 19 59 31.721 -0.011781 0.023901
792 2016-01-15 19 59 31.754 -0.014510 0.020356
793 2016-01-15 19 59 31.787 -0.025915 0.017940
794 2016-01-15 19 59 31.821 -0.027576 0.019893
795 2016-01-15 19 59 31.854 -0.013453 0.027225
796 2016-01-15 19 59 31.887 -0.019737 0.022968
797 2016-01-15 19 59 31.920 -0.010397 0.022278
798 2016-01-15 19 59 31.954 -0.010167 0.020654
799 2016-01-15 19 59 31.987 -0.018158 0.019411
800 2016-01-15 19 59 32.021 -0.029201 0.018112
801 2016-01-15 19 59 32.057 -0.024311 0.015782
802 2016-01-15 19 59 32.087 -0.024347 0.021059
803 2016-01-15 19 59 32.121 -0.035131 0.021311
804 2016-01-15 19 59 32.154 -0.027576 0.017184
805 2016-01-15 19 59 32.187 -0.027909 0.018605
806 2016-01-15 19 59 32.221 -0.020816 0.012738
807 2016-01-15 19 59 32.254 -0.008637 0.021927
808 2016-01-15 19 59 32.287 -0.022594 0.017276
809 2016-01-15 19 59 32.320 -0.026256 0.024922
810 2016-01-15 19 59 32.356 -0.016206 0.023309
811 2016-01-15 19 59 32.387 -0.019737 0.024276
812 2016-01-15 19 59 32.420 -0.008410 0.025582
813 2016-01-15 19 59 32.454 -0.007324 0.019049
814 2016-01-15 19 59 32.488 -0.015816 0.013170
815 2016-01-15 19 59 32.521 -0.015546 0.016895
816 2016-01-15 19 59 32.554 -0.003989 -0.000664
817 2016-01-15 19 59 32.588 -0.030188 0.024276
818 2016-01-15 19 59 32.620 -0.028236 0.027563
819 2016-01-15 19 59 32.654 -0.026284 0.021059
820 2016-01-15 19 59 32.688 -0.042945 0.018900
821 2016-01-15 19 59 32.721 -0.020021 0.022626
822 2016-01-15 19 59 32.754 -0.020894 0.033601
823 2016-01-15 19 59 32.787 -0.033161 0.022626
824 2016-01-15 19 59 32.821 -0.022292 0.023600
825 2016-01-15 19 59 32.854 -0.026270 0.021662
826 2016-01-15 19 59 32.888 -0.014510 0.022315
827 2016-01-15 19 59 32.921 -0.008854 0.017370
828 2016-01-15 19 59 32.954 -0.000312 0.022626
829 2016-01-15 19 59 32.988 -0.009766 0.025917
830 2016-01-15 19 59 33.021 -0.029237 0.014618
831 2016-01-15 19 59 33.054 -0.018988 0.018974
832 2016-01-15 19 59 33.088 -0.021628 0.026242
833 2016-01-15 19 59 33.120 -0.017509 0.013564
834 2016-01-15 19 59 33.154 -0.002268 0.014638
835 2016-01-15 19 59 33.187 -0.022292 0.018314
836 2016-01-15 19 59 33.221 -0.016593 0.015892
837 2016-01-15 19 59 33.254 -0.013953 0.015947
838 2016-01-15 19 59 33.287 -0.016735 0.006859
839 2016-01-15 19 59 33.321 -0.023566 0.024913
840 2016-01-15 19 59 33.354 -0.021990 0.020654
841 2016-01-15 19 59 33.387 -0.024964 0.005330
842 2016-01-15 19 59 33.420 -0.008864 0.014221
843 2016-01-15 19 59 33.455 -0.011295 0.025913
844 2016-01-15 19 59 33.488 -0.021863 0.013147
845 2016-01-15 19 59 33.521 -0.016884 0.018900
846 2016-01-15 19 59 33.554 -0.028562 0.021969
847 2016-01-15 19 59 33.588 -0.031231 0.013953
848 2016-01-15 19 59 33.621 -0.019464 0.019498
849 2016-01-15 19 59 33.654 -0.030219 0.020956
850 2016-01-15 19 59 33.687 -0.039868 0.031229
851 2016-01-15 19 59 33.721 -0.023566 0.021572
852 2016-01-15 19 59 33.754 -0.013041 0.007083
853 2016-01-15 19 59 33.787 -0.026600 0.012264
854 2016-01-15 19 59 33.821 -0.015025 0.019636
855 2016-01-15 19 59 33.854 -0.018988 0.016332
856 2016-01-15 19 59 33.887 -0.009531 0.014221
857 2016-01-15 19 59 33.920 -0.008197 0.018231
858 2016-01-15 19 59 33.954 -0.028867 0.015892
859 2016-01-15 19 59 33.989 -0.021763 0.017830
860 2016-01-15 19 59 34.020 -0.005316 0.019934
861 2016-01-15 19 59 34.054 -0.010202 0.010211
862 2016-01-15 19 59 34.087 0.009606 0.020174
863 2016-01-15 19 59 34.121 -0.000667 0.017940
864 2016-01-15 19 59 34.154 -0.028584 0.015835
865 2016-01-15 19 59 34.187 -0.020106 0.010316
866 2016-01-15 19 59 34.313 0.013953 0.018660
867 2016-01-15 19 59 34.363 0.028559 0.022908
868 2016-01-15 19 59 34.390 0.009361 0.020110
869 2016-01-15 19 59 34.414 -0.003027 0.020413
870 2016-01-15 19 59 34.459 0.014797 0.020654
871 2016-01-15 19 59 34.491 0.003832 0.008875
872 2016-01-15 19 59 34.532 0.011071 0.018523
873 2016-01-15 19 59 34.575 0.013289 0.034552
874 2016-01-15 19 59 34.611 -0.007115 0.029155
875 2016-01-15 19 59 34.641 -0.008637 0.025250
876 2016-01-15 19 59 34.660 -0.023963 0.017370
877 2016-01-15 19 59 34.687 -0.015163 0.024276
878 2016-01-15 19 59 34.721 -0.011781 0.039361
879 2016-01-15 19 59 34.755 -0.022533 0.022556
880 2016-01-15 19 59 34.787 -0.008424 0.033789
881 2016-01-15 19 59 34.821 -0.014620 0.033223
882 2016-01-15 19 59 34.855 0.002172 0.016794
883 2016-01-15 19 59 34.888 -0.029900 0.023921
884 2016-01-15 19 59 34.921 -0.027916 0.025922
885 2016-01-15 19 59 34.954 0.007842 0.035606
886 2016-01-15 19 59 34.988 -0.025915 0.018605
887 2016-01-15 19 59 35.021 -0.007757 0.026903
888 2016-01-15 19 59 35.054 -0.011661 0.021359
889 2016-01-15 19 59 35.087 -0.000667 0.029237
890 2016-01-15 19 59 35.122 -0.002658 0.036545
891 2016-01-15 19 59 35.154 -0.026589 0.025910
892 2016-01-15 19 59 35.187 -0.020968 0.020956
893 2016-01-15 19 59 35.221 -0.009737 0.024260
894 2016-01-15 19 59 35.255 -0.026589 0.026566
895 2016-01-15 19 59 35.287 -0.024584 0.025913
896 2016-01-15 19 59 35.321 -0.004187 0.026918
897 2016-01-15 19 59 35.355 0.010610 0.018357
898 2016-01-15 19 59 35.388 0.001661 0.033310
899 2016-01-15 19 59 35.421 -0.001512 0.024246
900 2016-01-15 19 59 35.462 -0.009304 0.030565
901 2016-01-15 19 59 35.497 -0.001512 0.034937
902 2016-01-15 19 59 35.520 -0.005568 0.022626
903 2016-01-15 19 59 35.554 -0.019936 0.019269
904 2016-01-15 19 59 35.587 -0.015816 0.022315
905 2016-01-15 19 59 35.621 0.014340 0.032342
906 2016-01-15 19 59 35.654 -0.024311 0.018396
907 2016-01-15 19 59 35.687 -0.011107 0.019196
908 2016-01-15 19 59 35.721 -0.023257 0.014618
909 2016-01-15 19 59 35.755 -0.019648 0.020956
910 2016-01-15 19 59 35.787 -0.011295 0.023921
911 2016-01-15 19 59 35.821 -0.012704 0.020850
912 2016-01-15 19 59 35.855 -0.018708 0.028537
913 2016-01-15 19 59 35.888 -0.017778 0.015782
914 2016-01-15 19 59 35.921 -0.004255 0.012115
915 2016-01-15 19 59 35.954 -0.006671 0.023621
916 2016-01-15 19 59 35.988 -0.005731 0.023901
917 2016-01-15 19 59 36.021 0.004138 0.017654
918 2016-01-15 19 59 36.054 -0.005773 0.016992
919 2016-01-15 19 59 36.087 0.013289 0.018605
920 2016-01-15 19 59 36.121 -0.010781 0.020413
921 2016-01-15 19 59 36.154 0.002846 0.018822
922 2016-01-15 19 59 36.188 -0.009531 0.021572
923 2016-01-15 19 59 36.221 0.000493 0.022241
924 2016-01-15 19 59 36.260 0.014524 0.018900
925 2016-01-15 19 59 36.287 0.015014 0.028962
926 2016-01-15 19 59 36.320 0.004138 0.022940
927 2016-01-15 19 59 36.355 0.002495 0.010880
928 2016-01-15 19 59 36.387 0.015862 0.026250
929 2016-01-15 19 59 36.420 0.013857 0.026918
930 2016-01-15 19 59 36.454 -0.000490 0.030867
931 2016-01-15 19 59 36.487 -0.002470 0.031527
932 2016-01-15 19 59 36.520 0.034485 0.027542
933 2016-01-15 19 59 36.553 0.016029 0.028223
934 2016-01-15 19 59 36.586 -0.013541 0.016895
935 2016-01-15 19 59 36.620 0.013761 0.028607
936 2016-01-15 19 59 36.653 -0.008637 0.021927
937 2016-01-15 19 59 36.686 0.005255 0.032421
938 2016-01-15 19 59 36.719 0.000664 0.027242
939 2016-01-15 19 59 36.753 0.007172 0.034181
940 2016-01-15 19 59 36.785 0.015947 0.027242
941 2016-01-15 19 59 36.819 -0.003325 0.031894
942 2016-01-15 19 59 36.852 -0.011295 0.029900
943 2016-01-15 19 59 36.885 0.000174 0.026242
944 2016-01-15 19 59 36.919 -0.000177 0.032932
945 2016-01-15 19 59 36.952 -0.015546 0.021572
946 2016-01-15 19 59 36.985 0.004351 0.033310
947 2016-01-15 19 59 37.018 0.005021 0.025246
948 2016-01-15 19 59 37.052 0.007580 0.024230
949 2016-01-15 19 59 37.085 0.013563 0.013002
950 2016-01-15 19 59 37.119 0.015947 0.022592
951 2016-01-15 19 59 37.152 0.022590 0.027242
952 2016-01-15 19 59 37.185 0.019932 0.029237
953 2016-01-15 19 59 37.218 0.001494 0.015672
954 2016-01-15 19 59 37.253 0.011295 0.011960
955 2016-01-15 19 59 37.285 -0.007324 0.030154
956 2016-01-15 19 59 37.318 -0.002282 0.025253
957 2016-01-15 19 59 37.352 -0.008637 0.019934
958 2016-01-15 19 59 37.385 -0.003407 0.019702
959 2016-01-15 19 59 37.418 -0.010592 0.019702
960 2016-01-15 19 59 37.452 -0.033889 0.025250
961 2016-01-15 19 59 37.485 -0.018988 0.041438
962 2016-01-15 19 59 37.519 -0.016611 0.038539
963 2016-01-15 19 59 37.552 -0.006224 0.029852
964 2016-01-15 19 59 37.585 -0.013126 0.022556
965 2016-01-15 19 59 37.619 0.004045 0.043601
966 2016-01-15 19 59 37.653 -0.009304 0.035216
967 2016-01-15 19 59 37.685 -0.000355 0.017180
968 2016-01-15 19 59 37.718 -0.021628 0.038795
969 2016-01-15 19 59 37.752 0.001160 0.026918
970 2016-01-15 19 59 37.785 -0.010869 0.024913
971 2016-01-15 19 59 37.818 -0.002562 0.028286
972 2016-01-15 19 59 37.852 -0.014510 0.018396
973 2016-01-15 19 59 37.885 0.000664 0.037210
974 2016-01-15 19 59 37.918 -0.037760 0.027881
975 2016-01-15 19 59 37.952 -0.033456 0.031461
976 2016-01-15 19 59 37.985 -0.012874 0.022908
977 2016-01-15 19 59 38.019 -0.000177 0.017562
978 2016-01-15 19 59 38.051 -0.016884 0.028923
979 2016-01-15 19 59 38.084 -0.026909 0.023577
980 2016-01-15 19 59 38.119 -0.009091 0.025917
981 2016-01-15 19 59 38.152 -0.007739 0.022161
982 2016-01-15 19 59 38.185 -0.029513 0.027519
983 2016-01-15 19 59 38.218 -0.011721 0.022278
984 2016-01-15 19 59 38.253 -0.016345 0.022940
985 2016-01-15 19 59 38.284 -0.010000 0.020850
986 2016-01-15 19 59 38.319 -0.027913 0.018523
987 2016-01-15 19 59 38.352 0.000000 0.014618
988 2016-01-15 19 59 38.386 -0.004255 0.022626
989 2016-01-15 19 59 38.418 -0.012551 0.024929
990 2016-01-15 19 59 38.451 -0.002282 0.021969
991 2016-01-15 19 59 38.485 -0.030219 0.022278
992 2016-01-15 19 59 38.519 -0.001700 0.024574
993 2016-01-15 19 59 38.551 -0.005983 0.029900
994 2016-01-15 19 59 38.585 0.003478 0.023600
995 2016-01-15 19 59 38.618 -0.013541 0.014890
996 2016-01-15 19 59 38.651 -0.025252 0.022592
997 2016-01-15 19 59 38.685 -0.019269 0.021263
998 2016-01-15 19 59 38.718 -0.034634 0.033983
999 2016-01-15 19 59 38.751 -0.017278 0.015947
1000 2016-01-15 19 59 38.785 -0.018112 0.019498
1001 2016-01-15 19 59 38.818 -0.022594 0.023921
1002 2016-01-15 19 59 38.851 -0.019648 0.034171
1003 2016-01-15 19 59 38.886 -0.014879 0.016226
1004 2016-01-15 19 59 38.918 0.001167 0.017090
1005 2016-01-15 19 59 38.951 0.005170 0.028255
1006 2016-01-15 19 59 38.985 -0.009968 0.024584
1007 2016-01-15 19 59 39.019 -0.022594 0.017276
1008 2016-01-15 19 59 39.051 -0.004187 0.018900
1009 2016-01-15 19 59 39.085 -0.006405 0.014491
1010 2016-01-15 19 59 39.119 -0.022115 0.023334
1011 2016-01-15 19 59 39.151 -0.033889 0.034552
1012 2016-01-15 19 59 39.185 -0.011295 0.021263
1013 2016-01-15 19 59 39.218 -0.014620 0.022592
1014 2016-01-15 19 59 39.253 -0.006881 0.009487
1015 2016-01-15 19 59 39.289 0.018935 0.024897
1016 2016-01-15 19 59 39.319 -0.013797 0.025917
1017 2016-01-15 19 59 39.351 0.005979 0.031894
1018 2016-01-15 19 59 39.385 0.018672 0.033509
1019 2016-01-15 19 59 39.418 -0.016079 0.021969
1020 2016-01-15 19 59 39.451 -0.017005 0.022278
1021 2016-01-15 19 59 39.485 -0.018325 0.026242
1022 2016-01-15 19 59 39.519 0.000174 0.015672
1023 2016-01-15 19 59 39.551 0.015014 0.014090
1024 2016-01-15 19 59 39.586 -0.008648 0.028286
1025 2016-01-15 19 59 39.618 -0.013126 0.016508
1026 2016-01-15 19 59 39.651 -0.020894 0.038947
1027 2016-01-15 19 59 39.685 -0.011898 0.025582
1028 2016-01-15 19 59 39.718 -0.018889 0.034268
1029 2016-01-15 19 59 39.751 0.010401 0.025917
1030 2016-01-15 19 59 39.785 -0.021628 0.024260
1031 2016-01-15 19 59 39.818 -0.018988 0.028885
1032 2016-01-15 19 59 39.851 -0.004453 0.024260
1033 2016-01-15 19 59 39.885 -0.024584 0.030565
1034 2016-01-15 19 59 39.918 -0.021990 0.027225
1035 2016-01-15 19 59 39.951 -0.000177 0.024913
1036 2016-01-15 19 59 39.985 0.005170 0.014890
1037 2016-01-15 19 59 40.019 0.022860 0.035388
1038 2016-01-15 19 59 40.051 0.021043 0.036802
1039 2016-01-15 19 59 40.085 -0.006618 0.028286
1040 2016-01-15 19 59 40.118 -0.007526 0.022908
1041 2016-01-15 19 59 40.152 -0.014879 0.026250
1042 2016-01-15 19 59 40.185 0.014432 0.027262
1043 2016-01-15 19 59 40.217 0.008509 0.021572
1044 2016-01-15 19 59 40.251 -0.006881 0.007516
1045 2016-01-15 19 59 40.285 0.023921 0.023255
1046 2016-01-15 19 59 40.317 0.006118 0.013689
1047 2016-01-15 19 59 40.351 0.001167 0.015129
1048 2016-01-15 19 59 40.385 0.018151 0.023621
1049 2016-01-15 19 59 40.417 -0.002849 0.022908
1050 2016-01-15 19 59 40.458 0.003524 0.014766
1051 2016-01-15 19 59 40.492 0.004287 0.022626
1052 2016-01-15 19 59 40.519 -0.000312 0.023939
1053 2016-01-15 19 59 40.551 0.019556 0.033495
1054 2016-01-15 19 59 40.584 0.004432 0.018396
1055 2016-01-15 19 59 40.617 0.002314 0.016055
1056 2016-01-15 19 59 40.652 0.001324 0.017762
1057 2016-01-15 19 59 40.684 0.005837 0.009544
1058 2016-01-15 19 59 40.717 0.004943 0.021969
1059 2016-01-15 19 59 40.751 -0.030532 0.019341
1060 2016-01-15 19 59 40.785 -0.018112 0.022878
1061 2016-01-15 19 59 40.818 -0.009737 0.030207
1062 2016-01-15 19 59 40.851 -0.048076 0.017180
1063 2016-01-15 19 59 40.885 -0.025571 0.014221
1064 2016-01-15 19 59 40.917 -0.006646 0.012624
1065 2016-01-15 19 59 40.951 -0.015678 0.020482
1066 2016-01-15 19 59 40.985 -0.015947 0.021927
1067 2016-01-15 19 59 41.018 -0.023208 0.017180
1068 2016-01-15 19 59 41.051 -0.014730 0.009356
1069 2016-01-15 19 59 41.084 -0.011536 0.006870
1070 2016-01-15 19 59 41.117 -0.013953 0.015947
1071 2016-01-15 19 59 41.153 0.012203 0.015042
1072 2016-01-15 19 59 41.184 -0.007526 0.001524
1073 2016-01-15 19 59 41.217 -0.012274 0.023882
1074 2016-01-15 19 59 41.251 0.023722 0.021478
1075 2016-01-15 19 59 41.285 0.005404 0.008242
1076 2016-01-15 19 59 41.318 0.000664 0.000665
1077 2016-01-15 19 59 41.351 0.006118 0.007743
1078 2016-01-15 19 59 41.385 0.109398 0.002917
1079 2016-01-15 19 59 41.421 -0.007746 0.013147
1080 2016-01-15 19 59 41.459 -0.004453 0.019636
1081 2016-01-15 19 59 41.501 -0.012274 0.021841
1082 2016-01-15 19 59 41.540 -0.000177 0.012885
1083 2016-01-15 19 59 41.581 -0.000667 0.011960
1084 2016-01-15 19 59 41.604 -0.012381 0.007083
1085 2016-01-15 19 59 41.625 -0.016856 0.013564
1086 2016-01-15 19 59 41.658 -0.019847 0.021213
1087 2016-01-15 19 59 41.685 -0.015142 0.021884
1088 2016-01-15 19 59 41.718 -0.005688 0.028317
1089 2016-01-15 19 59 41.752 -0.016760 0.014766
1090 2016-01-15 19 59 41.809 -0.009531 0.036942
1091 2016-01-15 19 59 41.875 -0.000901 0.036525
1092 2016-01-15 19 59 41.897 0.001494 0.033195
1093 2016-01-15 19 59 41.919 -0.004528 0.028678
1094 2016-01-15 19 59 41.952 -0.006618 0.024230
1095 2016-01-15 19 59 41.984 0.001828 0.032932
1096 2016-01-15 19 59 42.018 0.020596 0.013953
1097 2016-01-15 19 59 42.051 -0.015025 0.017654
1098 2016-01-15 19 59 42.086 0.006643 0.016611
1099 2016-01-15 19 59 42.116 0.025720 0.026965
1100 2016-01-15 19 59 42.152 0.025830 0.021526
1101 2016-01-15 19 59 42.184 -0.016501 0.030427
1102 2016-01-15 19 59 42.217 -0.005731 0.017853
1103 2016-01-15 19 59 42.250 0.021671 0.024214
1104 2016-01-15 19 59 42.284 0.001991 0.033223
1105 2016-01-15 19 59 42.317 0.023126 0.035722
1106 2016-01-15 19 59 42.351 0.013463 0.021478
1107 2016-01-15 19 59 42.384 -0.014315 0.014361
1108 2016-01-15 19 59 42.417 -0.009556 0.030001
1109 2016-01-15 19 59 42.451 -0.000355 0.025246
1110 2016-01-15 19 59 42.484 -0.011657 0.035963
1111 2016-01-15 19 59 42.517 -0.001657 0.022780
1112 2016-01-15 19 59 42.551 0.011185 0.039424
1113 2016-01-15 19 59 42.583 -0.007260 0.028383
1114 2016-01-15 19 59 42.617 0.019929 0.033381
1115 2016-01-15 19 59 42.651 -0.003758 0.036089
1116 2016-01-15 19 59 42.684 -0.007505 0.029735
1117 2016-01-15 19 59 42.717 0.001320 0.037767
1118 2016-01-15 19 59 42.751 0.015245 0.021055
1119 2016-01-15 19 59 42.784 0.006891 0.028715
1120 2016-01-15 19 59 42.817 0.015855 0.025582
1121 2016-01-15 19 59 42.851 0.003946 0.032586
1122 2016-01-15 19 59 42.885 0.000110 0.021428
1123 2016-01-15 19 59 42.917 0.021951 0.029888
1124 2016-01-15 19 59 42.950 -0.007055 0.029685
1125 2016-01-15 19 59 42.986 -0.000071 0.025234
1126 2016-01-15 19 59 43.018 -0.013304 -0.017241
1127 2016-01-15 19 59 43.051 0.030564 -0.105892
1128 2016-01-15 19 59 43.084 0.031231 -0.039240
1129 2016-01-15 19 59 43.117 0.047838 -0.128903
