 2.9480E+3  
 2.9474E+3  
 2.9474E+3  
 2.9480E+3  
 2.9477E+3  
 2.9474E+3  
 2.9474E+3  
 2.9474E+3  
 2.9474E+3  
 2.9477E+3  
 2.9477E+3  
 2.9477E+3  
 2.9474E+3  
 2.9480E+3  
 2.9480E+3  
 2.9477E+3  
 2.9477E+3  
 2.9480E+3  
 2.9474E+3  
 2.9477E+3  
 2.9483E+3  
 2.9474E+3  
 2.9480E+3  
 2.9477E+3  
 2.9474E+3  
 2.9477E+3  
 2.9474E+3  
 2.9477E+3  
 2.9474E+3  
 2.9477E+3  
 2.9477E+3  
 2.9477E+3  
 2.9477E+3  
 2.9480E+3  
 2.9477E+3  
 2.9477E+3  
 2.9477E+3  
 2.9477E+3  
 2.9480E+3  
 2.9477E+3  
 2.9474E+3  
 2.9477E+3  
 2.9480E+3  
 2.9471E+3  
 2.9474E+3  
 2.9477E+3  
 2.9474E+3  
 2.9477E+3  
 2.9477E+3  
 2.9474E+3  
 2.9477E+3  
 2.9477E+3  
 2.9477E+3  
 2.9477E+3  
 2.9474E+3  
 2.9477E+3  
 2.9477E+3  
 2.9474E+3  
 2.9477E+3  
 2.9480E+3  
 2.9474E+3  
 2.9477E+3  
 2.9477E+3  
 2.9477E+3  
 2.9477E+3  
 2.9477E+3  
 2.9477E+3  
 2.9474E+3  
 2.9474E+3  
 2.9477E+3  
 2.9477E+3  
 2.9474E+3  
 2.9474E+3  
 2.9477E+3  
 2.9471E+3  
 2.9477E+3  
 2.9477E+3  
 2.9477E+3  
 2.9474E+3  
 2.9477E+3  
 2.9477E+3  
 2.9480E+3  
 2.9477E+3  
 2.9477E+3  
 2.9477E+3  
 2.9477E+3  
 2.9480E+3  
 2.9477E+3  
 2.9477E+3  
 2.9477E+3  
 2.9474E+3  
 2.9477E+3  
 2.9477E+3  
 2.9477E+3  
 2.9480E+3  
 2.9477E+3  
 2.9471E+3  
 2.9474E+3  
 2.9480E+3  
 2.9480E+3  
 2.9474E+3  
 2.9477E+3  
 2.9477E+3  
 2.9477E+3  
 2.9474E+3  
 2.9477E+3  
 2.9474E+3  
 2.9477E+3  
 2.9474E+3  
 2.9474E+3  
 2.9474E+3  
 2.9474E+3  
 2.9474E+3  
 2.9471E+3  
 2.9474E+3  
 2.9477E+3  
 2.9477E+3  
 2.9477E+3  
 2.9474E+3  
 2.9477E+3  
 2.9477E+3  
 2.9474E+3  
 2.9474E+3  
 2.9477E+3  
 2.9477E+3  
 2.9474E+3  
 2.9477E+3  
 2.9486E+3  
 2.9477E+3  
 2.9477E+3  
 2.9477E+3  
 2.9474E+3  
 2.9477E+3  
 2.9477E+3  
 2.9477E+3  
 2.9480E+3  
 2.9477E+3  
 2.9474E+3  
 2.9477E+3  
 2.9480E+3  
 2.9477E+3  
 2.9474E+3  
 2.9477E+3  
 2.9477E+3  
 2.9486E+3  
 2.9474E+3  
 2.9477E+3  
 2.9477E+3  
 2.9477E+3  
 2.9477E+3  
 2.9477E+3  
 2.9474E+3  
 2.9477E+3  
 2.9477E+3  
 2.9477E+3  
 2.9477E+3  
 2.9477E+3  
 2.9474E+3  
 2.9477E+3  
 2.9474E+3  
 2.9474E+3  
 2.9477E+3  
 2.9474E+3  
 2.9474E+3  
 2.9480E+3  
 2.9474E+3  
 2.9477E+3  
 2.9477E+3  
 2.9477E+3  
 2.9477E+3  
 2.9477E+3  
 2.9474E+3  
 2.9477E+3  
 2.9480E+3  
 2.9474E+3  
 2.9480E+3  
 2.9477E+3  
 2.9480E+3  
 2.9477E+3  
 2.9477E+3  
 2.9477E+3  
 2.9474E+3  
 2.9477E+3  
 2.9474E+3  
 2.9477E+3  
 2.9477E+3  
 2.9474E+3  
 2.9474E+3  
 2.9474E+3  
 2.9477E+3  
 2.9477E+3  
 2.9471E+3  
 2.9477E+3  
 2.9477E+3  
 2.9477E+3  
 2.9477E+3  
 2.9474E+3  
 2.9474E+3  
 2.9477E+3  
 2.9477E+3  
 2.9477E+3  
 2.9477E+3  
 2.9474E+3  
 2.9477E+3  
 2.9474E+3  
 2.9474E+3  
 2.9477E+3  
 2.9474E+3  
 2.9474E+3  
 2.9474E+3  
 2.9477E+3  
 2.9477E+3  
 2.9471E+3  
 2.9477E+3  
 2.9474E+3  
 2.9477E+3  
 2.9477E+3  
 2.9477E+3  
 2.9471E+3  
 2.9474E+3  
 2.9477E+3  
 2.9471E+3  
 2.9477E+3  
 2.9477E+3  
 2.9477E+3  
 2.9477E+3  
 2.9471E+3  
 2.9477E+3  
 2.9477E+3  
 2.9474E+3  
 2.9477E+3  
 2.9477E+3  
 2.9477E+3  
 2.9474E+3  
 2.9474E+3  
 2.9474E+3  
 2.9477E+3  
 2.9477E+3  
 2.9474E+3  
 2.9474E+3  
 2.9474E+3  
 2.9474E+3  
 2.9474E+3  
 2.9477E+3  
 2.9474E+3  
 2.9477E+3  
 2.9477E+3  
 2.9477E+3  
 2.9477E+3  
 2.9474E+3  
 2.9477E+3  
 2.9477E+3  
 2.9477E+3  
 2.9474E+3  
 2.9477E+3  
 2.9477E+3  
 2.9465E+3  
 2.9468E+3  
 2.9529E+3  
 2.9492E+3  
 2.9517E+3  
 2.9480E+3  
 2.9504E+3  
 2.9489E+3  
 2.9517E+3  
 2.9529E+3  
 2.9495E+3  
 2.9590E+3  
 2.9593E+3  
 2.9620E+3  
 2.9471E+3  
 2.9529E+3  
 2.9471E+3  
 2.9474E+3  
 2.9495E+3  
 2.9584E+3  
 2.9596E+3  
 2.9599E+3  
 2.9581E+3  
 2.9565E+3  
 2.9599E+3  
 2.9572E+3  
 2.9575E+3  
 2.9544E+3  
 2.9565E+3  
 2.9565E+3  
 2.9608E+3  
 2.9599E+3  
 2.9556E+3  
 2.9553E+3  
 2.9565E+3  
 2.9547E+3  
 2.9565E+3  
 2.9541E+3  
 2.9605E+3  
 2.9593E+3  
 2.9660E+3  
 2.9599E+3  
 2.9547E+3  
 2.9715E+3  
 2.9553E+3  
 2.9568E+3  
 2.9547E+3  
 2.9712E+3  
 2.9684E+3  
 2.9636E+3  
 2.9544E+3  
 3.0249E+3  
 3.0887E+3  
 3.1403E+3  
 3.1519E+3  
 3.1497E+3  
 3.1921E+3  
 3.2516E+3  
 3.2947E+3  
 3.2913E+3  
 3.2736E+3  
 3.2813E+3  
 3.3221E+3  
 3.3667E+3  
 3.3472E+3  
 3.3325E+3  
 3.3212E+3  
 3.3456E+3  
 3.3716E+3  
 3.3609E+3  
 3.3273E+3  
 3.3032E+3  
 3.3237E+3  
 3.3484E+3  
 3.3289E+3  
 3.2971E+3  
 3.2602E+3  
 3.2727E+3  
 3.2907E+3  
 3.2770E+3  
 3.2297E+3  
 3.2095E+3  
 3.1903E+3  
 3.1989E+3  
 3.2135E+3  
 3.1564E+3  
 3.1097E+3  
 3.1052E+3  
 3.1342E+3  
 3.1305E+3  
 3.0792E+3  
 3.0368E+3  
 3.0197E+3  
 3.0371E+3  
 3.0490E+3  
 3.0222E+3  
 2.9434E+3  
 2.9434E+3  
 2.9559E+3  
 2.9715E+3  
 2.9501E+3  
 2.8967E+3  
 2.8656E+3  
 2.8952E+3  
 2.8989E+3  
 2.8934E+3  
 2.8391E+3  
 2.8043E+3  
 2.8278E+3  
 2.8372E+3  
 2.8351E+3  
 2.7936E+3  
 2.7777E+3  
 2.7802E+3  
 2.8180E+3  
 2.8174E+3  
 2.7835E+3  
 2.7356E+3  
 2.7475E+3  
 2.7905E+3  
 2.7911E+3  
 2.7600E+3  
 2.7396E+3  
 2.7319E+3  
 2.7811E+3  
 2.7881E+3  
 2.7710E+3  
 2.7322E+3  
 2.7377E+3  
 2.7731E+3  
 2.7969E+3  
 2.7960E+3  
 2.7679E+3  
 2.7475E+3  
 2.7826E+3  
 2.8317E+3  
 2.8189E+3  
 2.7936E+3  
 2.7805E+3  
 2.8192E+3  
 2.8497E+3  
 2.8613E+3  
 2.8409E+3  
 2.8180E+3  
 2.8488E+3  
 2.8949E+3  
 2.9047E+3  
 2.8851E+3  
 2.8677E+3  
 2.8925E+3  
 2.9434E+3  
 2.9581E+3  
 2.9480E+3  
 2.9144E+3  
 2.9324E+3  
 2.9727E+3  
 2.9999E+3  
 2.9858E+3  
 2.9550E+3  
 2.9626E+3  
 3.0209E+3  
 3.0536E+3  
 3.0298E+3  
 3.0090E+3  
 3.0121E+3  
 3.0505E+3  
 3.0768E+3  
 3.0774E+3  
 3.0511E+3  
 3.0368E+3  
 3.0737E+3  
 3.1128E+3  
 3.1189E+3  
 3.0835E+3  
 3.0664E+3  
 3.0826E+3  
 3.1339E+3  
 3.1433E+3  
 3.1009E+3  
 3.0737E+3  
 3.0942E+3  
 3.1363E+3  
 3.1436E+3  
 3.1140E+3  
 3.0753E+3  
 3.0914E+3  
 3.1165E+3  
 3.1348E+3  
 3.0981E+3  
 3.0682E+3  
 3.0685E+3  
 3.0774E+3  
 3.1116E+3  
 3.0804E+3  
 3.0609E+3  
 3.0078E+3  
 3.0457E+3  
 3.0728E+3  
 3.0521E+3  
 3.0121E+3  
 2.9752E+3  
 2.9984E+3  
 3.0222E+3  
 2.9910E+3  
 2.9599E+3  
 2.9086E+3  
 2.9269E+3  
 2.9501E+3  
 2.9337E+3  
 2.8824E+3  
 2.8378E+3  
 2.8436E+3  
 2.8580E+3  
 2.8363E+3  
 2.7972E+3  
 2.7606E+3  
 2.7383E+3  
 2.7756E+3  
 2.7710E+3  
 2.7316E+3  
 2.6846E+3  
 2.6605E+3  
 2.6770E+3  
 2.6886E+3  
 2.6575E+3  
 2.6038E+3  
 2.5818E+3  
 2.6035E+3  
 2.6254E+3  
 2.5922E+3  
 2.5473E+3  
 2.5278E+3  
 2.5461E+3  
 2.5684E+3  
 2.5491E+3  
 2.5064E+3  
 2.4945E+3  
 2.5119E+3  
 2.5525E+3  
 2.5494E+3  
 2.5137E+3  
 2.5000E+3  
 2.5284E+3  
 2.5693E+3  
 2.5879E+3  
 2.5723E+3  
 2.5610E+3  
 2.5964E+3  
 2.6566E+3  
 2.6889E+3  
 2.6962E+3  
 2.6941E+3  
 2.7304E+3  
 2.7948E+3  
 2.8781E+3  
 2.8992E+3  
 2.9535E+3  
 2.9446E+3  
 2.9523E+3  
 2.9446E+3  
 2.9559E+3  
 2.9431E+3  
 2.9507E+3  
 2.9410E+3  
 2.9514E+3  
 2.9398E+3  
 2.9584E+3  
 2.9517E+3  
 2.9529E+3  
 2.9431E+3  
 2.9465E+3  
 2.9266E+3  
 2.9465E+3  
 2.9462E+3  
 2.9547E+3  
 2.9538E+3  
 2.9492E+3  
 2.9480E+3  
 2.9517E+3  
 2.9535E+3  
 2.9507E+3  
 2.9471E+3  
 2.9495E+3  
 2.9526E+3  
 2.9529E+3  
 2.9501E+3  
 2.9498E+3  
 2.9507E+3  
 2.9520E+3  
 2.9504E+3  
 2.9492E+3  
 2.9495E+3  
 2.9507E+3  
 2.9517E+3  
 2.9495E+3  
 2.9495E+3  
 2.9514E+3  
 2.9517E+3  
 2.9495E+3  
 2.9495E+3  
 2.9520E+3  
 2.9529E+3  
 2.9495E+3  
 2.9483E+3  
 2.9507E+3  
 2.9517E+3  
 2.9504E+3  
 2.9492E+3  
 2.9492E+3  
 2.9517E+3  
 2.9529E+3  
 2.9504E+3  
 2.9486E+3  
 2.9507E+3  
 2.9526E+3  
 2.9520E+3  
 2.9495E+3  
 2.9486E+3  
 2.9504E+3  
 2.9523E+3  
 2.9507E+3  
 2.9483E+3  
 2.9507E+3  
 2.9517E+3  
 2.9517E+3  
 2.9495E+3  
 2.9495E+3  
 2.9517E+3  
 2.9520E+3  
 2.9507E+3  
 2.9498E+3  
 2.9504E+3  
 2.9514E+3  
 2.9504E+3  
 2.9498E+3  
 2.9492E+3  
 2.9507E+3  
 2.9517E+3  
 2.9507E+3  
 2.9492E+3  
 2.9507E+3  
 2.9517E+3  
 2.9507E+3  
 2.9507E+3  
 2.9504E+3  
 2.9504E+3  
 2.9517E+3  
 2.9504E+3  
 2.9507E+3  
 2.9504E+3  
 2.9507E+3  
 2.9507E+3  
 2.9504E+3  
 2.9504E+3  
 2.9511E+3  
 2.9504E+3  
 2.9507E+3  
 2.9507E+3  
 2.9504E+3  
 2.9504E+3  
 2.9504E+3  
 2.9504E+3  
 2.9507E+3  
 2.9504E+3  
 2.9504E+3  
 2.9504E+3  
 2.9507E+3  
 2.9507E+3  
 2.9507E+3  
 2.9507E+3  
 2.9504E+3  
 2.9507E+3  
 2.9504E+3  
 2.9507E+3  
 2.9504E+3  
 2.9504E+3  
 2.9501E+3  
 2.9504E+3  
 2.9517E+3  
 2.9507E+3  
 2.9504E+3  
 2.9504E+3  
 2.9507E+3  
 2.9504E+3  
 2.9511E+3  
 2.9504E+3  
 2.9504E+3  
 2.9504E+3  
 2.9501E+3  
 2.9504E+3  
 2.9507E+3  
 2.9507E+3  
 2.9507E+3  
 2.9504E+3  
 2.9504E+3  
 2.9507E+3  
 2.9514E+3  
 2.9504E+3  
 2.9504E+3  
 2.9507E+3  
 2.9504E+3  
 2.9504E+3  
 2.9507E+3  
 2.9501E+3  
 2.9504E+3  
 2.9507E+3  
 2.9504E+3  
 2.9507E+3  
 2.9507E+3  
 2.9504E+3  
 2.9504E+3  
 2.9504E+3  
 2.9507E+3  
 2.9504E+3  
 2.9504E+3  
 2.9507E+3  
 2.9504E+3  
 2.9507E+3  
 2.9501E+3  
 2.9504E+3  
 2.9501E+3  
 2.9511E+3  
 2.9507E+3  
 2.9507E+3  
 2.9504E+3  
 2.9507E+3  
 2.9507E+3  
 2.9501E+3  
 2.9504E+3  
 2.9504E+3  
 2.9504E+3  
 2.9504E+3  
 2.9507E+3  
 2.9511E+3  
 2.9504E+3  
 2.9504E+3  
 2.9507E+3  
 2.9517E+3  
 2.9504E+3  
 2.9504E+3  
 2.9504E+3  
 2.9514E+3  
 2.9507E+3  
 2.9483E+3  
 2.9495E+3  
 2.9504E+3  
 2.9504E+3  
 2.9495E+3  
 2.9498E+3  
 2.9507E+3  
 2.9504E+3  
 2.9501E+3  
 2.9492E+3  
 2.9507E+3  
 2.9504E+3  
 2.9504E+3  
 2.9492E+3  
 2.9501E+3  
 2.9501E+3  
 2.9507E+3  
 2.9504E+3  
 2.9507E+3  
 2.9504E+3  
 2.9507E+3  
 2.9501E+3  
 2.9501E+3  
 2.9504E+3  
 2.9504E+3  
 2.9507E+3  
 2.9504E+3  
 2.9504E+3  
 2.9507E+3  
 2.9504E+3  
 2.9507E+3  
 2.9507E+3  
 2.9504E+3  
 2.9504E+3  
 2.9504E+3  
 2.9504E+3  
 2.9504E+3  
 2.9507E+3  
 2.9504E+3  
 2.9507E+3  
 2.9507E+3  
 2.9504E+3  
 2.9514E+3  
 2.9504E+3  
 2.9504E+3  
 2.9504E+3  
 2.9514E+3  
 2.9504E+3  
 2.9504E+3  
 2.9504E+3  
 2.9507E+3  
 2.9514E+3  
 2.9504E+3  
 2.9511E+3  
 2.9514E+3  
 2.9517E+3  
 2.9517E+3  
 2.9517E+3  
 2.9517E+3  
 2.9504E+3  
 2.9504E+3  
 2.9504E+3  
 2.9504E+3  
 2.9501E+3  
 2.9504E+3  
 2.9504E+3  
 2.9507E+3  
 2.9514E+3  
 2.9504E+3  
 2.9504E+3  
 2.9507E+3  
 2.9517E+3  
 2.9507E+3  
 2.9507E+3  
 2.9511E+3  
 2.9504E+3  
 2.9507E+3  
 2.9504E+3  
 2.9507E+3  
 2.9507E+3  
 2.9504E+3  
 2.9507E+3  
 2.9507E+3  
 2.9504E+3  
 2.9514E+3  
 2.9517E+3  
 2.9504E+3  
 2.9507E+3  
 2.9517E+3  
 2.9517E+3  
 2.9504E+3  
 2.9504E+3  
 2.9520E+3  
 2.9517E+3  
 2.9504E+3  
 2.9507E+3  
 2.9507E+3  
 2.9520E+3  
 2.9511E+3  
 2.9507E+3  
 2.9504E+3  
 2.9517E+3  
 2.9507E+3  
 2.9504E+3  
 2.9517E+3  
 2.9520E+3  
 2.9511E+3  
 2.9504E+3  
 2.9507E+3  
 2.9517E+3  
 2.9504E+3  
 2.9507E+3  
 2.9504E+3  
 2.9517E+3  
 2.9514E+3  
 2.9507E+3  
 2.9504E+3  
 2.9517E+3  
 2.9517E+3  
 2.9501E+3  
 2.9504E+3  
 2.9504E+3  
 2.9517E+3  
 2.9517E+3  
 2.9507E+3  
 2.9501E+3  
 2.9517E+3  
 2.9517E+3  
 2.9507E+3  
 2.9507E+3  
 2.9517E+3  
 2.9507E+3  
 2.9504E+3  
 2.9504E+3  
 2.9517E+3  
 2.9517E+3  
 2.9507E+3  
 2.9507E+3  
 2.9517E+3  
 2.9504E+3  
 2.9504E+3  
 2.9507E+3  
 2.9507E+3  
 2.9504E+3  
 2.9507E+3  
 2.9507E+3  
 2.9507E+3  
 2.9501E+3  
 2.9507E+3  
 2.9504E+3  
 2.9507E+3  
 2.9507E+3  
 2.9507E+3  
 2.9507E+3  
 2.9507E+3  
 2.9507E+3  
 2.9504E+3  
 2.9507E+3  
 2.9520E+3  
 2.9504E+3  
 2.9504E+3  
 2.9517E+3  
 2.9514E+3  
 2.9507E+3  
 2.9504E+3  
 2.9514E+3  
 2.9504E+3  
 2.9507E+3  
 2.9504E+3  
 2.9517E+3  
 2.9517E+3  
 2.9517E+3  
 2.9507E+3  
 2.9507E+3  
 2.9517E+3  
 2.9520E+3  
 2.9507E+3  
 2.9507E+3  
 2.9517E+3  
 2.9507E+3  
 2.9504E+3  
 2.9504E+3  
 2.9514E+3  
 2.9517E+3  
 2.9514E+3  
 2.9507E+3  
 2.9504E+3  
 2.9514E+3  
 2.9514E+3  
 2.9507E+3  
 2.9504E+3  
 2.9517E+3  
 2.9517E+3  
 2.9504E+3  
 2.9504E+3  
 2.9517E+3  
 2.9514E+3  
 2.9517E+3  
 2.9507E+3  
 2.9507E+3  
 2.9511E+3  
 2.9517E+3  
 2.9517E+3  
 2.9507E+3  
 2.9517E+3  
 2.9517E+3  
 2.9504E+3  
 2.9517E+3  
 2.9514E+3  
 2.9517E+3  
 2.9520E+3  
 2.9517E+3  
 2.9517E+3  
 2.9507E+3  
 2.9517E+3  
 2.9520E+3  
 2.9507E+3  
 2.9507E+3  
 2.9514E+3  
 2.9514E+3  
 2.9507E+3  
 2.9511E+3  
 2.9517E+3  
 2.9514E+3  
 2.9517E+3  
 2.9507E+3  
 2.9520E+3  
 2.9517E+3  
 2.9517E+3  
 2.9507E+3  
 2.9507E+3  
 2.9517E+3  
 2.9520E+3  
 2.9511E+3  
 2.9504E+3  
 2.9517E+3  
 2.9517E+3  
 2.9507E+3  
 2.9507E+3  
 2.9517E+3  
 2.9520E+3  
 2.9517E+3  
 2.9507E+3  
 2.9507E+3  
 2.9511E+3  
 2.9514E+3  
 2.9507E+3  
 2.9507E+3  
 2.9517E+3  
 2.9517E+3  
 2.9507E+3  
 2.9507E+3  
 2.9514E+3  
 2.9517E+3  
 2.9517E+3  
 2.9507E+3  
 2.9507E+3  
 2.9517E+3  
 2.9520E+3  
 2.9507E+3  
 2.9504E+3  
 2.9520E+3  
 2.9520E+3  
 2.9507E+3  
 2.9507E+3  
 2.9507E+3  
 2.9514E+3  
 2.9514E+3  
 2.9507E+3  
 2.9504E+3  
 2.9520E+3  
 2.9514E+3  
 2.9507E+3  
 2.9504E+3  
 2.9517E+3  
 2.9517E+3  
 2.9504E+3  
 2.9507E+3  
 2.9520E+3  
 2.9517E+3  
 2.9517E+3  
 2.9507E+3  
 2.9507E+3  
 2.9517E+3  
 2.9517E+3  
 2.9507E+3  
 2.9507E+3  
 2.9504E+3  
 2.9520E+3  
 2.9520E+3  
 2.9507E+3  
 2.9504E+3  
 2.9517E+3  
 2.9517E+3  
 2.9507E+3  
 2.9507E+3  
 2.9507E+3  
 2.9517E+3  
 2.9507E+3  
 2.9504E+3  
 2.9507E+3  
 2.9517E+3  
 2.9520E+3  
 2.9507E+3  
 2.9507E+3  
 2.9517E+3  
 2.9520E+3  
 2.9517E+3  
 2.9511E+3  
 2.9504E+3  
 2.9520E+3  
 2.9514E+3  
 2.9507E+3  
 2.9507E+3  
 2.9514E+3  
 2.9517E+3  
 2.9507E+3  
 2.9504E+3  
 2.9504E+3  
 2.9520E+3  
 2.9507E+3  
 2.9507E+3  
 2.9507E+3  
 2.9517E+3  
 2.9517E+3  
 2.9511E+3  
 2.9507E+3  
 2.9517E+3  
 2.9520E+3  
 2.9520E+3  
 2.9504E+3  
 2.9504E+3  
 2.9504E+3  
 2.9517E+3  
 2.9507E+3  
 2.9507E+3  
 2.9504E+3  
 2.9520E+3  
 2.9511E+3  
 2.9504E+3  
 2.9507E+3  
 2.9517E+3  
 2.9507E+3  
 2.9507E+3  
 2.9507E+3  
 2.9517E+3  
 2.9507E+3  
 2.9507E+3  
 2.9507E+3  
 2.9520E+3  
 2.9511E+3  
 2.9507E+3  
 2.9511E+3  
 2.9517E+3  
 2.9520E+3  
 2.9507E+3  
 2.9507E+3  
 2.9507E+3  
 2.9507E+3  
 2.9511E+3  
 2.9507E+3  
 2.9511E+3  
 2.9498E+3  
 2.9507E+3  
 2.9507E+3  
 2.9507E+3  
 2.9498E+3  
 2.9507E+3  
 2.9517E+3  
 2.9507E+3  
 2.9498E+3  
 2.9507E+3  
 2.9520E+3  
 2.9507E+3  
 2.9504E+3  
 2.9507E+3  
 2.9504E+3  
 2.9520E+3  
 2.9504E+3  
 2.9507E+3  
 2.9511E+3  
 2.9517E+3  
 2.9511E+3  
 2.9504E+3  
 2.9511E+3  
 2.9517E+3  
 2.9507E+3  
 2.9507E+3  
 2.9507E+3  
 2.9507E+3  
 2.9507E+3  
 2.9511E+3  
 2.9507E+3  
 2.9504E+3  
 2.9507E+3  
 2.9504E+3  
 2.9507E+3  
 2.9507E+3  
 2.9507E+3  
 2.9507E+3  
 2.9507E+3  
 2.9507E+3  
 2.9517E+3  
 2.9517E+3  
 2.9507E+3  
 2.9507E+3  
 2.9511E+3  
 2.9517E+3  
 2.9507E+3  
 2.9507E+3  
 2.9507E+3  
 2.9520E+3  
 2.9507E+3  
 2.9507E+3  
 2.9507E+3  
 2.9520E+3  
 2.9507E+3  
 2.9507E+3  
 2.9507E+3  
 2.9511E+3  
 2.9504E+3  
 2.9507E+3  
 2.9504E+3  
 2.9507E+3  
 2.9507E+3  
 2.9511E+3  
 2.9504E+3  
 2.9507E+3  
 2.9507E+3  
 2.9511E+3  
 2.9507E+3  
 2.9507E+3  
 2.9507E+3  
 2.9507E+3  
 2.9507E+3  
 2.9507E+3  
 2.9504E+3  
 2.9507E+3  
 2.9507E+3  
 2.9504E+3  
 2.9511E+3  
 2.9507E+3  
 2.9511E+3  
 2.9504E+3  
 2.9507E+3  
 2.9504E+3  
 2.9507E+3  
 2.9504E+3  
 2.9507E+3  
 2.9507E+3  
 2.9511E+3  
 2.9511E+3  
 2.9507E+3  
 2.9511E+3  
 2.9511E+3  
 2.9507E+3  
 2.9511E+3  
 2.9507E+3  
 2.9511E+3  
 2.9504E+3  
 2.9504E+3  
 2.9504E+3  
 2.9511E+3  
 2.9507E+3  
 2.9511E+3  
 2.9507E+3  
 2.9507E+3  
 2.9507E+3  
 2.9507E+3  
 2.9507E+3  
 2.9511E+3  
 2.9507E+3  
 2.9507E+3  
 2.9511E+3  
 2.9507E+3  
 2.9507E+3  
 2.9504E+3  
 2.9507E+3  
 2.9507E+3  
 2.9507E+3  
 2.9507E+3  
 2.9507E+3  
 2.9511E+3  
 2.9507E+3  
 2.9507E+3  
 2.9507E+3  
 2.9507E+3  
 2.9507E+3  
 2.9507E+3  
 2.9507E+3  
 2.9504E+3  
 2.9507E+3  
 2.9507E+3  
 2.9507E+3  
 2.9507E+3  
 2.9504E+3  
 2.9507E+3  
 2.9511E+3  
 2.9507E+3  
 2.9507E+3  
 2.9507E+3  
 2.9507E+3  
 2.9504E+3  
 2.9504E+3  
 2.9507E+3  
 2.9507E+3  
 2.9507E+3  
 2.9511E+3  
 2.9507E+3  
 2.9507E+3  
 2.9511E+3  
 2.9507E+3  
 2.9511E+3  
 2.9507E+3  
 2.9504E+3  
 2.9507E+3  
 2.9507E+3  
 2.9507E+3  
 2.9507E+3  
 2.9504E+3  
 2.9507E+3  
 2.9507E+3  
 2.9507E+3  
 2.9504E+3  
 2.9507E+3  
 2.9504E+3  
 2.9507E+3  
 2.9511E+3  
 2.9507E+3  
 2.9514E+3  
 2.9507E+3  
 2.9507E+3  
 2.9511E+3  
 2.9507E+3  
 2.9511E+3  
 2.9511E+3  
 2.9511E+3  
 2.9511E+3  
 2.9507E+3  
 2.9511E+3  
 2.9507E+3  
 2.9507E+3  
 2.9507E+3  
 2.9507E+3  
 2.9507E+3  
 2.9504E+3  
 2.9507E+3  
 2.9507E+3  
 2.9507E+3  
 2.9511E+3  
 2.9507E+3  
 2.9511E+3  
 2.9507E+3  
 2.9507E+3  
 2.9507E+3  
 2.9511E+3  
 2.9511E+3  
 2.9501E+3  
 2.9507E+3  
 2.9507E+3  
 2.9507E+3  
 2.9511E+3  
 2.9504E+3  
 2.9507E+3  
 2.9507E+3  
 2.9507E+3  
 2.9511E+3  
 2.9507E+3  
 2.9507E+3  
 2.9504E+3  
 2.9511E+3  
 2.9507E+3  
 2.9507E+3  
 2.9511E+3  
 2.9507E+3  
 2.9507E+3  
 2.9507E+3  
 2.9511E+3  
 2.9507E+3  
 2.9511E+3  
 2.9511E+3  
 2.9504E+3  
 2.9511E+3  
 2.9507E+3  
 2.9511E+3  
 2.9507E+3  
 2.9507E+3  
 2.9507E+3  
 2.9514E+3  
 2.9507E+3  
 2.9511E+3  
 2.9511E+3  
 2.9511E+3  
 2.9511E+3  
 2.9507E+3  
 2.9507E+3  
 2.9507E+3  
 2.9507E+3  
 2.9507E+3  
 2.9504E+3  
 2.9507E+3  
 2.9507E+3  
 2.9504E+3  
 2.9511E+3  
 2.9507E+3  
 2.9511E+3  
 2.9498E+3  
 2.9507E+3  
 2.9507E+3  
 2.9511E+3  
 2.9511E+3  
 2.9514E+3  
 2.9507E+3  
 2.9507E+3  
 2.9511E+3  
 2.9511E+3  
 2.9511E+3  
 2.9520E+3  
 2.9507E+3  
 2.9511E+3  
 2.9507E+3  
 2.9511E+3  
 2.9504E+3  
 2.9511E+3  
 2.9507E+3  
 2.9507E+3  
 2.9520E+3  
 2.9511E+3  
 2.9507E+3  
 2.9511E+3  
 2.9517E+3  
 2.9507E+3  
 2.9511E+3  
 2.9511E+3  
 2.9507E+3  
 2.9520E+3  
 2.9507E+3  
 2.9511E+3  
 2.9511E+3  
 2.9511E+3  
 2.9507E+3  
 2.9507E+3  
 2.9511E+3  
 2.9511E+3  
 2.9507E+3  
 2.9507E+3  
 2.9507E+3  
 2.9507E+3  
 2.9511E+3  
