 2.9642E+3  
 2.9642E+3  
 2.9642E+3  
 2.9642E+3  
 2.9645E+3  
 2.9645E+3  
 2.9642E+3  
 2.9639E+3  
 2.9642E+3  
 2.9642E+3  
 2.9642E+3  
 2.9639E+3  
 2.9642E+3  
 2.9642E+3  
 2.9642E+3  
 2.9639E+3  
 2.9642E+3  
 2.9639E+3  
 2.9645E+3  
 2.9642E+3  
 2.9642E+3  
 2.9642E+3  
 2.9645E+3  
 2.9642E+3  
 2.9642E+3  
 2.9642E+3  
 2.9642E+3  
 2.9648E+3  
 2.9645E+3  
 2.9639E+3  
 2.9642E+3  
 2.9642E+3  
 2.9642E+3  
 2.9645E+3  
 2.9642E+3  
 2.9642E+3  
 2.9645E+3  
 2.9642E+3  
 2.9642E+3  
 2.9642E+3  
 2.9639E+3  
 2.9639E+3  
 2.9642E+3  
 2.9642E+3  
 2.9642E+3  
 2.9645E+3  
 2.9642E+3  
 2.9642E+3  
 2.9642E+3  
 2.9645E+3  
 2.9645E+3  
 2.9642E+3  
 2.9642E+3  
 2.9639E+3  
 2.9645E+3  
 2.9639E+3  
 2.9642E+3  
 2.9639E+3  
 2.9642E+3  
 2.9645E+3  
 2.9642E+3  
 2.9642E+3  
 2.9642E+3  
 2.9642E+3  
 2.9642E+3  
 2.9642E+3  
 2.9642E+3  
 2.9642E+3  
 2.9642E+3  
 2.9642E+3  
 2.9648E+3  
 2.9645E+3  
 2.9648E+3  
 2.9636E+3  
 2.9642E+3  
 2.9642E+3  
 2.9645E+3  
 2.9642E+3  
 2.9645E+3  
 2.9642E+3  
 2.9642E+3  
 2.9645E+3  
 2.9645E+3  
 2.9645E+3  
 2.9642E+3  
 2.9642E+3  
 2.9645E+3  
 2.9642E+3  
 2.9645E+3  
 2.9645E+3  
 2.9645E+3  
 2.9645E+3  
 2.9645E+3  
 2.9645E+3  
 2.9642E+3  
 2.9642E+3  
 2.9642E+3  
 2.9639E+3  
 2.9642E+3  
 2.9642E+3  
 2.9639E+3  
 2.9642E+3  
 2.9645E+3  
 2.9639E+3  
 2.9642E+3  
 2.9642E+3  
 2.9639E+3  
 2.9642E+3  
 2.9639E+3  
 2.9645E+3  
 2.9642E+3  
 2.9645E+3  
 2.9639E+3  
 2.9645E+3  
 2.9645E+3  
 2.9642E+3  
 2.9642E+3  
 2.9639E+3  
 2.9645E+3  
 2.9642E+3  
 2.9642E+3  
 2.9645E+3  
 2.9642E+3  
 2.9642E+3  
 2.9642E+3  
 2.9642E+3  
 2.9642E+3  
 2.9645E+3  
 2.9642E+3  
 2.9642E+3  
 2.9639E+3  
 2.9645E+3  
 2.9645E+3  
 2.9642E+3  
 2.9642E+3  
 2.9642E+3  
 2.9642E+3  
 2.9642E+3  
 2.9642E+3  
 2.9642E+3  
 2.9645E+3  
 2.9642E+3  
 2.9645E+3  
 2.9642E+3  
 2.9648E+3  
 2.9642E+3  
 2.9642E+3  
 2.9645E+3  
 2.9645E+3  
 2.9645E+3  
 2.9642E+3  
 2.9639E+3  
 2.9642E+3  
 2.9636E+3  
 2.9642E+3  
 2.9642E+3  
 2.9645E+3  
 2.9642E+3  
 2.9645E+3  
 2.9642E+3  
 2.9642E+3  
 2.9642E+3  
 2.9645E+3  
 2.9642E+3  
 2.9645E+3  
 2.9645E+3  
 2.9642E+3  
 2.9645E+3  
 2.9642E+3  
 2.9642E+3  
 2.9645E+3  
 2.9645E+3  
 2.9642E+3  
 2.9645E+3  
 2.9642E+3  
 2.9642E+3  
 2.9642E+3  
 2.9645E+3  
 2.9642E+3  
 2.9642E+3  
 2.9639E+3  
 2.9645E+3  
 2.9639E+3  
 2.9645E+3  
 2.9642E+3  
 2.9642E+3  
 2.9642E+3  
 2.9639E+3  
 2.9642E+3  
 2.9639E+3  
 2.9645E+3  
 2.9645E+3  
 2.9642E+3  
 2.9642E+3  
 2.9645E+3  
 2.9645E+3  
 2.9648E+3  
 2.9642E+3  
 2.9642E+3  
 2.9642E+3  
 2.9642E+3  
 2.9645E+3  
 2.9642E+3  
 2.9642E+3  
 2.9645E+3  
 2.9642E+3  
 2.9642E+3  
 2.9642E+3  
 2.9642E+3  
 2.9642E+3  
 2.9642E+3  
 2.9645E+3  
 2.9645E+3  
 2.9645E+3  
 2.9642E+3  
 2.9639E+3  
 2.9645E+3  
 2.9623E+3  
 2.9630E+3  
 2.9630E+3  
 2.9630E+3  
 2.9636E+3  
 2.9617E+3  
 2.9651E+3  
 2.9663E+3  
 2.9660E+3  
 2.9636E+3  
 2.9614E+3  
 2.9611E+3  
 2.9623E+3  
 2.9605E+3  
 2.9602E+3  
 2.9596E+3  
 2.9620E+3  
 2.9620E+3  
 2.9617E+3  
 2.9602E+3  
 2.9599E+3  
 2.9547E+3  
 2.9584E+3  
 2.9590E+3  
 2.9590E+3  
 2.9602E+3  
 2.9620E+3  
 2.9608E+3  
 2.9587E+3  
 2.9602E+3  
 2.9596E+3  
 2.9596E+3  
 2.9608E+3  
 2.9556E+3  
 2.9590E+3  
 2.9608E+3  
 2.9605E+3  
 2.9611E+3  
 2.9599E+3  
 2.9611E+3  
 2.9614E+3  
 2.9727E+3  
 2.9730E+3  
 2.9633E+3  
 2.9666E+3  
 2.9694E+3  
 2.9648E+3  
 2.9623E+3  
 2.9648E+3  
 2.9675E+3  
 2.9660E+3  
 2.9901E+3  
 2.9868E+3  
 3.0069E+3  
 3.0103E+3  
 3.0185E+3  
 3.0139E+3  
 3.0118E+3  
 3.0142E+3  
 3.0173E+3  
 2.9929E+3  
 2.9507E+3  
 2.9041E+3  
 2.8912E+3  
 2.8598E+3  
 2.8537E+3  
 2.8381E+3  
 2.8189E+3  
 2.8192E+3  
 2.8372E+3  
 2.8378E+3  
 2.8964E+3  
 2.9056E+3  
 2.9611E+3  
 3.0121E+3  
 3.0511E+3  
 3.0771E+3  
 3.1332E+3  
 3.1442E+3  
 3.1516E+3  
 3.1497E+3  
 3.1421E+3  
 3.1335E+3  
 3.0768E+3  
 3.0447E+3  
 2.9974E+3  
 2.9440E+3  
 2.8574E+3  
 2.8262E+3  
 2.7747E+3  
 2.7667E+3  
 2.7200E+3  
 2.7206E+3  
 2.7307E+3  
 2.7698E+3  
 2.7719E+3  
 2.8290E+3  
 2.8958E+3  
 2.9626E+3  
 3.0298E+3  
 3.0792E+3  
 3.1308E+3  
 3.1470E+3  
 3.1879E+3  
 3.1982E+3  
 3.1961E+3  
 3.1790E+3  
 3.1427E+3  
 3.1085E+3  
 3.0508E+3  
 2.9922E+3  
 2.9181E+3  
 2.8568E+3  
 2.7872E+3  
 2.7493E+3  
 2.7225E+3  
 2.7103E+3  
 2.7072E+3  
 2.7191E+3  
 2.7386E+3  
 2.7710E+3  
 2.8342E+3  
 2.8894E+3  
 2.9660E+3  
 3.0350E+3  
 3.0945E+3  
 3.1461E+3  
 3.1891E+3  
 3.2083E+3  
 3.2196E+3  
 3.2175E+3  
 3.1903E+3  
 3.1384E+3  
 3.1165E+3  
 3.0545E+3  
 2.9840E+3  
 2.9041E+3  
 2.8336E+3  
 2.7759E+3  
 2.7344E+3  
 2.7090E+3  
 2.6947E+3  
 2.6935E+3  
 2.7078E+3  
 2.7347E+3  
 2.7731E+3  
 2.8339E+3  
 2.8824E+3  
 2.9623E+3  
 3.0368E+3  
 3.1033E+3  
 3.1445E+3  
 3.1915E+3  
 3.2184E+3  
 3.2297E+3  
 3.2211E+3  
 3.1946E+3  
 3.1638E+3  
 3.1189E+3  
 3.0673E+3  
 3.0038E+3  
 2.9007E+3  
 2.8345E+3  
 2.7740E+3  
 2.7246E+3  
 2.7011E+3  
 2.6816E+3  
 2.6868E+3  
 2.6996E+3  
 2.7216E+3  
 2.7847E+3  
 2.8406E+3  
 2.8958E+3  
 2.9846E+3  
 3.0646E+3  
 3.1128E+3  
 3.1567E+3  
 3.1952E+3  
 3.2153E+3  
 3.2282E+3  
 3.2199E+3  
 3.1958E+3  
 3.1531E+3  
 3.1177E+3  
 3.0515E+3  
 2.9739E+3  
 2.9025E+3  
 2.8333E+3  
 2.7811E+3  
 2.7170E+3  
 2.6828E+3  
 2.6736E+3  
 2.6740E+3  
 2.6843E+3  
 2.7194E+3  
 2.7823E+3  
 2.8412E+3  
 2.9251E+3  
 2.9810E+3  
 3.0631E+3  
 3.1073E+3  
 3.1552E+3  
 3.2111E+3  
 3.2404E+3  
 3.2513E+3  
 3.2309E+3  
 3.2123E+3  
 3.1573E+3  
 3.0875E+3  
 3.0301E+3  
 2.9684E+3  
 2.8897E+3  
 2.8397E+3  
 2.7701E+3  
 2.7255E+3  
 2.6889E+3  
 2.6794E+3  
 2.6840E+3  
 2.6981E+3  
 2.7338E+3  
 2.7747E+3  
 2.8366E+3  
 2.8961E+3  
 2.9953E+3  
 3.0469E+3  
 3.1058E+3  
 3.1693E+3  
 3.2095E+3  
 3.2272E+3  
 3.2324E+3  
 3.2242E+3  
 3.2001E+3  
 3.1497E+3  
 3.0887E+3  
 3.0258E+3  
 2.9602E+3  
 2.9016E+3  
 2.8461E+3  
 2.7771E+3  
 2.7298E+3  
 2.6929E+3  
 2.6773E+3  
 2.6837E+3  
 2.7048E+3  
 2.7377E+3  
 2.7731E+3  
 2.8543E+3  
 2.9266E+3  
 2.9999E+3  
 3.0688E+3  
 3.1290E+3  
 3.1708E+3  
 3.2236E+3  
 3.2407E+3  
 3.2410E+3  
 3.2318E+3  
 3.2010E+3  
 3.1390E+3  
 3.0731E+3  
 3.0292E+3  
 2.9565E+3  
 2.9031E+3  
 2.8381E+3  
 2.7798E+3  
 2.7301E+3  
 2.6923E+3  
 2.6767E+3  
 2.6816E+3  
 2.7090E+3  
 2.7402E+3  
 2.7731E+3  
 2.8598E+3  
 2.9315E+3  
 3.0240E+3  
 3.0634E+3  
 3.1284E+3  
 3.1812E+3  
 3.2282E+3  
 3.2410E+3  
 3.2425E+3  
 3.2266E+3  
 3.2159E+3  
 3.1357E+3  
 3.0808E+3  
 3.0219E+3  
 2.9681E+3  
 2.9025E+3  
 2.8305E+3  
 2.7817E+3  
 2.7298E+3  
 2.6950E+3  
 2.6776E+3  
 2.6883E+3  
 2.7100E+3  
 2.7530E+3  
 2.8009E+3  
 2.8662E+3  
 2.9443E+3  
 3.0051E+3  
 3.0710E+3  
 3.1290E+3  
 3.1915E+3  
 3.2224E+3  
 3.2437E+3  
 3.2446E+3  
 3.2208E+3  
 3.2132E+3  
 3.1424E+3  
 3.0823E+3  
 3.0249E+3  
 2.9648E+3  
 2.8961E+3  
 2.8284E+3  
 2.7759E+3  
 2.7255E+3  
 2.6871E+3  
 2.6785E+3  
 2.6865E+3  
 2.7127E+3  
 2.7618E+3  
 2.8137E+3  
 2.8732E+3  
 2.9459E+3  
 3.0035E+3  
 3.0627E+3  
 3.1342E+3  
 3.2037E+3  
 3.2245E+3  
 3.2422E+3  
 3.2449E+3  
 3.2318E+3  
 3.1958E+3  
 3.1488E+3  
 3.0798E+3  
 3.0151E+3  
 2.9556E+3  
 2.8864E+3  
 2.8186E+3  
 2.7728E+3  
 2.7237E+3  
 2.6920E+3  
 2.6794E+3  
 2.6889E+3  
 2.7164E+3  
 2.7652E+3  
 2.8174E+3  
 2.8760E+3  
 2.9523E+3  
 3.0084E+3  
 3.0774E+3  
 3.1454E+3  
 3.1995E+3  
 3.2245E+3  
 3.2431E+3  
 3.2443E+3  
 3.2288E+3  
 3.2108E+3  
 3.1439E+3  
 3.0817E+3  
 3.0209E+3  
 2.9556E+3  
 2.8833E+3  
 2.8165E+3  
 2.7625E+3  
 2.7164E+3  
 2.6862E+3  
 2.6773E+3  
 2.6822E+3  
 2.7170E+3  
 2.7661E+3  
 2.8214E+3  
 2.8864E+3  
 2.9749E+3  
 3.0173E+3  
 3.0643E+3  
 3.1360E+3  
 3.2074E+3  
 3.2248E+3  
 3.2382E+3  
 3.2349E+3  
 3.2294E+3  
 3.2059E+3  
 3.1256E+3  
 3.0554E+3  
 3.0215E+3  
 2.9523E+3  
 2.8604E+3  
 2.8037E+3  
 2.7466E+3  
 2.7271E+3  
 2.6846E+3  
 2.6794E+3  
 2.6889E+3  
 2.7307E+3  
 2.7670E+3  
 2.8302E+3  
 2.8986E+3  
 2.9483E+3  
 3.0289E+3  
 3.0722E+3  
 3.1363E+3  
 3.1964E+3  
 3.2224E+3  
 3.2498E+3  
 3.2486E+3  
 3.2205E+3  
 3.1808E+3  
 3.1204E+3  
 3.0841E+3  
 3.0023E+3  
 2.9572E+3  
 2.8592E+3  
 2.8082E+3  
 2.7499E+3  
 2.7026E+3  
 2.6639E+3  
 2.6593E+3  
 2.6639E+3  
 2.7179E+3  
 2.7652E+3  
 2.8165E+3  
 2.8812E+3  
 2.9474E+3  
 3.0197E+3  
 3.0719E+3  
 3.1323E+3  
 3.1909E+3  
 3.2224E+3  
 3.2324E+3  
 3.2300E+3  
 3.2208E+3  
 3.1708E+3  
 3.1241E+3  
 3.0676E+3  
 2.9996E+3  
 2.9565E+3  
 2.8528E+3  
 2.7908E+3  
 2.7347E+3  
 2.7054E+3  
 2.6883E+3  
 2.6816E+3  
 2.6910E+3  
 2.7194E+3  
 2.7554E+3  
 2.8207E+3  
 2.8842E+3  
 2.9507E+3  
 3.0252E+3  
 3.0673E+3  
 3.1354E+3  
 3.2004E+3  
 3.2217E+3  
 3.2309E+3  
 3.2278E+3  
 3.2205E+3  
 3.1696E+3  
 3.1226E+3  
 3.0505E+3  
 2.9993E+3  
 2.9239E+3  
 2.8455E+3  
 2.7994E+3  
 2.7374E+3  
 2.6926E+3  
 2.6608E+3  
 2.6587E+3  
 2.6617E+3  
 2.7182E+3  
 2.7731E+3  
 2.8290E+3  
 2.8900E+3  
 2.9565E+3  
 3.0289E+3  
 3.0948E+3  
 3.1339E+3  
 3.1961E+3  
 3.2233E+3  
 3.2339E+3  
 3.2288E+3  
 3.2101E+3  
 3.1470E+3  
 3.1226E+3  
 3.0527E+3  
 2.9865E+3  
 2.9092E+3  
 2.8418E+3  
 2.7768E+3  
 2.7454E+3  
 2.7081E+3  
 2.6855E+3  
 2.6813E+3  
 2.6981E+3  
 2.7203E+3  
 2.7826E+3  
 2.8470E+3  
 2.8940E+3  
 2.9727E+3  
 3.0313E+3  
 3.0774E+3  
 3.1363E+3  
 3.1564E+3  
 3.1882E+3  
 3.1940E+3  
 3.1940E+3  
 3.1940E+3  
 3.1943E+3  
 3.1943E+3  
 3.1940E+3  
 3.1943E+3  
 3.1943E+3  
 3.1940E+3  
 3.1946E+3  
 3.1943E+3  
 3.1940E+3  
 3.1943E+3  
 3.1943E+3  
 3.1946E+3  
 3.1940E+3  
 3.1940E+3  
 3.1943E+3  
 3.1940E+3  
 3.1943E+3  
 3.1940E+3  
 3.1943E+3  
 3.1940E+3  
 3.1943E+3  
 3.1940E+3  
 3.1937E+3  
 3.1943E+3  
 3.1940E+3  
 3.1940E+3  
 3.1943E+3  
 3.1940E+3  
 3.1940E+3  
 3.1943E+3  
 3.1940E+3  
 3.1940E+3  
 3.1940E+3  
 3.1943E+3  
 3.1943E+3  
 3.1943E+3  
 3.1937E+3  
 3.1940E+3  
 3.1943E+3  
 3.1943E+3  
 3.1943E+3  
 3.1943E+3  
 3.1943E+3  
 3.1943E+3  
 3.1940E+3  
 3.1940E+3  
 3.1940E+3  
 3.1943E+3  
 3.1940E+3  
 3.1940E+3  
 3.1940E+3  
 3.1940E+3  
 3.1943E+3  
 3.1943E+3  
 3.1943E+3  
 3.1943E+3  
 3.1940E+3  
 3.1940E+3  
 3.1940E+3  
 3.1940E+3  
 3.1943E+3  
 3.1943E+3  
 3.1943E+3  
 3.1943E+3  
 3.1943E+3  
 3.1943E+3  
 3.1943E+3  
 3.1943E+3  
 3.1943E+3  
 3.1940E+3  
 3.1940E+3  
 3.1940E+3  
 3.1940E+3  
 3.1943E+3  
 3.1943E+3  
 3.1940E+3  
 3.1940E+3  
 3.1940E+3  
 3.1943E+3  
 3.1943E+3  
 3.1943E+3  
 3.1943E+3  
 3.1940E+3  
 3.1946E+3  
 3.1937E+3  
 3.1940E+3  
 3.1937E+3  
 3.1937E+3  
 3.1940E+3  
 3.1943E+3  
 3.1943E+3  
 3.1940E+3  
 3.1940E+3  
 3.1940E+3  
 3.1940E+3  
 3.1943E+3  
 3.1940E+3  
 3.1940E+3  
 3.1940E+3  
 3.1943E+3  
 3.1940E+3  
 3.1946E+3  
 3.1946E+3  
 3.1943E+3  
 3.1940E+3  
 3.1940E+3  
 3.1940E+3  
 3.1943E+3  
 3.1940E+3  
 3.1940E+3  
 3.1940E+3  
 3.1943E+3  
 3.1937E+3  
 3.1943E+3  
 3.1940E+3  
 3.1946E+3  
 3.1940E+3  
 3.1940E+3  
 3.1940E+3  
 3.1940E+3  
 3.1943E+3  
 3.1943E+3  
 3.1943E+3  
 3.1943E+3  
 3.1943E+3  
 3.1943E+3  
 3.1943E+3  
 3.1940E+3  
 3.1940E+3  
 3.1943E+3  
 3.1940E+3  
 3.1943E+3  
 3.1940E+3  
 3.1943E+3  
 3.1943E+3  
 3.1946E+3  
 3.1940E+3  
 3.1946E+3  
 3.1940E+3  
 3.1940E+3  
 3.1940E+3  
 3.1940E+3  
 3.1940E+3  
 3.1940E+3  
 3.1943E+3  
 3.1940E+3  
 3.1940E+3  
 3.1940E+3  
 3.1943E+3  
 3.1940E+3  
 3.1940E+3  
 3.1943E+3  
 3.1940E+3  
 3.1940E+3  
 3.1943E+3  
 3.1940E+3  
 3.1943E+3  
 3.1940E+3  
 3.1943E+3  
 3.1943E+3  
 3.1946E+3  
 3.1940E+3  
 3.1940E+3  
 3.1943E+3  
 3.1940E+3  
 3.1940E+3  
 3.1946E+3  
 3.1940E+3  
 3.1943E+3  
 3.1940E+3  
 3.1943E+3  
 3.1943E+3  
 3.1943E+3  
 3.1943E+3  
 3.1943E+3  
 3.1940E+3  
 3.1943E+3  
 3.1940E+3  
 3.1940E+3  
 3.1940E+3  
 3.1943E+3  
 3.1946E+3  
 3.1943E+3  
 3.1940E+3  
 3.1940E+3  
 3.1943E+3  
 3.1943E+3  
 3.1943E+3  
 3.1940E+3  
 3.1943E+3  
 3.1943E+3  
 3.1940E+3  
 3.1940E+3  
 3.1937E+3  
 3.1943E+3  
 3.1937E+3  
 3.1940E+3  
 3.1943E+3  
 3.1943E+3  
 3.1943E+3  
 3.1940E+3  
 3.1937E+3  
 3.1940E+3  
 3.1946E+3  
 3.1940E+3  
 3.1943E+3  
 3.1943E+3  
 3.1943E+3  
 3.1940E+3  
 3.1940E+3  
 3.1943E+3  
 3.1946E+3  
 3.1940E+3  
 3.1946E+3  
 3.1943E+3  
 3.1943E+3  
 3.1937E+3  
 3.1943E+3  
 3.1940E+3  
 3.1940E+3  
 3.1940E+3  
 3.1943E+3  
 3.1940E+3  
 3.1940E+3  
 3.1943E+3  
 3.1940E+3  
 3.1940E+3  
 3.1940E+3  
 3.1943E+3  
 3.1937E+3  
 3.1940E+3  
 3.1943E+3  
 3.1940E+3  
 3.1943E+3  
 3.1943E+3  
 3.1940E+3  
 3.1943E+3  
 3.1940E+3  
 3.1934E+3  
 3.1943E+3  
 3.1940E+3  
 3.1940E+3  
 3.1940E+3  
 3.1940E+3  
 3.1940E+3  
 3.1943E+3  
 3.1946E+3  
 3.1940E+3  
 3.1940E+3  
 3.1943E+3  
 3.1943E+3  
 3.1943E+3  
 3.1940E+3  
 3.1940E+3  
 3.1940E+3  
 3.1943E+3  
 3.1937E+3  
 3.1943E+3  
 3.1943E+3  
 3.1943E+3  
 3.1940E+3  
 3.1940E+3  
 3.1940E+3  
 3.1937E+3  
 3.1940E+3  
 3.1940E+3  
 3.1937E+3  
 3.1940E+3  
 3.1943E+3  
 3.1940E+3  
 3.1940E+3  
 3.1940E+3  
 3.1940E+3  
 3.1940E+3  
 3.1940E+3  
 3.1940E+3  
 3.1940E+3  
 3.1943E+3  
 3.1943E+3  
 3.1943E+3  
 3.1937E+3  
 3.1943E+3  
 3.1940E+3  
 3.1940E+3  
 3.1940E+3  
 3.1946E+3  
 3.1940E+3  
 3.1943E+3  
 3.1940E+3  
 3.1940E+3  
 3.1943E+3  
 3.1940E+3  
 3.1943E+3  
 3.1946E+3  
 3.1937E+3  
 3.1940E+3  
 3.1943E+3  
 3.1943E+3  
 3.1937E+3  
 3.1943E+3  
 3.1940E+3  
 3.1943E+3  
 3.1943E+3  
 3.1943E+3  
 3.1943E+3  
 3.1940E+3  
 3.1943E+3  
 3.1943E+3  
 3.1946E+3  
 3.1940E+3  
 3.1943E+3  
 3.1943E+3  
 3.1940E+3  
 3.1940E+3  
 3.1940E+3  
 3.1943E+3  
 3.1943E+3  
 3.1943E+3  
 3.1940E+3  
 3.1943E+3  
 3.1940E+3  
 3.1946E+3  
 3.1940E+3  
 3.1940E+3  
 3.1943E+3  
 3.1943E+3  
 3.1943E+3  
 3.1943E+3  
 3.1943E+3  
 3.1943E+3  
 3.1940E+3  
 3.1940E+3  
 3.1943E+3  
 3.1940E+3  
 3.1940E+3  
 3.1940E+3  
 3.1943E+3  
 3.1940E+3  
 3.1943E+3  
 3.1943E+3  
 3.1943E+3  
 3.1940E+3  
 3.1943E+3  
 3.1946E+3  
 3.1946E+3  
 3.1943E+3  
 3.1940E+3  
 3.1940E+3  
 3.1940E+3  
 3.1940E+3  
 3.1943E+3  
 3.1943E+3  
 3.1940E+3  
 3.1946E+3  
 3.1940E+3  
 3.1940E+3  
 3.1937E+3  
 3.1943E+3  
 3.1940E+3  
 3.1940E+3  
 3.1937E+3  
 3.1943E+3  
 3.1946E+3  
 3.1940E+3  
 3.1937E+3  
 3.1940E+3  
 3.1940E+3  
 3.1940E+3  
 3.1943E+3  
 3.1940E+3  
 3.1934E+3  
 3.1943E+3  
 3.1943E+3  
 3.1943E+3  
 3.1943E+3  
 3.1943E+3  
 3.1943E+3  
 3.1943E+3  
 3.1943E+3  
 3.1940E+3  
 3.1940E+3  
 3.1943E+3  
 3.1940E+3  
 3.1943E+3  
 3.1943E+3  
 3.1940E+3  
 3.1943E+3  
 3.1943E+3  
 3.1940E+3  
 3.1943E+3  
 3.1943E+3  
 3.1937E+3  
 3.1943E+3  
 3.1943E+3  
 3.1943E+3  
 3.1946E+3  
 3.1943E+3  
 3.1943E+3  
 3.1943E+3  
 3.1940E+3  
 3.1940E+3  
 3.1940E+3  
 3.1940E+3  
 3.1937E+3  
 3.1940E+3  
 3.1943E+3  
 3.1940E+3  
 3.1943E+3  
 3.1940E+3  
 3.1943E+3  
 3.1940E+3  
 3.1943E+3  
 3.1940E+3  
 3.1940E+3  
 3.1943E+3  
 3.1943E+3  
 3.1943E+3  
 3.1943E+3  
 3.1940E+3  
 3.1940E+3  
 3.1940E+3  
 3.1943E+3  
 3.1943E+3  
 3.1943E+3  
 3.1940E+3  
 3.1940E+3  
 3.1940E+3  
 3.1946E+3  
 3.1940E+3  
 3.1943E+3  
 3.1940E+3  
 3.1940E+3  
 3.1940E+3  
 3.1937E+3  
 3.1943E+3  
 3.1943E+3  
 3.1940E+3  
 3.1940E+3  
 3.1943E+3  
 3.1943E+3  
 3.1940E+3  
 3.1943E+3  
 3.1946E+3  
 3.1940E+3  
 3.1943E+3  
 3.1946E+3  
 3.1943E+3  
 3.1943E+3  
 3.1943E+3  
 3.1943E+3  
 3.1943E+3  
 3.1943E+3  
 3.1943E+3  
 3.1946E+3  
 3.1940E+3  
 3.1943E+3  
 3.1943E+3  
 3.1946E+3  
 3.1940E+3  
 3.1940E+3  
 3.1940E+3  
 3.1943E+3  
 3.1946E+3  
 3.1943E+3  
 3.1943E+3  
 3.1943E+3  
 3.1943E+3  
 3.1943E+3  
 3.1946E+3  
 3.1940E+3  
 3.1940E+3  
 3.1940E+3  
 3.1943E+3  
 3.1940E+3  
 3.1943E+3  
 3.1943E+3  
 3.1943E+3  
 3.1943E+3  
 3.1940E+3  
 3.1943E+3  
 3.1940E+3  
 3.1940E+3  
 3.1937E+3  
 3.1940E+3  
 3.1943E+3  
 3.1940E+3  
 3.1943E+3  
 3.1943E+3  
 3.1940E+3  
 3.1946E+3  
 3.1940E+3  
 3.1940E+3  
 3.1943E+3  
 3.1943E+3  
 3.1940E+3  
 3.1943E+3  
 3.1946E+3  
 3.1943E+3  
 3.1943E+3  
 3.1943E+3  
 3.1940E+3  
 3.1943E+3  
 3.1943E+3  
 3.1940E+3  
 3.1937E+3  
 3.1943E+3  
 3.1943E+3  
 3.1943E+3  
 3.1940E+3  
 3.1940E+3  
 3.1943E+3  
 3.1943E+3  
 3.1943E+3  
 3.1943E+3  
 3.1943E+3  
 3.1940E+3  
 3.1940E+3  
 3.1940E+3  
 3.1943E+3  
 3.1943E+3  
 3.1943E+3  
 3.1946E+3  
 3.1943E+3  
 3.1943E+3  
 3.1943E+3  
 3.1943E+3  
 3.1943E+3  
 3.1943E+3  
 3.1943E+3  
 3.1946E+3  
 3.1943E+3  
 3.1940E+3  
 3.1943E+3  
 3.1943E+3  
 3.1943E+3  
 3.1943E+3  
 3.1943E+3  
 3.1943E+3  
 3.1940E+3  
 3.1943E+3  
 3.1946E+3  
 3.1940E+3  
 3.1946E+3  
 3.1943E+3  
 3.1937E+3  
 3.1943E+3  
 3.1943E+3  
 3.1943E+3  
 3.1940E+3  
 3.1940E+3  
 3.1943E+3  
 3.1943E+3  
 3.1943E+3  
 3.1940E+3  
 3.1943E+3  
 3.1943E+3  
 3.1940E+3  
 3.1943E+3  
 3.1943E+3  
 3.1940E+3  
 3.1943E+3  
 3.1940E+3  
 3.1946E+3  
 3.1940E+3  
 3.1940E+3  
 3.1940E+3  
 3.1940E+3  
 3.1940E+3  
 3.1943E+3  
 3.1943E+3  
 3.1940E+3  
 3.1943E+3  
 3.1940E+3  
 3.1943E+3  
