1 2016/1/16 15 8 35.003 0.036521 -0.003326549
2 2016/1/16 15 8 35.037 0.041944 -0.008762864
3 2016/1/16 15 8 35.07 0.039608 -0.007095197
4 2016/1/16 15 8 35.106 0.043502 -0.009505982
5 2016/1/16 15 8 35.141 0.050969 0.002978242
6 2016/1/16 15 8 35.17 0.051102 0.002103718
7 2016/1/16 15 8 35.203 0.039034 0.001413427
8 2016/1/16 15 8 35.237 0.041276 0.001479239
9 2016/1/16 15 8 35.27 0.034637 -0.014457707
10 2016/1/16 15 8 35.303 0.023246 0.003395654
11 2016/1/16 15 8 35.337 0.030426 -0.003069426
12 2016/1/16 15 8 35.37 0.037165 0.0067264
13 2016/1/16 15 8 35.404 0.039667 -0.012523087
14 2016/1/16 15 8 35.436 0.042441 0.013547223
15 2016/1/16 15 8 35.47 0.038653 -0.008632909
16 2016/1/16 15 8 35.503 0.037795 0.011401793
17 2016/1/16 15 8 35.536 0.033407 0.018861037
18 2016/1/16 15 8 35.57 0.040179 0.003208304
19 2016/1/16 15 8 35.603 0.037692 0.003405162
20 2016/1/16 15 8 35.637 0.01976 -0.00838715
21 2016/1/16 15 8 35.67 0.01635 0.005684777
22 2016/1/16 15 8 35.703 0.003415 -8.06E-05
23 2016/1/16 15 8 35.737 0.007295 -0.010163923
24 2016/1/16 15 8 35.77 0.015454 0.004611055
25 2016/1/16 15 8 35.804 0.015291 0.013409858
26 2016/1/16 15 8 35.836 0.010587 0.00948821
27 2016/1/16 15 8 35.869 0.015484 -0.00209866
28 2016/1/16 15 8 35.903 0.017607 -0.000188577
29 2016/1/16 15 8 35.936 0.014925 -0.007609416
30 2016/1/16 15 8 35.97 0.025337 0.023274631
31 2016/1/16 15 8 36.003 0.02686 0.006569221
32 2016/1/16 15 8 36.037 0.03081 -0.004166981
33 2016/1/16 15 8 36.07 0.040403 -0.00010754
34 2016/1/16 15 8 36.103 0.038493 0.005291754
35 2016/1/16 15 8 36.137 0.038925 -0.003069258
36 2016/1/16 15 8 36.171 0.037239 0.003249859
37 2016/1/16 15 8 36.203 0.032913 0.001893417
38 2016/1/16 15 8 36.238 0.038508 -0.008224142
39 2016/1/16 15 8 36.269 0.039788 -0.001145183
40 2016/1/16 15 8 36.304 0.04226 -0.013169286
41 2016/1/16 15 8 36.336 0.050191 -0.002595376
42 2016/1/16 15 8 36.37 0.043949 0.008322907
43 2016/1/16 15 8 36.403 0.03705 0.00671125
44 2016/1/16 15 8 36.437 0.040412 -0.000896403
45 2016/1/16 15 8 36.471 0.027862 0.003909806
46 2016/1/16 15 8 36.503 0.030024 0.000750101
47 2016/1/16 15 8 36.536 0.032425 0.005968662
48 2016/1/16 15 8 36.571 0.036887 -0.001163454
49 2016/1/16 15 8 36.603 0.036867 0.002422859
50 2016/1/16 15 8 36.636 0.036674 3.36E-05
51 2016/1/16 15 8 36.67 0.050384 0.00444264
52 2016/1/16 15 8 36.703 0.048899 0.004013625
53 2016/1/16 15 8 36.736 0.043742 -0.004478311
54 2016/1/16 15 8 36.769 0.048186 -0.004033423
55 2016/1/16 15 8 36.803 0.038505 0.012848814
56 2016/1/16 15 8 36.837 0.034134 0.011595421
57 2016/1/16 15 8 36.87 0.032756 -0.006844225
58 2016/1/16 15 8 36.903 0.04315 0.011776743
59 2016/1/16 15 8 36.937 0.051286 0.002879999
60 2016/1/16 15 8 36.97 0.0414 -0.015658966
61 2016/1/16 15 8 37.003 0.037103 0.008484362
62 2016/1/16 15 8 37.036 0.050611 0.01408628
63 2016/1/16 15 8 37.07 0.048881 0.024399947
64 2016/1/16 15 8 37.103 0.038774 -0.018432284
65 2016/1/16 15 8 37.136 0.044091 0.016524505
66 2016/1/16 15 8 37.169 0.029956 -0.000971605
67 2016/1/16 15 8 37.203 0.051008 -0.021888768
68 2016/1/16 15 8 37.237 0.038369 -0.005128233
69 2016/1/16 15 8 37.269 0.039534 -0.018405267
70 2016/1/16 15 8 37.303 0.051646 0.000645325
71 2016/1/16 15 8 37.336 0.059367 -0.011010754
72 2016/1/16 15 8 37.37 0.053308 0.006127247
73 2016/1/16 15 8 37.403 0.062665 -0.001959329
74 2016/1/16 15 8 37.436 0.052758 0.003359144
75 2016/1/16 15 8 37.469 0.063256 -0.000974885
76 2016/1/16 15 8 37.503 0.058134 -0.023049658
77 2016/1/16 15 8 37.536 0.050697 0.002727922
78 2016/1/16 15 8 37.569 0.03917 -0.009136571
79 2016/1/16 15 8 37.602 0.033776 0.009746769
80 2016/1/16 15 8 37.636 0.042982 -0.004088379
81 2016/1/16 15 8 37.669 0.039356 -0.008333935
82 2016/1/16 15 8 37.704 0.036003 0.003219711
83 2016/1/16 15 8 37.736 0.034028 -0.004923787
84 2016/1/16 15 8 37.77 0.043198 -0.007764778
85 2016/1/16 15 8 37.803 0.039889 0.006526001
86 2016/1/16 15 8 37.836 0.034868 -0.015911297
87 2016/1/16 15 8 37.869 0.037541 0.000906483
88 2016/1/16 15 8 37.903 0.018668 0.022581303
89 2016/1/16 15 8 37.936 0.013615 0.011997474
90 2016/1/16 15 8 37.969 0.011352 0.002792881
91 2016/1/16 15 8 38.001 0.022516 -0.000276452
92 2016/1/16 15 8 38.035 0.031431 0.018779353
93 2016/1/16 15 8 38.068 0.034273 -0.014120725
94 2016/1/16 15 8 38.102 0.025724 -0.011367421
95 2016/1/16 15 8 38.135 0.022516 -0.020446414
96 2016/1/16 15 8 38.168 0.01459 0.007192435
97 2016/1/16 15 8 38.201 0.006843 0.008538396
98 2016/1/16 15 8 38.234 0.013082 -0.007341541
99 2016/1/16 15 8 38.268 0.008673 -0.02857238
100 2016/1/16 15 8 38.302 0.006523 0.002621159
101 2016/1/16 15 8 38.335 0.006142 0.009673126
102 2016/1/16 15 8 38.368 0.016093 0.007488722
103 2016/1/16 15 8 38.401 0.003389 0.018501431
104 2016/1/16 15 8 38.434 -0.003383 0.008084023
105 2016/1/16 15 8 38.468 -0.004622 0.004088935
106 2016/1/16 15 8 38.501 -0.005743 -0.0135742
107 2016/1/16 15 8 38.535 0.003543 -0.006391209
108 2016/1/16 15 8 38.568 -0.007038 -0.000512168
109 2016/1/16 15 8 38.601 0.007848 -0.002850206
110 2016/1/16 15 8 38.635 0.001576 -0.008269678
111 2016/1/16 15 8 38.668 0.009395 -0.003376542
112 2016/1/16 15 8 38.701 0.001499 0.012348416
113 2016/1/16 15 8 38.735 -0.002549 0.000489092
114 2016/1/16 15 8 38.767 0.007541 -0.001574965
115 2016/1/16 15 8 38.801 0.018127 0.007535996
116 2016/1/16 15 8 38.834 0.025984 0.007630442
117 2016/1/16 15 8 38.867 0.014602 0.000586231
118 2016/1/16 15 8 38.903 0.014747 -0.010138412
119 2016/1/16 15 8 38.936 0.015723 0.004780138
120 2016/1/16 15 8 38.967 0.020265 -0.002879207
121 2016/1/16 15 8 39.002 0.0268 -0.012622675
122 2016/1/16 15 8 39.034 0.007733 0.006843027
123 2016/1/16 15 8 39.068 0.01334 -0.002938902
124 2016/1/16 15 8 39.101 0.019946 0.001755307
125 2016/1/16 15 8 39.135 0.010208 -0.009370513
126 2016/1/16 15 8 39.168 0.011264 -0.002550143
127 2016/1/16 15 8 39.201 0.0137 0.004011017
128 2016/1/16 15 8 39.234 -0.001079 0.008760488
129 2016/1/16 15 8 39.267 -0.003442 0.012601678
130 2016/1/16 15 8 39.301 -0.004107 0.003904232
131 2016/1/16 15 8 39.334 -0.006751 -0.005436603
132 2016/1/16 15 8 39.368 -0.022208 -0.005791895
133 2016/1/16 15 8 39.401 -0.013597 0.001490827
134 2016/1/16 15 8 39.435 -0.006544 -0.008786728
135 2016/1/16 15 8 39.467 -0.012654 -0.004373391
136 2016/1/16 15 8 39.501 0.001115 -4.48E-05
137 2016/1/16 15 8 39.534 -0.002605 0.003962511
138 2016/1/16 15 8 39.567 -0.012384 -0.010568041
139 2016/1/16 15 8 39.601 -0.018473 -0.003838899
140 2016/1/16 15 8 39.634 -0.002011 0.011689662
141 2016/1/16 15 8 39.667 -0.012506 0.007566559
142 2016/1/16 15 8 39.701 -0.042799 -0.022283595
143 2016/1/16 15 8 39.734 -0.033333 0.01478108
144 2016/1/16 15 8 39.768 -0.02827 0.006207542
145 2016/1/16 15 8 39.801 -0.017613 0.02061436
146 2016/1/16 15 8 39.835 -0.012334 0.002535792
147 2016/1/16 15 8 39.867 -0.016338 -0.020576058
148 2016/1/16 15 8 39.901 -0.033767 -0.00841949
149 2016/1/16 15 8 39.934 -0.022359 -9.55E-05
150 2016/1/16 15 8 39.968 -0.006021 0.004882839
151 2016/1/16 15 8 40.001 0.008969 -0.002390747
152 2016/1/16 15 8 40.035 0.007479 0.010478233
153 2016/1/16 15 8 40.067 0.00844 -0.009809148
154 2016/1/16 15 8 40.105 0.007647 0.01624732
155 2016/1/16 15 8 40.139 0.025851 0.009258619
156 2016/1/16 15 8 40.168 0.022453 0.006208513
157 2016/1/16 15 8 40.201 0.008871 0.01369407
158 2016/1/16 15 8 40.234 0.026419 -0.004700807
159 2016/1/16 15 8 40.268 0.030231 -0.004324618
160 2016/1/16 15 8 40.301 0.030636 0.012220355
161 2016/1/16 15 8 40.334 0.019919 0.003825303
162 2016/1/16 15 8 40.367 0.02843 -0.022475339
163 2016/1/16 15 8 40.401 0.018346 0.008109218
164 2016/1/16 15 8 40.434 0.025925 -0.015462126
165 2016/1/16 15 8 40.467 0.015022 -0.002953378
166 2016/1/16 15 8 40.5 0.017894 0.021085315
167 2016/1/16 15 8 40.538 0.018813 -0.005982575
168 2016/1/16 15 8 40.568 0.028968 0.004400932
169 2016/1/16 15 8 40.601 0.024015 0.002284254
170 2016/1/16 15 8 40.634 0.022776 -0.021606536
171 2016/1/16 15 8 40.668 0.018636 0.021556395
172 2016/1/16 15 8 40.701 0.016273 -0.013421082
173 2016/1/16 15 8 40.734 0.012124 -0.01810194
174 2016/1/16 15 8 40.767 0.027436 0.006687733
175 2016/1/16 15 8 40.801 0.028155 -0.009966077
176 2016/1/16 15 8 40.834 0.029364 0.013591858
177 2016/1/16 15 8 40.867 0.030319 0.002317024
178 2016/1/16 15 8 40.901 0.02075 -0.001612552
179 2016/1/16 15 8 40.934 0.008481 -0.029310206
180 2016/1/16 15 8 40.967 -0.004669 -0.014376064
181 2016/1/16 15 8 41.001 0.010105 0.004396697
182 2016/1/16 15 8 41.034 0.009256 0.007134856
183 2016/1/16 15 8 41.067 -0.000305 -0.000109289
184 2016/1/16 15 8 41.101 0.014549 -0.011868833
185 2016/1/16 15 8 41.134 0.013913 -0.010051534
186 2016/1/16 15 8 41.167 0.011562 -0.006364753
187 2016/1/16 15 8 41.201 0.018733 0.000763611
188 2016/1/16 15 8 41.234 0.021188 -0.002169295
189 2016/1/16 15 8 41.267 0.006562 -0.003607285
190 2016/1/16 15 8 41.301 0.020138 0.025348132
191 2016/1/16 15 8 41.334 0.025887 -0.021014185
192 2016/1/16 15 8 41.368 0.021818 -0.009261857
193 2016/1/16 15 8 41.401 0.020827 0.019855248
194 2016/1/16 15 8 41.434 0.024012 -0.009158023
195 2016/1/16 15 8 41.468 0.02848 0.00641505
196 2016/1/16 15 8 41.501 0.0349 0.002505225
197 2016/1/16 15 8 41.534 0.051634 -0.001236177
198 2016/1/16 15 8 41.568 0.027117 0.001098171
199 2016/1/16 15 8 41.601 0.0055 0.02082809
200 2016/1/16 15 8 41.634 0.018299 -0.003683982
201 2016/1/16 15 8 41.668 0.033132 -0.003916161
202 2016/1/16 15 8 41.701 0.005805 -0.000651348
203 2016/1/16 15 8 41.734 0.033144 -0.009180158
204 2016/1/16 15 8 41.767 0.020525 -0.003841048
205 2016/1/16 15 8 41.801 0.038653 -0.005769612
206 2016/1/16 15 8 41.834 0.023284 0.00551769
207 2016/1/16 15 8 41.867 0.039336 0.01063558
208 2016/1/16 15 8 41.9 0.022728 -0.001234868
209 2016/1/16 15 8 41.934 0.035216 0.003543212
210 2016/1/16 15 8 41.967 0.050534 -0.025189386
211 2016/1/16 15 8 42.001 0.044345 0.018080366
212 2016/1/16 15 8 42.034 0.059843 0.000511243
213 2016/1/16 15 8 42.067 0.073967 -0.002005495
214 2016/1/16 15 8 42.101 0.050594 -0.00410155
215 2016/1/16 15 8 42.134 0.057049 -0.008791163
216 2016/1/16 15 8 42.167 0.053453 -0.011358847
217 2016/1/16 15 8 42.2 0.027356 0.012269911
218 2016/1/16 15 8 42.234 0.038283 -0.002082555
219 2016/1/16 15 8 42.267 0.026472 -0.007569424
220 2016/1/16 15 8 42.3 0.023267 0.001468732
221 2016/1/16 15 8 42.334 0.0321 0.012061162
222 2016/1/16 15 8 42.367 0.032428 0.00488847
223 2016/1/16 15 8 42.4 0.036846 -0.004308267
224 2016/1/16 15 8 42.434 0.019337 -0.013796105
225 2016/1/16 15 8 42.467 0.030589 0.003566459
226 2016/1/16 15 8 42.5 0.03519 0.000748727
227 2016/1/16 15 8 42.534 0.044526 -0.001724528
228 2016/1/16 15 8 42.568 0.03852 0.000456267
229 2016/1/16 15 8 42.601 0.042565 0.013370121
230 2016/1/16 15 8 42.634 0.025757 0.00645892
231 2016/1/16 15 8 42.667 0.0224 -0.010647889
232 2016/1/16 15 8 42.701 0.019884 -0.000814151
233 2016/1/16 15 8 42.734 0.024275 -0.010643641
234 2016/1/16 15 8 42.768 0.025819 0.005042404
235 2016/1/16 15 8 42.801 0.032106 0.002697712
236 2016/1/16 15 8 42.835 0.0272 0.005755859
237 2016/1/16 15 8 42.868 0.029565 0.021912179
238 2016/1/16 15 8 42.901 0.035494 -0.007935364
239 2016/1/16 15 8 42.935 0.046832 0.004729639
240 2016/1/16 15 8 42.967 0.051901 0.010819297
241 2016/1/16 15 8 43 0.050877 -0.004138083
242 2016/1/16 15 8 43.033 0.040732 0.000374029
243 2016/1/16 15 8 43.067 0.054884 0.026274285
244 2016/1/16 15 8 43.1 0.042334 0.002701991
245 2016/1/16 15 8 43.133 0.050789 0.001843566
246 2016/1/16 15 8 43.167 0.044452 -0.016157884
247 2016/1/16 15 8 43.2 0.035707 0.001604698
248 2016/1/16 15 8 43.233 0.037325 0.010935992
249 2016/1/16 15 8 43.267 0.043975 0.009043677
250 2016/1/16 15 8 43.3 0.043334 0.011299107
251 2016/1/16 15 8 43.335 0.038928 0.004516593
252 2016/1/16 15 8 43.367 0.041012 -0.001286355
253 2016/1/16 15 8 43.4 0.032892 -0.003088972
254 2016/1/16 15 8 43.433 0.033427 -0.004049856
255 2016/1/16 15 8 43.467 0.035657 0.014782847
256 2016/1/16 15 8 43.5 0.029148 -0.011110947
257 2016/1/16 15 8 43.533 0.028359 0.004644253
258 2016/1/16 15 8 43.567 0.036541 -0.002637409
259 2016/1/16 15 8 43.6 0.031437 0.006759833
260 2016/1/16 15 8 43.633 0.039466 -0.000959501
261 2016/1/16 15 8 43.667 0.032159 0.002671314
262 2016/1/16 15 8 43.7 0.018932 -0.007285833
263 2016/1/16 15 8 43.733 0.030592 0.008809701
264 2016/1/16 15 8 43.767 0.027436 0.009247549
265 2016/1/16 15 8 43.8 0.026499 0.003758044
266 2016/1/16 15 8 43.834 0.022527 -0.002484923
267 2016/1/16 15 8 43.867 0.031322 -0.015013351
268 2016/1/16 15 8 43.9 0.024864 -0.009705639
269 2016/1/16 15 8 43.933 0.028264 0.004316712
270 2016/1/16 15 8 43.967 0.031378 0.004748979
271 2016/1/16 15 8 44.001 0.024831 0.002700976
272 2016/1/16 15 8 44.033 0.031978 -0.000427618
273 2016/1/16 15 8 44.066 0.038351 -5.36E-05
274 2016/1/16 15 8 44.099 0.024902 0.016922323
275 2016/1/16 15 8 44.133 0.031896 0.016265708
276 2016/1/16 15 8 44.167 0.029701 0.008722199
277 2016/1/16 15 8 44.2 0.02777 -0.01000761
278 2016/1/16 15 8 44.234 0.033265 0.001176811
279 2016/1/16 15 8 44.266 0.034483 -0.022640139
280 2016/1/16 15 8 44.3 0.030426 -0.002867017
281 2016/1/16 15 8 44.334 0.04129 -0.005055937
282 2016/1/16 15 8 44.366 0.025298 -0.012690093
283 2016/1/16 15 8 44.401 0.005577 0.01033828
284 2016/1/16 15 8 44.433 0.000618 0.015359346
285 2016/1/16 15 8 44.467 0.018387 -0.001720068
286 2016/1/16 15 8 44.501 0.013322 0.007516856
287 2016/1/16 15 8 44.533 0.010885 0.002801495
288 2016/1/16 15 8 44.567 0.032744 0.010684268
289 2016/1/16 15 8 44.601 0.017509 -0.00162546
290 2016/1/16 15 8 44.633 0.009418 0.020746388
291 2016/1/16 15 8 44.667 0.015602 0.003520635
292 2016/1/16 15 8 44.699 0.018482 -0.009697613
293 2016/1/16 15 8 44.734 0.007869 -0.008135923
294 2016/1/16 15 8 44.767 0.022643 -0.016002398
295 2016/1/16 15 8 44.8 0.004826 -0.00675724
296 2016/1/16 15 8 44.834 0.012929 -3.24E-05
297 2016/1/16 15 8 44.866 0.006308 0.00639377
298 2016/1/16 15 8 44.9 0.00207 -0.00434021
299 2016/1/16 15 8 44.933 0.01137 0.00353568
300 2016/1/16 15 8 44.967 0.006872 -0.014566152
301 2016/1/16 15 8 45.001 -0.019207 -0.013663054
302 2016/1/16 15 8 45.033 -0.584681 -0.585902
303 2016/1/16 15 8 45.067 -0.798801 -1.727898
304 2016/1/16 15 8 45.105 -0.961058 -0.718183
305 2016/1/16 15 8 45.136 -0.786792 0.244921
306 2016/1/16 15 8 45.168 -0.717539 -0.692743
307 2016/1/16 15 8 45.2 -0.654892 2.650286
308 2016/1/16 15 8 45.234 -0.632941 -1.003171
309 2016/1/16 15 8 45.266 -0.618158 1.627397
310 2016/1/16 15 8 45.301 -0.627441 -0.432412
311 2016/1/16 15 8 45.333 -0.638424 1.012968
312 2016/1/16 15 8 45.367 -0.642765 0.457379
313 2016/1/16 15 8 45.4 -0.717595 0.144956
314 2016/1/16 15 8 45.433 -0.679841 0.112652
315 2016/1/16 15 8 45.466 -0.698566 0.544375
316 2016/1/16 15 8 45.5 -0.747415 -0.653233
317 2016/1/16 15 8 45.533 -0.678614 0.723689
318 2016/1/16 15 8 45.567 -0.651586 0.055905
319 2016/1/16 15 8 45.6 -0.654368 0.561665
320 2016/1/16 15 8 45.633 -0.676443 0.325021
321 2016/1/16 15 8 45.666 -0.747932 -0.357065
322 2016/1/16 15 8 45.701 -0.731706 0.145334
323 2016/1/16 15 8 45.733 -0.733717 0.029509
324 2016/1/16 15 8 45.766 -0.730692 -0.01559
325 2016/1/16 15 8 45.8 -0.660274 0.47823
326 2016/1/16 15 8 45.833 -0.698175 0.198311
327 2016/1/16 15 8 45.867 -0.743156 0.039022
328 2016/1/16 15 8 45.9 -0.730547 -0.000266
329 2016/1/16 15 8 45.933 -0.711175 0.023409
330 2016/1/16 15 8 45.967 -0.636992 0.475716
331 2016/1/16 15 8 46 -0.64021 0.463779
332 2016/1/16 15 8 46.033 -0.685747 0.30053
333 2016/1/16 15 8 46.067 -0.704314 0.130034
334 2016/1/16 15 8 46.1 -0.723917 0.02963
335 2016/1/16 15 8 46.134 -0.717385 -0.022128
336 2016/1/16 15 8 46.167 -0.682828 0.181089
337 2016/1/16 15 8 46.201 -0.656353 0.395028
338 2016/1/16 15 8 46.233 -0.675589 0.23128
339 2016/1/16 15 8 46.266 -0.715847 0.097573
340 2016/1/16 15 8 46.3 -0.709058 -0.071784
341 2016/1/16 15 8 46.334 -0.693491 -0.023551
342 2016/1/16 15 8 46.368 -0.693237 0.250368
343 2016/1/16 15 8 46.4 -0.670893 0.240202
344 2016/1/16 15 8 46.433 -0.665827 0.266789
345 2016/1/16 15 8 46.466 -0.683135 0.223417
346 2016/1/16 15 8 46.5 -0.706568 -0.017506
347 2016/1/16 15 8 46.534 -0.707807 -0.032709
348 2016/1/16 15 8 46.566 -0.697179 0.08442
349 2016/1/16 15 8 46.6 -0.678197 0.213531
350 2016/1/16 15 8 46.634 -0.69987 0.231898
351 2016/1/16 15 8 46.667 -0.699775 0.039652
352 2016/1/16 15 8 46.699 -0.723689 -0.113953
353 2016/1/16 15 8 46.734 -0.702484 -0.097195
354 2016/1/16 15 8 46.765 -0.704057 -0.006529
355 2016/1/16 15 8 46.8 -0.685897 0.154803
356 2016/1/16 15 8 46.834 -0.678573 0.244011
357 2016/1/16 15 8 46.866 -0.677413 0.142599
358 2016/1/16 15 8 46.9 -0.675583 0.000976
359 2016/1/16 15 8 46.933 -0.692829 -0.097112
360 2016/1/16 15 8 46.967 -0.682724 -0.026522
361 2016/1/16 15 8 46.999 -0.674909 0.154936
362 2016/1/16 15 8 47.034 -0.672262 0.187302
363 2016/1/16 15 8 47.066 -0.68226 0.122999
364 2016/1/16 15 8 47.101 -0.698249 0.005885
365 2016/1/16 15 8 47.133 -0.695807 -0.027812
366 2016/1/16 15 8 47.166 -0.699521 0.031582
367 2016/1/16 15 8 47.199 -0.683177 0.165481
368 2016/1/16 15 8 47.234 -0.671002 0.288713
369 2016/1/16 15 8 47.265 -0.675589 0.223237
370 2016/1/16 15 8 47.299 -0.697466 0.119909
371 2016/1/16 15 8 47.333 -0.68695 0.074005
372 2016/1/16 15 8 47.367 -0.665549 0.10027
373 2016/1/16 15 8 47.4 -0.64946 0.237038
374 2016/1/16 15 8 47.433 -0.6602 0.318152
375 2016/1/16 15 8 47.465 -0.665884 0.257613
376 2016/1/16 15 8 47.499 -0.68273 0.12488
377 2016/1/16 15 8 47.532 -0.692968 0.043603
378 2016/1/16 15 8 47.565 -0.692826 0.026375
379 2016/1/16 15 8 47.599 -0.684564 0.108042
380 2016/1/16 15 8 47.632 -0.670999 0.211302
381 2016/1/16 15 8 47.666 -0.681042 0.188736
382 2016/1/16 15 8 47.699 -0.684043 0.058678
383 2016/1/16 15 8 47.733 -0.690933 -0.000574
384 2016/1/16 15 8 47.765 -0.699864 0.021206
385 2016/1/16 15 8 47.799 -0.683854 0.119873
386 2016/1/16 15 8 47.832 -0.657201 0.242393
387 2016/1/16 15 8 47.867 -0.666324 0.284582
388 2016/1/16 15 8 47.899 -0.674944 0.181387
389 2016/1/16 15 8 47.932 -0.680385 0.071557
390 2016/1/16 15 8 47.965 -0.69361 0.072175
391 2016/1/16 15 8 48.001 -0.694429 0.106646
392 2016/1/16 15 8 48.034 -0.701224 0.150958
393 2016/1/16 15 8 48.069 -0.685974 0.171712
394 2016/1/16 15 8 48.098 -0.703791 0.107749
395 2016/1/16 15 8 48.134 -0.706464 -0.060045
396 2016/1/16 15 8 48.165 -0.699095 -0.087436
397 2016/1/16 15 8 48.198 -0.69987 0.011533
398 2016/1/16 15 8 48.231 -0.689378 0.085423
399 2016/1/16 15 8 48.265 -0.704019 0.113317
400 2016/1/16 15 8 48.298 -0.69971 0.080786
401 2016/1/16 15 8 48.331 -0.700331 0.007485
402 2016/1/16 15 8 48.366 -0.701053 -0.004524
403 2016/1/16 15 8 48.399 -0.704471 0.054734
404 2016/1/16 15 8 48.432 -0.707925 0.124569
405 2016/1/16 15 8 48.465 -0.681577 0.163071
406 2016/1/16 15 8 48.498 -0.687009 0.147167
407 2016/1/16 15 8 48.532 -0.695558 0.05515
408 2016/1/16 15 8 48.565 -0.695212 -0.018107
409 2016/1/16 15 8 48.598 -0.690407 0.029772
410 2016/1/16 15 8 48.632 -0.693278 0.143924
411 2016/1/16 15 8 48.665 -0.688988 0.16688
412 2016/1/16 15 8 48.698 -0.685977 0.127231
413 2016/1/16 15 8 48.731 -0.694642 0.057889
414 2016/1/16 15 8 48.766 -0.70139 0.002789
415 2016/1/16 15 8 48.799 -0.702771 0.040031
416 2016/1/16 15 8 48.831 -0.70097 0.113542
417 2016/1/16 15 8 48.865 -0.685294 0.146351
418 2016/1/16 15 8 48.898 -0.678073 0.161214
419 2016/1/16 15 8 48.931 -0.677508 0.100921
420 2016/1/16 15 8 48.967 -0.690679 0.022613
421 2016/1/16 15 8 48.998 -0.693204 0.018204
422 2016/1/16 15 8 49.032 -0.692669 0.12254
423 2016/1/16 15 8 49.065 -0.68658 0.146901
424 2016/1/16 15 8 49.098 -0.699054 0.096881
425 2016/1/16 15 8 49.131 -0.701295 0.100418027
426 2016/1/16 15 8 49.164 -0.70747 0.003559949
427 2016/1/16 15 8 49.198 -0.693352 -0.021238439
428 2016/1/16 15 8 49.234 -0.694615 -0.024621917
429 2016/1/16 15 8 49.266 -0.701245 -0.053326493
430 2016/1/16 15 8 49.298 -0.707836 0.07637442
431 2016/1/16 15 8 49.332 -0.709454 -0.058430691
432 2016/1/16 15 8 49.365 -0.703259 -0.051768451
433 2016/1/16 15 8 49.398 -0.70139 0.026522123
434 2016/1/16 15 8 49.431 -0.692178 0.051922379
435 2016/1/16 15 8 49.465 -0.699707 -0.048484167
436 2016/1/16 15 8 49.497 -0.693379 -0.03562908
437 2016/1/16 15 8 49.531 -0.698761 0.097723481
438 2016/1/16 15 8 49.565 -0.684806 0.083481579
439 2016/1/16 15 8 49.6 -0.692823 -0.116392848
440 2016/1/16 15 8 49.631 -0.685013 0.129771043
441 2016/1/16 15 8 49.664 -0.684901 0.002004743
442 2016/1/16 15 8 49.698 -0.687349 0.058091917
443 2016/1/16 15 8 49.731 -0.693343 0.007477366
444 2016/1/16 15 8 49.765 -0.694 0.015407921
445 2016/1/16 15 8 49.799 -0.705536 -0.04965734
446 2016/1/16 15 8 49.83 -0.704663 0.076058175
447 2016/1/16 15 8 49.866 -0.682248 -0.070588488
448 2016/1/16 15 8 49.898 -0.686938 0.017913979
449 2016/1/16 15 8 49.931 -0.686495 -0.091695736
450 2016/1/16 15 8 49.966 -0.696851 0.048114283
451 2016/1/16 15 8 49.998 -0.698835 -0.012502937
452 2016/1/16 15 8 50.031 -0.690806 -0.01256917
453 2016/1/16 15 8 50.064 -0.706659 -0.05717531
454 2016/1/16 15 8 50.102 -0.710811 -0.032062683
455 2016/1/16 15 8 50.136 -0.702105 0.046979083
456 2016/1/16 15 8 50.165 -0.716214 0.090044965
457 2016/1/16 15 8 50.198 -0.722255 0.077321868
458 2016/1/16 15 8 50.231 -0.714058 0.014197516
459 2016/1/16 15 8 50.265 -0.717787 0.08144937
460 2016/1/16 15 8 50.298 -0.709699 -0.078060746
461 2016/1/16 15 8 50.331 -0.721788 0.04380357
462 2016/1/16 15 8 50.365 -0.710622 -0.032202219
463 2016/1/16 15 8 50.398 -0.710761 -0.063328662
464 2016/1/16 15 8 50.431 -0.72481 0.077730802
465 2016/1/16 15 8 50.465 -0.716462 -0.037781175
466 2016/1/16 15 8 50.498 -0.731588 -0.016319507
467 2016/1/16 15 8 50.531 -0.72573 0.060537052
468 2016/1/16 15 8 50.565 -0.719437 -0.186599986
469 2016/1/16 15 8 50.598 -0.735911 -0.03118971
470 2016/1/16 15 8 50.631 -0.729885 0.043015403
471 2016/1/16 15 8 50.664 -0.727413 -0.041061569
472 2016/1/16 15 8 50.698 -0.732147 -0.007187402
473 2016/1/16 15 8 50.731 -0.718742 -0.048038087
474 2016/1/16 15 8 50.765 -0.71098 0.022960707
475 2016/1/16 15 8 50.798 -0.710119 0.026463247
476 2016/1/16 15 8 50.831 -0.699249 -0.017373782
477 2016/1/16 15 8 50.865 -0.698226 -0.098921391
478 2016/1/16 15 8 50.898 -0.696741 0.107211419
479 2016/1/16 15 8 50.931 -0.698539 -0.042645016
480 2016/1/16 15 8 50.964 -0.695576 -0.079899418
481 2016/1/16 15 8 50.998 -0.690224 -0.028498463
482 2016/1/16 15 8 51.032 -0.686844 0.053324352
483 2016/1/16 15 8 51.065 -0.681314 -0.029451478
484 2016/1/16 15 8 51.097 -0.679389 -0.001381729
485 2016/1/16 15 8 51.131 -0.692838 0.00075515
486 2016/1/16 15 8 51.164 -0.693536 -0.023869018
487 2016/1/16 15 8 51.198 -0.685815 0.012501828
488 2016/1/16 15 8 51.231 -0.692004 -0.004083214
489 2016/1/16 15 8 51.264 -0.695425 0.040027718
490 2016/1/16 15 8 51.298 -0.698983 -0.0244923
491 2016/1/16 15 8 51.331 -0.695115 -0.014983165
492 2016/1/16 15 8 51.365 -0.703433 0.007425379
493 2016/1/16 15 8 51.398 -0.711471 0.000261114
494 2016/1/16 15 8 51.431 -0.736053 -0.010883549
495 2016/1/16 15 8 51.464 -0.731987 -0.088636913
496 2016/1/16 15 8 51.497 -0.71944 0.058576265
497 2016/1/16 15 8 51.531 -0.754219 -0.054435033
498 2016/1/16 15 8 51.565 -0.766423 -0.143591021
499 2016/1/16 15 8 51.599 -0.77368 -0.053461768
500 2016/1/16 15 8 51.631 -0.774786 -0.072124889
501 2016/1/16 15 8 51.664 -0.795642 0.006805666
502 2016/1/16 15 8 51.698 -0.793629 -0.045785491
503 2016/1/16 15 8 51.731 -0.792259 0.056554827
504 2016/1/16 15 8 51.764 -0.800096 -0.036565292
505 2016/1/16 15 8 51.798 -0.78568 -0.076623442
506 2016/1/16 15 8 51.831 -0.78717 -0.062148361
507 2016/1/16 15 8 51.865 -0.785062 -0.055029166
508 2016/1/16 15 8 51.898 -0.794087 -0.00437227
509 2016/1/16 15 8 51.932 -0.785325 -0.043531437
510 2016/1/16 15 8 51.965 -0.780185 -0.062755171
511 2016/1/16 15 8 51.997 -0.800871 -0.163959565
512 2016/1/16 15 8 52.031 -0.797357 -0.016611477
513 2016/1/16 15 8 52.064 -0.784657 -0.089075942
514 2016/1/16 15 8 52.099 -0.785006 -0.092784632
515 2016/1/16 15 8 52.131 -0.777418 0.008537988
516 2016/1/16 15 8 52.164 -0.778151 0.035130135
517 2016/1/16 15 8 52.198 -0.798895 -0.037126606
518 2016/1/16 15 8 52.231 -0.799555 -0.086880486
519 2016/1/16 15 8 52.265 -0.783344 0.05402824
520 2016/1/16 15 8 52.298 -0.772719 -0.079843406
521 2016/1/16 15 8 52.331 -0.778497 0.016836953
522 2016/1/16 15 8 52.365 -0.775223 -0.000810766
523 2016/1/16 15 8 52.398 -0.775688 0.127029405
524 2016/1/16 15 8 52.431 -0.778804 -0.005651437
525 2016/1/16 15 8 52.465 -0.756135 0.027295232
526 2016/1/16 15 8 52.497 -0.762197 0.014242092
527 2016/1/16 15 8 52.531 -0.746841 -0.096548167
528 2016/1/16 15 8 52.565 -0.722601 0.010376311
529 2016/1/16 15 8 52.598 -0.740962 0.009517835
530 2016/1/16 15 8 52.632 -0.756218 0.038033485
531 2016/1/16 15 8 52.664 -0.732608 0.04286554
532 2016/1/16 15 8 52.698 -0.72442 -0.029175142
533 2016/1/16 15 8 52.731 -0.724757 -0.025368674
534 2016/1/16 15 8 52.765 -0.725792 -0.028958007
535 2016/1/16 15 8 52.798 -0.736379 -0.011031169
536 2016/1/16 15 8 52.831 -0.729956 0.06953442
537 2016/1/16 15 8 52.864 -0.711547 0.004984299
538 2016/1/16 15 8 52.897 -0.700186 -0.021974864
539 2016/1/16 15 8 52.932 -0.700931 0.080667828
540 2016/1/16 15 8 52.964 -0.694435 -0.025827545
541 2016/1/16 15 8 52.997 -0.704409 -0.005434409
542 2016/1/16 15 8 53.032 -0.701017 0.076462864
543 2016/1/16 15 8 53.064 -0.695425 0.038853015
544 2016/1/16 15 8 53.098 -0.702514 0.009907281
545 2016/1/16 15 8 53.131 -0.691859 -0.032092709
546 2016/1/16 15 8 53.164 -0.681021 0.009467605
547 2016/1/16 15 8 53.198 -0.684534 0.022846145
548 2016/1/16 15 8 53.231 -0.691758 -0.000818087
549 2016/1/16 15 8 53.264 -0.681775 -0.076721986
550 2016/1/16 15 8 53.298 -0.673362 -0.021586363
551 2016/1/16 15 8 53.331 -0.678141 -0.012692331
552 2016/1/16 15 8 53.364 -0.673874 -0.020456055
553 2016/1/16 15 8 53.398 -0.683467 -0.013501923
554 2016/1/16 15 8 53.431 -0.696159 -0.045335868
555 2016/1/16 15 8 53.464 -0.701186 0.0109434
556 2016/1/16 15 8 53.498 -0.703894 0.092406991
557 2016/1/16 15 8 53.531 -0.709072 0.099513863
558 2016/1/16 15 8 53.564 -0.708159 0.052758842
559 2016/1/16 15 8 53.598 -0.699769 0.080856483
560 2016/1/16 15 8 53.631 -0.696851 -0.06230179
561 2016/1/16 15 8 53.665 -0.697945 0.005780475
562 2016/1/16 15 8 53.698 -0.706574 -0.079274255
563 2016/1/16 15 8 53.731 -0.699506 -0.053366572
564 2016/1/16 15 8 53.765 -0.684868 0.023295768
565 2016/1/16 15 8 53.798 -0.708652 0.022512487
566 2016/1/16 15 8 53.831 -0.700982 0.022808433
567 2016/1/16 15 8 53.865 -0.697554 0.013012679
568 2016/1/16 15 8 53.898 -0.717027 -0.002649558
569 2016/1/16 15 8 53.931 -0.710175 -0.014810481
570 2016/1/16 15 8 53.964 -0.711707 0.037368419
571 2016/1/16 15 8 53.998 -0.724157 -0.050609056
572 2016/1/16 15 8 54.031 -0.722385 0.035273651
573 2016/1/16 15 8 54.064 -0.787374 -0.080700468
574 2016/1/16 15 8 54.098 -1.685212 -1.308377
575 2016/1/16 15 8 54.131 -1.837711 -1.266451
576 2016/1/16 15 8 54.164 -1.699031 -0.792231
577 2016/1/16 15 8 54.198 -1.751109 0.852442
578 2016/1/16 15 8 54.231 -1.414173 1.658839
579 2016/1/16 15 8 54.264 -1.324081 1.539463
580 2016/1/16 15 8 54.298 -1.537152 0.982313
581 2016/1/16 15 8 54.331 -1.394432 -0.657971
582 2016/1/16 15 8 54.365 -1.452675 0.411194
583 2016/1/16 15 8 54.398 -1.564588 -0.235971
584 2016/1/16 15 8 54.431 -1.679023 1.20398
585 2016/1/16 15 8 54.465 -1.552464 1.051888
586 2016/1/16 15 8 54.497 -1.512321 0.004242
587 2016/1/16 15 8 54.531 -1.670988 0.603682
588 2016/1/16 15 8 54.564 -1.712497 -1.216292
589 2016/1/16 15 8 54.597 -1.635807 0.23711
590 2016/1/16 15 8 54.632 -1.517812 0.37734
591 2016/1/16 15 8 54.664 -1.56033 0.644381
592 2016/1/16 15 8 54.698 -1.57652 0.994544
593 2016/1/16 15 8 54.731 -1.616672 -0.402011
594 2016/1/16 15 8 54.764 -1.711258 -0.327107
595 2016/1/16 15 8 54.797 -1.73719 -0.620641
596 2016/1/16 15 8 54.831 -1.628364 -0.122474
597 2016/1/16 15 8 54.864 -1.55084 0.60184
598 2016/1/16 15 8 54.898 -1.55262 0.730717
599 2016/1/16 15 8 54.931 -1.59973 0.033083
600 2016/1/16 15 8 54.964 -1.711989 -0.249364
601 2016/1/16 15 8 54.997 -1.742152 -0.607328
602 2016/1/16 15 8 55.031 -1.639971 -0.189266
603 2016/1/16 15 8 55.064 -1.582171 0.515282
604 2016/1/16 15 8 55.104 -1.574692 0.53251
605 2016/1/16 15 8 55.137 -1.573885 0.326711
606 2016/1/16 15 8 55.165 -1.706308 -0.125457
607 2016/1/16 15 8 55.198 -1.768819 -0.690914
608 2016/1/16 15 8 55.231 -1.692318 -0.262769
609 2016/1/16 15 8 55.264 -1.646027 0.114603
610 2016/1/16 15 8 55.298 -1.592621 0.450719
611 2016/1/16 15 8 55.331 -1.553691 0.58777
612 2016/1/16 15 8 55.364 -1.687374 -0.178292
613 2016/1/16 15 8 55.397 -1.705146 -0.290453
614 2016/1/16 15 8 55.431 -1.689713 -0.312783
615 2016/1/16 15 8 55.465 -1.64205 0.084857
616 2016/1/16 15 8 55.497 -1.545136 0.588553
617 2016/1/16 15 8 55.531 -1.547294 0.51257
618 2016/1/16 15 8 55.564 -1.63539 0.146164
619 2016/1/16 15 8 55.597 -1.678242 -0.242983
620 2016/1/16 15 8 55.631 -1.694571 -0.400515
621 2016/1/16 15 8 55.664 -1.674998 -0.102454
622 2016/1/16 15 8 55.697 -1.619913 0.228464
623 2016/1/16 15 8 55.731 -1.597001 0.360195
624 2016/1/16 15 8 55.764 -1.621847 0.144549
625 2016/1/16 15 8 55.797 -1.663581 -0.222117
626 2016/1/16 15 8 55.831 -1.673851 -0.398155
627 2016/1/16 15 8 55.864 -1.63432 -0.192147
628 2016/1/16 15 8 55.897 -1.598843 0.218475
629 2016/1/16 15 8 55.931 -1.571386 0.414763
630 2016/1/16 15 8 55.964 -1.601377 0.243223
631 2016/1/16 15 8 55.998 -1.637836 -0.095108
632 2016/1/16 15 8 56.032 -1.664379 -0.334242
633 2016/1/16 15 8 56.064 -1.661703 -0.257292
634 2016/1/16 15 8 56.098 -1.619179 0.054871
635 2016/1/16 15 8 56.131 -1.616586 0.264177
636 2016/1/16 15 8 56.165 -1.618878 0.234218
637 2016/1/16 15 8 56.197 -1.658843 -0.076833
638 2016/1/16 15 8 56.232 -1.686111 -0.299242
639 2016/1/16 15 8 56.264 -1.684408 -0.294564
640 2016/1/16 15 8 56.297 -1.639329 -0.01971
641 2016/1/16 15 8 56.331 -1.611831 0.270825
642 2016/1/16 15 8 56.365 -1.593281 0.311737
643 2016/1/16 15 8 56.398 -1.628009 0.109768
644 2016/1/16 15 8 56.431 -1.645835 -0.149857
645 2016/1/16 15 8 56.464 -1.653512 -0.211244
646 2016/1/16 15 8 56.498 -1.634278 -0.009215
647 2016/1/16 15 8 56.531 -1.613534 0.285294
648 2016/1/16 15 8 56.565 -1.592051 0.382717
649 2016/1/16 15 8 56.598 -1.625975 0.187519
650 2016/1/16 15 8 56.632 -1.668226 -0.1138
651 2016/1/16 15 8 56.665 -1.682746 -0.269277
652 2016/1/16 15 8 56.698 -1.668658 -0.174371
653 2016/1/16 15 8 56.731 -1.651261 0.01165
654 2016/1/16 15 8 56.765 -1.638469 0.170474
655 2016/1/16 15 8 56.798 -1.620838 0.127845
656 2016/1/16 15 8 56.831 -1.657773 -0.136999
657 2016/1/16 15 8 56.865 -1.6699 -0.280645
658 2016/1/16 15 8 56.899 -1.665494 -0.179088
659 2016/1/16 15 8 56.931 -1.617405 0.06054
660 2016/1/16 15 8 56.965 -1.606952 0.269804
661 2016/1/16 15 8 56.999 -1.607957 0.272729
662 2016/1/16 15 8 57.032 -1.614693 0.089505
663 2016/1/16 15 8 57.065 -1.650365 -0.101298
664 2016/1/16 15 8 57.098 -1.651595 -0.101815
665 2016/1/16 15 8 57.131 -1.631605 0.125831
666 2016/1/16 15 8 57.165 -1.606067 0.306437
667 2016/1/16 15 8 57.198 -1.605334 0.283531
668 2016/1/16 15 8 57.231 -1.623373 0.101913
669 2016/1/16 15 8 57.266 -1.65664 -0.109705
670 2016/1/16 15 8 57.298 -1.648479 -0.12748
671 2016/1/16 15 8 57.331 -1.625094 0.052308
672 2016/1/16 15 8 57.364 -1.622908 0.202338
673 2016/1/16 15 8 57.398 -1.61147 0.21765
674 2016/1/16 15 8 57.431 -1.60909 0.121363
675 2016/1/16 15 8 57.465 -1.637345 -0.084566
676 2016/1/16 15 8 57.498 -1.631741 -0.150912
677 2016/1/16 15 8 57.531 -1.610627 -0.025657
678 2016/1/16 15 8 57.565 -1.594189 0.15523
679 2016/1/16 15 8 57.597 -1.584945 0.266637
680 2016/1/16 15 8 57.631 -1.616219 0.144573
681 2016/1/16 15 8 57.665 -1.627196 -0.055453
682 2016/1/16 15 8 57.698 -1.639261 -0.156832
683 2016/1/16 15 8 57.731 -1.637144 -0.078809
684 2016/1/16 15 8 57.765 -1.613295 0.122066
685 2016/1/16 15 8 57.798 -1.613561 0.202429
686 2016/1/16 15 8 57.831 -1.610938 0.132067
687 2016/1/16 15 8 57.865 -1.636801 -0.054661
688 2016/1/16 15 8 57.898 -1.654236 -0.157051
689 2016/1/16 15 8 57.932 -1.642011 -0.097208
690 2016/1/16 15 8 57.965 -1.614034 0.085827
691 2016/1/16 15 8 57.998 -1.597205 0.230022
692 2016/1/16 15 8 58.032 -1.596043 0.250187
693 2016/1/16 15 8 58.065 -1.602572 0.096511
694 2016/1/16 15 8 58.099 -1.619706 -0.011507
695 2016/1/16 15 8 58.131 -1.614821 0.050731
696 2016/1/16 15 8 58.165 -1.609796 0.202938
697 2016/1/16 15 8 58.198 -1.595546 0.298166
698 2016/1/16 15 8 58.232 -1.617739 0.255386
699 2016/1/16 15 8 58.265 -1.62853 0.120943
700 2016/1/16 15 8 58.298 -1.645746 0.002796
701 2016/1/16 15 8 58.331 -1.648792 0.04335913
702 2016/1/16 15 8 58.365 -1.657802 -0.086125062
703 2016/1/16 15 8 58.398 -1.631768 -0.056407754
704 2016/1/16 15 8 58.431 -1.618257 -0.06341606
705 2016/1/16 15 8 58.465 -1.664361 -0.043576907
706 2016/1/16 15 8 58.498 -1.663649 0.049523691
707 2016/1/16 15 8 58.531 -1.67331 0.141509879
708 2016/1/16 15 8 58.565 -1.650741 0.069518599
709 2016/1/16 15 8 58.598 -1.64535 -0.042094312
710 2016/1/16 15 8 58.632 -1.642118 0.06120325
711 2016/1/16 15 8 58.665 -1.658542 -0.047215964
712 2016/1/16 15 8 58.698 -1.666458 0.009381323
713 2016/1/16 15 8 58.731 -1.688917 0.028750144
714 2016/1/16 15 8 58.765 -1.660866 -0.069500805
715 2016/1/16 15 8 58.799 -1.654059 0.03343791
716 2016/1/16 15 8 58.831 -1.631706 -0.15012595
717 2016/1/16 15 8 58.865 -1.642887 -0.105783755
718 2016/1/16 15 8 58.899 -1.635594 0.039635915
719 2016/1/16 15 8 58.931 -1.632217 0.007015245
720 2016/1/16 15 8 58.965 -1.634684 -0.002734667
721 2016/1/16 15 8 58.998 -1.619865 0.036861276
722 2016/1/16 15 8 59.032 -1.606094 0.020819952
723 2016/1/16 15 8 59.067 -1.595147 0.01746287
724 2016/1/16 15 8 59.098 -1.623127 0.025325532
725 2016/1/16 15 8 59.132 -1.630845 0.013412172
726 2016/1/16 15 8 59.165 -1.630351 -0.06664148
727 2016/1/16 15 8 59.198 -1.597619 0.045007171
728 2016/1/16 15 8 59.232 -1.587012 0.009062492
729 2016/1/16 15 8 59.266 -1.583877 -0.016449246
730 2016/1/16 15 8 59.299 -1.60841 -0.016887296
731 2016/1/16 15 8 59.331 -1.642413 0.012479676
732 2016/1/16 15 8 59.366 -1.636762 -0.025514331
733 2016/1/16 15 8 59.399 -1.64781 -0.001531745
734 2016/1/16 15 8 59.432 -1.612511 0.048702515
735 2016/1/16 15 8 59.465 -1.622441 -0.027474421
736 2016/1/16 15 8 59.498 -1.636899 -0.067484207
737 2016/1/16 15 8 59.532 -1.649886 0.001267294
738 2016/1/16 15 8 59.565 -1.659674 0.051087946
739 2016/1/16 15 8 59.598 -1.650206 -0.114511904
740 2016/1/16 15 8 59.634 -1.622953 0.027660601
741 2016/1/16 15 8 59.665 -1.615211 0.10446678
742 2016/1/16 15 8 59.699 -1.638551 0.033806963
743 2016/1/16 15 8 59.732 -1.648473 -0.12143592
744 2016/1/16 15 8 59.765 -1.646225 0.005228655
745 2016/1/16 15 8 59.799 -1.631176 -0.07559385
746 2016/1/16 15 8 59.832 -1.613883 0.026235381
747 2016/1/16 15 8 59.865 -1.616506 -0.085931182
748 2016/1/16 15 8 59.899 -1.641719 0.042929959
749 2016/1/16 15 8 59.932 -1.633048 -0.045780969
750 2016/1/16 15 8 59.966 -1.651657 0.012634299
751 2016/1/16 15 8 59.998 -1.656904 -0.079555299
752 2016/1/16 15 9 0.043 -1.648532 0.00123183
753 2016/1/16 15 9 0.065 -1.638971 0.068598656
754 2016/1/16 15 9 0.106 -1.632965 -0.019753043
755 2016/1/16 15 9 0.138 -1.621997 0.066661458
756 2016/1/16 15 9 0.165 -1.648136 -0.003031922
757 2016/1/16 15 9 0.199 -1.630934 0.021343527
758 2016/1/16 15 9 0.232 -1.623376 -0.052109101
759 2016/1/16 15 9 0.266 -1.602123 -0.031799774
760 2016/1/16 15 9 0.299 -1.624124 -0.002456559
761 2016/1/16 15 9 0.331 -1.623373 0.037439272
762 2016/1/16 15 9 0.366 -1.612656 -0.013648661
763 2016/1/16 15 9 0.399 -1.605727 0.035688785
764 2016/1/16 15 9 0.432 -1.602915 0.059432512
765 2016/1/16 15 9 0.465 -1.602682 0.013733136
766 2016/1/16 15 9 0.499 -1.616958 0.031644649
767 2016/1/16 15 9 0.532 -1.624476 -0.004672444
768 2016/1/16 15 9 0.565 -1.62562 0.03655927
769 2016/1/16 15 9 0.599 -1.640261 -0.021515137
770 2016/1/16 15 9 0.632 -1.645054 -0.000623961
771 2016/1/16 15 9 0.665 -1.628258 0.019404778
772 2016/1/16 15 9 0.699 -1.641526 -0.057152006
773 2016/1/16 15 9 0.731 -1.641695 -0.069652289
774 2016/1/16 15 9 0.765 -1.643197 -0.060452049
775 2016/1/16 15 9 0.799 -1.646565 0.081811691
776 2016/1/16 15 9 0.832 -1.629414 0.052108679
777 2016/1/16 15 9 0.867 -1.59284 -0.011086261
778 2016/1/16 15 9 0.899 -1.576357 0.077428669
779 2016/1/16 15 9 0.932 -1.586624 0.015459036
780 2016/1/16 15 9 0.965 -1.625738 -0.012274472
781 2016/1/16 15 9 0.998 -1.609013 0.049283797
782 2016/1/16 15 9 1.032 -1.592222 -0.075746378
783 2016/1/16 15 9 1.064 -1.589058 0.062454645
784 2016/1/16 15 9 1.098 -1.597477 -0.007838422
785 2016/1/16 15 9 1.132 -1.604823 0.054948998
786 2016/1/16 15 9 1.166 -1.63825 0.004337036
787 2016/1/16 15 9 1.199 -1.657938 0.057047545
788 2016/1/16 15 9 1.237 -1.644747 0.009241435
789 2016/1/16 15 9 1.265 -1.636783 -0.051011605
790 2016/1/16 15 9 1.299 -1.639516 -0.138285258
791 2016/1/16 15 9 1.332 -1.648428 0.076568345
792 2016/1/16 15 9 1.367 -1.641855 0.016366797
793 2016/1/16 15 9 1.399 -1.641932 0.050104751
794 2016/1/16 15 9 1.432 -1.618653 -0.00404464
795 2016/1/16 15 9 1.465 -1.621181 -0.011020653
796 2016/1/16 15 9 1.498 -1.613649 -0.033460209
797 2016/1/16 15 9 1.532 -1.640441 0.101167221
798 2016/1/16 15 9 1.565 -1.654609 0.017288543
799 2016/1/16 15 9 1.598 -1.640211 -0.068149266
800 2016/1/16 15 9 1.633 -1.640536 -0.038668262
801 2016/1/16 15 9 1.665 -1.655564 0.005715216
802 2016/1/16 15 9 1.699 -1.631925 0.055547036
803 2016/1/16 15 9 1.732 -1.630712 -0.065447477
804 2016/1/16 15 9 1.765 -1.632096 0.069111355
805 2016/1/16 15 9 1.798 -1.651921 0.038353554
806 2016/1/16 15 9 1.832 -1.652373 -0.028047354
807 2016/1/16 15 9 1.866 -1.653961 0.095384258
808 2016/1/16 15 9 1.899 -1.660316 -0.051829493
809 2016/1/16 15 9 1.933 -1.66615 0.033979039
810 2016/1/16 15 9 1.965 -1.666411 0.000509847
811 2016/1/16 15 9 1.998 -1.667685 -0.011545489
812 2016/1/16 15 9 2.032 -1.684121 -0.011671924
813 2016/1/16 15 9 2.065 -1.680942 0.014111467
814 2016/1/16 15 9 2.098 -1.683432 0.112317003
815 2016/1/16 15 9 2.132 -1.672795 -0.013418534
816 2016/1/16 15 9 2.165 -1.663034 -0.044349811
817 2016/1/16 15 9 2.198 -1.65751 0.045032537
818 2016/1/16 15 9 2.232 -1.659467 0.053012035
819 2016/1/16 15 9 2.265 -1.630715 -0.002167318
820 2016/1/16 15 9 2.297 -1.637407 0.088930455
821 2016/1/16 15 9 2.331 -1.643679 -0.027216007
822 2016/1/16 15 9 2.364 -1.655168 0.043130263
823 2016/1/16 15 9 2.397 -1.673724 0.032325974
824 2016/1/16 15 9 2.43 -1.665985 -0.027786288
825 2016/1/16 15 9 2.463 -1.670273 -0.00166024
826 2016/1/16 15 9 2.497 -1.669607 0.098456196
827 2016/1/16 15 9 2.53 -1.667425 -0.033503316
828 2016/1/16 15 9 2.564 -1.673747 0.01844632
829 2016/1/16 15 9 2.597 -1.654763 0.003770201
830 2016/1/16 15 9 2.63 -1.660922 0.035172103
831 2016/1/16 15 9 2.664 -1.63649 -0.042973009
832 2016/1/16 15 9 2.697 -1.644312 0.001840229
833 2016/1/16 15 9 2.73 -1.63788 0.068381021
834 2016/1/16 15 9 2.763 -1.630239 -0.021540555
835 2016/1/16 15 9 2.796 -1.630955 -0.048669758
836 2016/1/16 15 9 2.83 -1.65379 -0.076195075
837 2016/1/16 15 9 2.863 -1.655265 0.031932356
838 2016/1/16 15 9 2.897 -1.643593 0.006050105
839 2016/1/16 15 9 2.93 -1.63935 0.032887724
840 2016/1/16 15 9 2.964 -1.645734 -0.004912684
841 2016/1/16 15 9 2.997 -1.636014 0.053330492
842 2016/1/16 15 9 3.03 -1.639912 0.009060322
843 2016/1/16 15 9 3.065 -1.644759 -0.076158958
844 2016/1/16 15 9 3.114 -1.651409 -0.003707482
845 2016/1/16 15 9 3.134 -1.65088 -0.022414962
846 2016/1/16 15 9 3.165 -1.668277 0.052220245
847 2016/1/16 15 9 3.198 -1.674232 -0.078051024
848 2016/1/16 15 9 3.231 -1.663578 -0.083876221
849 2016/1/16 15 9 3.264 -1.682326 0.011875329
850 2016/1/16 15 9 3.297 -1.670341 0.022272882
851 2016/1/16 15 9 3.331 -1.666795 0.074024244
852 2016/1/16 15 9 3.363 -1.680215 0.037833448
853 2016/1/16 15 9 3.397 -1.682382 0.01933056
854 2016/1/16 15 9 3.43 -1.677949 -0.106296576
855 2016/1/16 15 9 3.463 -1.671068 0.057756619
856 2016/1/16 15 9 3.496 -1.648139 -0.081855515
857 2016/1/16 15 9 3.53 -1.634559 -0.031116825
858 2016/1/16 15 9 3.563 -1.63872 0.052363452
859 2016/1/16 15 9 3.596 -1.655052 -0.019585901
860 2016/1/16 15 9 3.629 -1.662971 -0.082044871
861 2016/1/16 15 9 3.663 -1.656628 -0.028289831
862 2016/1/16 15 9 3.697 -1.657965 -0.044311614
863 2016/1/16 15 9 3.73 -1.653243 0.024788605
864 2016/1/16 15 9 3.764 -1.659284 -0.040819555
865 2016/1/16 15 9 3.796 -1.662404 -0.017242994
866 2016/1/16 15 9 3.83 -1.668424 0.035786094
867 2016/1/16 15 9 3.863 -1.661886 -0.011655825
868 2016/1/16 15 9 3.897 -1.665136 0.056269991
869 2016/1/16 15 9 3.929 -1.66102 -0.006623482
870 2016/1/16 15 9 3.963 -1.657255 -0.00173768
871 2016/1/16 15 9 3.996 -1.664477 -0.007983551
872 2016/1/16 15 9 4.03 -1.673803 0.000619132
873 2016/1/16 15 9 4.063 -1.680827 -0.010876696
874 2016/1/16 15 9 4.096 -1.667907 -0.050405311
875 2016/1/16 15 9 4.129 -1.670926 0.022059133
876 2016/1/16 15 9 4.163 -1.674209 0.019772928
877 2016/1/16 15 9 4.196 -1.663226 -0.074368364
878 2016/1/16 15 9 4.23 -1.649969 -0.023008543
879 2016/1/16 15 9 4.263 -1.642668 -0.082235839
880 2016/1/16 15 9 4.296 -1.635822 0.01358417
881 2016/1/16 15 9 4.33 -1.632785 -0.050857114
882 2016/1/16 15 9 4.363 -1.630127 0.0230724
883 2016/1/16 15 9 4.396 -1.633613 0.026137996
884 2016/1/16 15 9 4.43 -1.629219 0.009836622
885 2016/1/16 15 9 4.463 -1.647568 0.068376152
886 2016/1/16 15 9 4.496 -1.651912 -0.059660154
887 2016/1/16 15 9 4.53 -1.645575 0.036715057
888 2016/1/16 15 9 4.563 -1.667366 0.011576369
889 2016/1/16 15 9 4.596 -1.655375 0.00113211
890 2016/1/16 15 9 4.63 -1.658997 0.005284911
891 2016/1/16 15 9 4.663 -1.65271 -0.056702163
892 2016/1/16 15 9 4.696 -1.642857 0.037628099
893 2016/1/16 15 9 4.73 -1.639746 0.050714103
894 2016/1/16 15 9 4.763 -1.633897 0.029751879
895 2016/1/16 15 9 4.796 -1.632528 0.018866988
896 2016/1/16 15 9 4.829 -1.63028 -0.075783847
897 2016/1/16 15 9 4.863 -1.632344 0.006745466
898 2016/1/16 15 9 4.896 -1.633294 -0.041154203
899 2016/1/16 15 9 4.931 -1.637931 -0.035244513
900 2016/1/16 15 9 4.963 -1.635722 0.022152766
901 2016/1/16 15 9 4.996 -1.632256 -0.092437602
902 2016/1/16 15 9 5.029 -1.623432 -0.071428239
903 2016/1/16 15 9 5.063 -1.627758 0.122717407
904 2016/1/16 15 9 5.098 -1.614344 0.040201245
905 2016/1/16 15 9 5.133 -1.614179 0.05294772
906 2016/1/16 15 9 5.163 -1.621498 0.122068493
907 2016/1/16 15 9 5.196 -1.620531 -0.029867772
908 2016/1/16 15 9 5.23 -1.623822 -0.013294781
909 2016/1/16 15 9 5.263 -1.630733 -0.050394256
910 2016/1/16 15 9 5.296 -1.638001 -0.075706445
911 2016/1/16 15 9 5.329 -1.62609 -0.01703986
912 2016/1/16 15 9 5.363 -1.627687 0.057326243
913 2016/1/16 15 9 5.396 -1.634716 0.026217126
914 2016/1/16 15 9 5.43 -1.626339 0.083995169
915 2016/1/16 15 9 5.463 -1.633533 0.084874322
916 2016/1/16 15 9 5.496 -1.642878 -0.090375639
917 2016/1/16 15 9 5.529 -1.647092 -0.112979732
918 2016/1/16 15 9 5.563 -1.653 -0.0131174
919 2016/1/16 15 9 5.596 -1.655599 0.004326351
920 2016/1/16 15 9 5.63 -1.669418 0.031086593
921 2016/1/16 15 9 5.663 -1.670589 -0.00436251
922 2016/1/16 15 9 5.696 -1.666144 -0.025227693
923 2016/1/16 15 9 5.729 -1.670699 0.041116102
924 2016/1/16 15 9 5.763 -1.664228 0.060556368
925 2016/1/16 15 9 5.795 -1.662992 0.049011029
926 2016/1/16 15 9 5.83 -1.670444 -0.006049723
927 2016/1/16 15 9 5.863 -1.679052 -0.102294527
928 2016/1/16 15 9 5.896 -1.670471 0.0459738
929 2016/1/16 15 9 5.93 -1.673892 0.024248329
930 2016/1/16 15 9 5.962 -1.682953 -0.007269804
931 2016/1/16 15 9 5.997 -1.668593 -0.092581645
932 2016/1/16 15 9 6.03 -1.674152 0.001964129
933 2016/1/16 15 9 6.064 -1.682959 -0.017557866
934 2016/1/16 15 9 6.096 -1.674327 0.005226177
935 2016/1/16 15 9 6.129 -1.6709 -0.018072027
936 2016/1/16 15 9 6.163 -1.671878 0.098592265
937 2016/1/16 15 9 6.196 -1.670323 0.029717252
938 2016/1/16 15 9 6.23 -1.676518 0.017475701
939 2016/1/16 15 9 6.263 -1.665385 -0.064081424
940 2016/1/16 15 9 6.296 -1.671648 0.03171936
941 2016/1/16 15 9 6.33 -1.675613 0.018410327
942 2016/1/16 15 9 6.364 -1.672771 -0.039255304
943 2016/1/16 15 9 6.397 -1.66733 -0.054430682
944 2016/1/16 15 9 6.429 -1.678399 -0.018919432
945 2016/1/16 15 9 6.462 -1.680705 -0.072759222
946 2016/1/16 15 9 6.497 -1.683266 -0.022658326
947 2016/1/16 15 9 6.529 -1.684819 0.069806856
948 2016/1/16 15 9 6.563 -1.693374 0.008848287
949 2016/1/16 15 9 6.596 -1.681501 -0.033549879
950 2016/1/16 15 9 6.629 -1.678884 0.067620867
951 2016/1/16 15 9 6.663 -1.676231 -0.000989808
952 2016/1/16 15 9 6.695 -1.672254 0.001222779
953 2016/1/16 15 9 6.729 -1.673404 -0.052463837
954 2016/1/16 15 9 6.762 -1.652429 -0.024339689
955 2016/1/16 15 9 6.795 -1.647201 0.011110736
956 2016/1/16 15 9 6.829 -1.63558 0.011937483
957 2016/1/16 15 9 6.862 -1.647352 0.013221399
958 2016/1/16 15 9 6.896 -1.646012 0.013294583
959 2016/1/16 15 9 6.929 -1.64506 0.151335819
960 2016/1/16 15 9 6.962 -1.646134 -0.020586693
961 2016/1/16 15 9 6.995 -1.640414 -0.076488327
962 2016/1/16 15 9 7.029 -1.646524 0.005266666
963 2016/1/16 15 9 7.062 -1.647618 0.006389516
964 2016/1/16 15 9 7.096 -1.641201 -0.013438991
965 2016/1/16 15 9 7.13 -1.6383 0.05514805
966 2016/1/16 15 9 7.162 -1.631721 0.047915294
967 2016/1/16 15 9 7.195 -1.639243 -0.013422336
968 2016/1/16 15 9 7.229 -1.637283 -0.072201685
969 2016/1/16 15 9 7.263 -1.629376 0.034143323
970 2016/1/16 15 9 7.296 -1.620285 -0.066601597
971 2016/1/16 15 9 7.329 -1.622997 0.037998851
972 2016/1/16 15 9 7.362 -1.629157 -0.013806374
973 2016/1/16 15 9 7.396 -1.630153 0.041223776
974 2016/1/16 15 9 7.429 -1.634066 0.112954449
975 2016/1/16 15 9 7.462 -1.638442 0.080080367
976 2016/1/16 15 9 7.495 -1.641136 0.006934184
977 2016/1/16 15 9 7.528 -1.635503 0.092235134
978 2016/1/16 15 9 7.562 -1.645311 0.03678964
979 2016/1/16 15 9 7.596 -1.644111 0.076510489
980 2016/1/16 15 9 7.628 -1.646009 0.057243463
981 2016/1/16 15 9 7.662 -1.642097 -0.035790764
982 2016/1/16 15 9 7.695 -1.642647 0.036787507
983 2016/1/16 15 9 7.729 -1.652447 0.001899822
984 2016/1/16 15 9 7.762 -1.640772 -0.043755498
985 2016/1/16 15 9 7.795 -1.634113 -0.014158414
986 2016/1/16 15 9 7.829 -1.627241 0.018397762
987 2016/1/16 15 9 7.862 -1.617603 0.020220132
988 2016/1/16 15 9 7.895 -1.612334 0.020651235
989 2016/1/16 15 9 7.928 -1.606076 0.082721242
990 2016/1/16 15 9 7.962 -1.609116 -0.057108031
991 2016/1/16 15 9 7.996 -1.614906 -0.004186367
992 2016/1/16 15 9 8.028 -1.615799 -0.04558547
993 2016/1/16 15 9 8.063 -1.619194 -0.02901494
994 2016/1/16 15 9 8.095 -1.609385 -0.001598226
995 2016/1/16 15 9 8.128 -1.620483 0.042199911
996 2016/1/16 15 9 8.162 -1.632002 0.004542711
997 2016/1/16 15 9 8.195 -1.628624 -0.028827511
998 2016/1/16 15 9 8.228 -1.633589 0.004699064
999 2016/1/16 15 9 8.262 -1.639853 0.16432361
1000 2016/1/16 15 9 8.295 -1.646441 0.029433999
1001 2016/1/16 15 9 8.328 -1.643375 0.060838055
1002 2016/1/16 15 9 8.362 -1.637806 0.011775991
1003 2016/1/16 15 9 8.395 -1.639513 -0.066830605
1004 2016/1/16 15 9 8.429 -1.627867 0.018968999
1005 2016/1/16 15 9 8.462 -1.6432 -0.075659832
1006 2016/1/16 15 9 8.495 -1.630357 0.061238929
1007 2016/1/16 15 9 8.528 -1.641739 -0.011429574
1008 2016/1/16 15 9 8.562 -1.642272 -0.02501399
1009 2016/1/16 15 9 8.595 -1.646823 0.083969822
1010 2016/1/16 15 9 8.628 -1.645329 0.004388088
1011 2016/1/16 15 9 8.662 -1.655886 -0.017238029
1012 2016/1/16 15 9 8.695 -1.673703 -0.032784867
1013 2016/1/16 15 9 8.728 -1.662055 -0.066895441
1014 2016/1/16 15 9 8.762 -1.651084 0.002055538
1015 2016/1/16 15 9 8.795 -1.651252 -0.096775158
1016 2016/1/16 15 9 8.829 -1.649011 0.011902107
1017 2016/1/16 15 9 8.862 -1.648517 0.063222869
1018 2016/1/16 15 9 8.895 -1.650336 -0.046223128
1019 2016/1/16 15 9 8.928 -1.645595 0.018165946
1020 2016/1/16 15 9 8.962 -1.637357 0.040107047
1021 2016/1/16 15 9 8.995 -1.624357 0.012708625
1022 2016/1/16 15 9 9.029 -1.62494 -0.036776876
1023 2016/1/16 15 9 9.062 -1.624901 -0.001280034
1024 2016/1/16 15 9 9.096 -1.63154 0.009524267
1025 2016/1/16 15 9 9.129 -1.630898 -0.03821831
1026 2016/1/16 15 9 9.162 -1.632534 0.008960266
1027 2016/1/16 15 9 9.195 -1.639678 -0.061965105
1028 2016/1/16 15 9 9.229 -1.645427 0.030224073
1029 2016/1/16 15 9 9.262 -1.641952 -0.001917036
1030 2016/1/16 15 9 9.295 -1.644031 0.018523544
1031 2016/1/16 15 9 9.329 -1.647769 0.01766947
1032 2016/1/16 15 9 9.361 -1.645799 0.075089256
1033 2016/1/16 15 9 9.395 -1.643247 -0.007382798
1034 2016/1/16 15 9 9.429 -1.644268 -0.010146335
1035 2016/1/16 15 9 9.462 -1.645267 0.015580316
1036 2016/1/16 15 9 9.494 -1.644912 0.081079339
1037 2016/1/16 15 9 9.529 -1.640145 -0.091442613
1038 2016/1/16 15 9 9.561 -1.637123 -0.01196168
1039 2016/1/16 15 9 9.595 -1.63602 -0.009216454
1040 2016/1/16 15 9 9.629 -1.635997 0.026095813
1041 2016/1/16 15 9 9.661 -1.64045 0.057996644
1042 2016/1/16 15 9 9.695 -1.639885 -0.047054224
1043 2016/1/16 15 9 9.728 -1.742533 -0.376703
1044 2016/1/16 15 9 9.761 -1.951008 -1.472488
1045 2016/1/16 15 9 9.794 -2.307599 -0.881843
1046 2016/1/16 15 9 9.828 -2.207219 0.26348
1047 2016/1/16 15 9 9.862 -2.149931 -0.757646
1048 2016/1/16 15 9 9.895 -1.910498 2.88832
1049 2016/1/16 15 9 9.928 -1.995069 -1.015677
1050 2016/1/16 15 9 9.961 -1.887388 2.545438
1051 2016/1/16 15 9 9.994 -1.933076 -1.285574
1052 2016/1/16 15 9 10.028 -1.988383 1.234202
1053 2016/1/16 15 9 10.061 -2.038613 -0.118253
1054 2016/1/16 15 9 10.101 -2.039556 0.52104
1055 2016/1/16 15 9 10.137 -2.005306 0.527466
1056 2016/1/16 15 9 10.16 -2.059401 0.536311
1057 2016/1/16 15 9 10.194 -2.100431 -0.669598
1058 2016/1/16 15 9 10.228 -2.107271 0.422476
1059 2016/1/16 15 9 10.26 -2.131907 -0.649158
1060 2016/1/16 15 9 10.293 -2.033476 0.83208
1061 2016/1/16 15 9 10.328 -2.022035 0.473691
1062 2016/1/16 15 9 10.361 -2.039651 0.118658
1063 2016/1/16 15 9 10.393 -2.111228 0.079082
1064 2016/1/16 15 9 10.428 -2.196799 -0.508127
1065 2016/1/16 15 9 10.46 -2.148009 -0.140443
1066 2016/1/16 15 9 10.494 -2.064189 0.338911
1067 2016/1/16 15 9 10.527 -2.055128 0.319624
1068 2016/1/16 15 9 10.56 -2.060028 0.321428
1069 2016/1/16 15 9 10.593 -2.144407 0.010808
1070 2016/1/16 15 9 10.627 -2.19637 -0.535465
1071 2016/1/16 15 9 10.66 -2.142854 -0.120107
1072 2016/1/16 15 9 10.693 -2.099361 0.035429
1073 2016/1/16 15 9 10.727 -2.066348 0.277704
1074 2016/1/16 15 9 10.76 -2.076414 0.403518
1075 2016/1/16 15 9 10.794 -2.10613 -0.011491
1076 2016/1/16 15 9 10.827 -2.152971 -0.184283
1077 2016/1/16 15 9 10.86 -2.173733 -0.157997
1078 2016/1/16 15 9 10.895 -2.116583 -0.028655
1079 2016/1/16 15 9 10.927 -2.077437 0.33795
1080 2016/1/16 15 9 10.96 -2.088621 0.380636
1081 2016/1/16 15 9 10.993 -2.116758 0.040456
1082 2016/1/16 15 9 11.027 -2.165497 -0.160129
1083 2016/1/16 15 9 11.06 -2.206767 -0.393789
1084 2016/1/16 15 9 11.093 -2.190618 -0.273334
1085 2016/1/16 15 9 11.127 -2.120871 0.074073
1086 2016/1/16 15 9 11.16 -2.080364 0.224307
1087 2016/1/16 15 9 11.193 -2.07584 0.195966
1088 2016/1/16 15 9 11.226 -2.091788 0.000659
1089 2016/1/16 15 9 11.26 -2.111358 -0.155149
1090 2016/1/16 15 9 11.292 -2.095889 0.00778
1091 2016/1/16 15 9 11.33 -2.087101 0.225688
1092 2016/1/16 15 9 11.36 -2.078129 0.295911
1093 2016/1/16 15 9 11.392 -2.08619 0.198175
1094 2016/1/16 15 9 11.427 -2.127279 -0.0709
1095 2016/1/16 15 9 11.46 -2.179612 -0.33674
1096 2016/1/16 15 9 11.493 -2.172444 -0.263016
1097 2016/1/16 15 9 11.526 -2.107883 -0.025165
1098 2016/1/16 15 9 11.56 -2.089558 0.175955
1099 2016/1/16 15 9 11.593 -2.087228 0.198293
1100 2016/1/16 15 9 11.626 -2.113085 -0.026552
1101 2016/1/16 15 9 11.661 -2.168386 -0.280939
1102 2016/1/16 15 9 11.693 -2.177113 -0.305655
1103 2016/1/16 15 9 11.726 -2.122134 -0.105741
1104 2016/1/16 15 9 11.76 -2.093583 0.144065
1105 2016/1/16 15 9 11.793 -2.089132 0.174748
1106 2016/1/16 15 9 11.826 -2.11082 -0.014182
1107 2016/1/16 15 9 11.86 -2.168327 -0.248955
1108 2016/1/16 15 9 11.893 -2.159905 -0.240891
1109 2016/1/16 15 9 11.926 -2.112387 -0.021688
1110 2016/1/16 15 9 11.96 -2.10432 0.140342
1111 2016/1/16 15 9 11.993 -2.102114 0.160817
1112 2016/1/16 15 9 12.026 -2.131396 0.005361
1113 2016/1/16 15 9 12.059 -2.172361 -0.194547
1114 2016/1/16 15 9 12.093 -2.187948 -0.303686
1115 2016/1/16 15 9 12.126 -2.152885 -0.176745
1116 2016/1/16 15 9 12.159 -2.101316 0.076297
1117 2016/1/16 15 9 12.192 -2.093388 0.184897
1118 2016/1/16 15 9 12.226 -2.101969 0.091535
1119 2016/1/16 15 9 12.26 -2.14412 -0.101696
1120 2016/1/16 15 9 12.293 -2.167629 -0.21016
1121 2016/1/16 15 9 12.326 -2.156088 -0.164671
1122 2016/1/16 15 9 12.36 -2.140622 -0.003442
1123 2016/1/16 15 9 12.393 -2.11294 0.109999
1124 2016/1/16 15 9 12.426 -2.127043 -0.007023
1125 2016/1/16 15 9 12.46 -2.158583 -0.155856
1126 2016/1/16 15 9 12.492 -2.175495 -0.236872
1127 2016/1/16 15 9 12.526 -2.148038 -0.141416
1128 2016/1/16 15 9 12.559 -2.112896 0.051942
1129 2016/1/16 15 9 12.592 -2.084685 0.219212
1130 2016/1/16 15 9 12.626 -2.06719 0.183484
1131 2016/1/16 15 9 12.66 -2.081793 0.077332
1132 2016/1/16 15 9 12.693 -2.113162 -0.078997
1133 2016/1/16 15 9 12.726 -2.101617 -0.045436
1134 2016/1/16 15 9 12.76 -2.074293 0.134558
1135 2016/1/16 15 9 12.792 -2.059333 0.285721
1136 2016/1/16 15 9 12.826 -2.039621 0.326029
1137 2016/1/16 15 9 12.859 -2.063399 0.228601
1138 2016/1/16 15 9 12.893 -2.073761 0.08324
1139 2016/1/16 15 9 12.926 -2.091664 0.021167
1140 2016/1/16 15 9 12.959 -2.082976 0.077545
1141 2016/1/16 15 9 12.992 -2.092767 0.201777
1142 2016/1/16 15 9 13.026 -2.079324 0.218209
1143 2016/1/16 15 9 13.059 -2.104163 0.042668
1144 2016/1/16 15 9 13.093 -2.1311 -0.16567
1145 2016/1/16 15 9 13.126 -2.156922 -0.231141
1146 2016/1/16 15 9 13.159 -2.124813 -0.113226
1147 2016/1/16 15 9 13.193 -2.096981 0.047701
1148 2016/1/16 15 9 13.226 -2.080722 0.121798
1149 2016/1/16 15 9 13.259 -2.099 -0.010566
1150 2016/1/16 15 9 13.293 -2.118896 -0.14327
1151 2016/1/16 15 9 13.326 -2.114575 -0.146437
1152 2016/1/16 15 9 13.359 -2.093488 -0.032398
1153 2016/1/16 15 9 13.392 -2.083174 0.103275
1154 2016/1/16 15 9 13.426 -2.063086 0.130096
1155 2016/1/16 15 9 13.46 -2.064346 0.130037
1156 2016/1/16 15 9 13.493 -2.079947 0.067121
1157 2016/1/16 15 9 13.525 -2.086782 0.004716
1158 2016/1/16 15 9 13.56 -2.086657 0.063463
1159 2016/1/16 15 9 13.592 -2.06512 0.153951
1160 2016/1/16 15 9 13.626 -2.066484 0.192799
1161 2016/1/16 15 9 13.659 -2.071682 0.15199
1162 2016/1/16 15 9 13.692 -2.079924 0.043487
1163 2016/1/16 15 9 13.727 -2.098314 -0.038614
1164 2016/1/16 15 9 13.759 -2.110332 -0.037804
1165 2016/1/16 15 9 13.792 -2.083384 0.064365
1166 2016/1/16 15 9 13.826 -2.091507 0.125548
1167 2016/1/16 15 9 13.859 -2.100842 0.114731
1168 2016/1/16 15 9 13.893 -2.120354 0.028551
1169 2016/1/16 15 9 13.926 -2.132247 -0.066246
1170 2016/1/16 15 9 13.959 -2.155156 -0.093842
1171 2016/1/16 15 9 13.993 -2.138901 -0.033079
1172 2016/1/16 15 9 14.025 -2.120262 0.014605
1173 2016/1/16 15 9 14.059 -2.118961 0.027016
1174 2016/1/16 15 9 14.093 -2.125901 -0.045318
1175 2016/1/16 15 9 14.126 -2.137872 -0.149864
1176 2016/1/16 15 9 14.159 -2.154928 -0.164718
1177 2016/1/16 15 9 14.193 -2.128764 -0.096036
1178 2016/1/16 15 9 14.226 -2.124473 -0.006825
1179 2016/1/16 15 9 14.26 -2.091545 0.077394
1180 2016/1/16 15 9 14.292 -2.106588 -0.026673
1181 2016/1/16 15 9 14.326 -2.144383 -0.156506
1182 2016/1/16 15 9 14.359 -2.137934 -0.156568
1183 2016/1/16 15 9 14.393 -2.09934 -0.033475
1184 2016/1/16 15 9 14.426 -2.10314 0.058365
1185 2016/1/16 15 9 14.459 -2.093355 0.020292
1186 2016/1/16 15 9 14.494 -2.110107 -0.13859911
1187 2016/1/16 15 9 14.526 -2.131579 -0.039730796
1188 2016/1/16 15 9 14.559 -2.116033 0.044935143
1189 2016/1/16 15 9 14.593 -2.103344 -0.002944024
1190 2016/1/16 15 9 14.626 -2.095774 0.035147434
1191 2016/1/16 15 9 14.659 -2.123379 0.002331833
1192 2016/1/16 15 9 14.692 -2.148565 -0.050161633
1193 2016/1/16 15 9 14.726 -2.179301 0.038367496
1194 2016/1/16 15 9 14.76 -2.173029 -0.031165701
1195 2016/1/16 15 9 14.793 -2.155227 -0.055736342
1196 2016/1/16 15 9 14.827 -2.140445 0.029748502
1197 2016/1/16 15 9 14.859 -2.134362 -0.007549106
1198 2016/1/16 15 9 14.892 -2.133732 0.004534864
1199 2016/1/16 15 9 14.927 -2.145968 0.037161496
1200 2016/1/16 15 9 14.959 -2.171882 -0.016769522
1201 2016/1/16 15 9 14.993 -2.160976 0.026443284
1202 2016/1/16 15 9 15.026 -2.175445 0.004377478
1203 2016/1/16 15 9 15.059 -2.153358 -0.092446053
1204 2016/1/16 15 9 15.094 -2.153151 -0.068693316
1205 2016/1/16 15 9 15.128 -2.150032 -0.0754579
1206 2016/1/16 15 9 15.16 -2.143425 0.026434965
1207 2016/1/16 15 9 15.193 -2.124896 -0.008594119
1208 2016/1/16 15 9 15.226 -2.086864 -0.019783311
1209 2016/1/16 15 9 15.26 -2.072064 0.004068906
1210 2016/1/16 15 9 15.292 -2.06591 -0.042874635
1211 2016/1/16 15 9 15.327 -2.068202 0.011229851
1212 2016/1/16 15 9 15.362 -2.064591 0.042242269
1213 2016/1/16 15 9 15.395 -2.057429 0.041794194
1214 2016/1/16 15 9 15.426 -2.035877 -0.071167129
1215 2016/1/16 15 9 15.46 -2.044663 0.02099579
1216 2016/1/16 15 9 15.493 -2.053895 0.010797893
1217 2016/1/16 15 9 15.526 -2.074447 -0.001000895
1218 2016/1/16 15 9 15.559 -2.091965 0.050457104
1219 2016/1/16 15 9 15.593 -2.105385 0.005481822
1220 2016/1/16 15 9 15.626 -2.107957 -0.033561752
1221 2016/1/16 15 9 15.66 -2.123497 -0.002552654
1222 2016/1/16 15 9 15.693 -2.110775 -0.012245679
1223 2016/1/16 15 9 15.726 -2.117618 -0.080592705
1224 2016/1/16 15 9 15.76 -2.136597 -0.023193764
1225 2016/1/16 15 9 15.792 -2.134861 -0.035503952
1226 2016/1/16 15 9 15.826 -2.132383 0.037379828
1227 2016/1/16 15 9 15.86 -2.140616 -0.014211796
1228 2016/1/16 15 9 15.893 -2.141997 0.058106074
1229 2016/1/16 15 9 15.926 -2.167384 0.034913531
1230 2016/1/16 15 9 15.959 -2.176172 -0.010194506
1231 2016/1/16 15 9 15.993 -2.181445 0.07169869
1232 2016/1/16 15 9 16.028 -2.187803 -0.054973234
1233 2016/1/16 15 9 16.06 -2.212051 -0.000231937
1234 2016/1/16 15 9 16.093 -2.196745 0.01692499
1235 2016/1/16 15 9 16.126 -2.205608 -0.048066344
1236 2016/1/16 15 9 16.16 -2.196036 0.052331982
1237 2016/1/16 15 9 16.193 -2.179351 0.010618174
1238 2016/1/16 15 9 16.227 -2.172742 0.0442985
1239 2016/1/16 15 9 16.26 -2.165175 -0.048499837
1240 2016/1/16 15 9 16.293 -2.155073 0.038803277
1241 2016/1/16 15 9 16.327 -2.147562 -0.01355347
1242 2016/1/16 15 9 16.36 -2.148988 0.093071591
1243 2016/1/16 15 9 16.393 -2.163995 0.022548425
1244 2016/1/16 15 9 16.427 -2.156058 0.017433783
1245 2016/1/16 15 9 16.46 -2.12654 0.024366206
1246 2016/1/16 15 9 16.493 -2.103282 -0.039863567
1247 2016/1/16 15 9 16.526 -2.107768 -0.032967713
1248 2016/1/16 15 9 16.56 -2.142514 0.035385046
1249 2016/1/16 15 9 16.593 -2.131594 0.083978253
1250 2016/1/16 15 9 16.627 -2.117198 0.017225196
1251 2016/1/16 15 9 16.66 -2.101242 -0.034840701
1252 2016/1/16 15 9 16.693 -2.113993 0.027013818
1253 2016/1/16 15 9 16.727 -2.119765 -0.057262377
1254 2016/1/16 15 9 16.76 -2.149322 0.040272901
1255 2016/1/16 15 9 16.794 -2.138108 -0.094448672
1256 2016/1/16 15 9 16.827 -2.116524 0.069655405
1257 2016/1/16 15 9 16.86 -2.089218 0.041473761
1258 2016/1/16 15 9 16.893 -2.098039 0.012547678
1259 2016/1/16 15 9 16.926 -2.115652 0.030460848
1260 2016/1/16 15 9 16.96 -2.126283 -0.004099607
1261 2016/1/16 15 9 16.993 -2.114945 -0.00498664
1262 2016/1/16 15 9 17.026 -2.118157 0.00088804
1263 2016/1/16 15 9 17.061 -2.13078 0.005604459
1264 2016/1/16 15 9 17.093 -2.135749 -0.03252858
1265 2016/1/16 15 9 17.127 -2.140879 0.016943312
1266 2016/1/16 15 9 17.16 -2.170581 -0.050312166
1267 2016/1/16 15 9 17.193 -2.197922 0.037925119
1268 2016/1/16 15 9 17.226 -2.210821 0.031722898
1269 2016/1/16 15 9 17.26 -2.205238 -0.088552614
1270 2016/1/16 15 9 17.293 -2.196902 0.055682783
1271 2016/1/16 15 9 17.327 -2.203904 0.080659808
1272 2016/1/16 15 9 17.36 -2.20677 0.023817017
1273 2016/1/16 15 9 17.393 -2.2102 -0.023381307
1274 2016/1/16 15 9 17.426 -2.184988 -0.002754074
1275 2016/1/16 15 9 17.46 -2.184515 0.028839102
1276 2016/1/16 15 9 17.493 -2.180901 0.071579315
1277 2016/1/16 15 9 17.526 -2.175374 0.02618542
1278 2016/1/16 15 9 17.56 -2.200066 0.012965297
1279 2016/1/16 15 9 17.594 -2.208476 0.009238023
1280 2016/1/16 15 9 17.627 -2.222653 0.043516787
1281 2016/1/16 15 9 17.66 -2.202574 0.015803643
1282 2016/1/16 15 9 17.694 -2.202308 -0.134718385
1283 2016/1/16 15 9 17.727 -2.205525 -0.059955859
1284 2016/1/16 15 9 17.76 -2.212223 -0.001274224
1285 2016/1/16 15 9 17.793 -2.212992 0.057286188
1286 2016/1/16 15 9 17.827 -2.208174 0.04290906
1287 2016/1/16 15 9 17.86 -2.208716 -0.005980028
1288 2016/1/16 15 9 17.893 -2.196305 0.015744988
1289 2016/1/16 15 9 17.927 -2.199818 0.095301194
1290 2016/1/16 15 9 17.96 -2.20216 -0.027110331
1291 2016/1/16 15 9 17.993 -2.202491 -0.026733075
1292 2016/1/16 15 9 18.027 -2.204724 0.027580639
1293 2016/1/16 15 9 18.06 -2.189598 -0.048848798
1294 2016/1/16 15 9 18.094 -2.17994 0.045856968
1295 2016/1/16 15 9 18.127 -2.193791 -0.020707453
1296 2016/1/16 15 9 18.16 -2.213991 -0.068807003
1297 2016/1/16 15 9 18.193 -2.204239 0.051726692
1298 2016/1/16 15 9 18.226 -2.212261 -0.055536324
1299 2016/1/16 15 9 18.26 -2.213781 0.000835276
1300 2016/1/16 15 9 18.293 -2.21434 0.051504313
1301 2016/1/16 15 9 18.327 -2.207749 0.016408313
1302 2016/1/16 15 9 18.36 -2.212714 0.00147347
1303 2016/1/16 15 9 18.394 -2.198963 -0.053650983
1304 2016/1/16 15 9 18.427 -2.212486 -0.019557325
1305 2016/1/16 15 9 18.46 -2.215573 0.025920139
1306 2016/1/16 15 9 18.493 -2.227476 0.046543351
1307 2016/1/16 15 9 18.527 -2.239109 0.021035496
1308 2016/1/16 15 9 18.56 -2.234094 -0.001199045
1309 2016/1/16 15 9 18.593 -2.242738 0.030405382
1310 2016/1/16 15 9 18.627 -2.240783 -0.003248935
1311 2016/1/16 15 9 18.661 -2.244991 0.10529999
1312 2016/1/16 15 9 18.693 -2.240635 0.024343702
1313 2016/1/16 15 9 18.727 -2.241581 0.031643858
1314 2016/1/16 15 9 18.76 -2.246931 0.04756972
1315 2016/1/16 15 9 18.793 -2.239916 -0.064364529
1316 2016/1/16 15 9 18.827 -2.233331 -0.004423858
1317 2016/1/16 15 9 18.861 -2.232864 -0.015507439
1318 2016/1/16 15 9 18.893 -2.213406 -0.028660452
1319 2016/1/16 15 9 18.927 -2.197455 0.021863863
1320 2016/1/16 15 9 18.961 -2.184414 -0.003714965
1321 2016/1/16 15 9 18.993 -2.181794 -0.042070755
1322 2016/1/16 15 9 19.026 -2.193945 0.111525593
1323 2016/1/16 15 9 19.06 -2.199554 -0.094419249
1324 2016/1/16 15 9 19.093 -2.200007 -0.10913224
1325 2016/1/16 15 9 19.127 -2.197357 -0.015225095
1326 2016/1/16 15 9 19.16 -2.212498 -0.065623049
1327 2016/1/16 15 9 19.193 -2.235061 -0.054637241
1328 2016/1/16 15 9 19.227 -2.226382 0.014000734
1329 2016/1/16 15 9 19.26 -2.213941 -0.013500686
1330 2016/1/16 15 9 19.293 -2.205495 -0.023052827
1331 2016/1/16 15 9 19.327 -2.189412 -0.012839034
1332 2016/1/16 15 9 19.36 -2.202988 -0.011213779
1333 2016/1/16 15 9 19.393 -2.202464 -0.046226009
1334 2016/1/16 15 9 19.427 -2.213196 -0.048933494
1335 2016/1/16 15 9 19.46 -2.226964 -0.049622469
1336 2016/1/16 15 9 19.493 -2.236658 -0.035358996
1337 2016/1/16 15 9 19.527 -2.223164 0.05878277
1338 2016/1/16 15 9 19.56 -2.214586 0.012806724
1339 2016/1/16 15 9 19.593 -2.229025 0.005963067
1340 2016/1/16 15 9 19.626 -2.212377 -0.035661856
1341 2016/1/16 15 9 19.66 -2.198425 -0.037944606
1342 2016/1/16 15 9 19.693 -2.202195 -0.09976373
1343 2016/1/16 15 9 19.727 -2.210969 -0.061006959
1344 2016/1/16 15 9 19.76 -2.202248 0.02041263
1345 2016/1/16 15 9 19.793 -2.204138 0.013212393
1346 2016/1/16 15 9 19.826 -2.199673 0.033624878
1347 2016/1/16 15 9 19.861 -2.191845 -0.002848119
1348 2016/1/16 15 9 19.894 -2.194965 0.012061554
1349 2016/1/16 15 9 19.926 -2.19555 -0.005572952
1350 2016/1/16 15 9 19.96 -2.192129 0.043730618
1351 2016/1/16 15 9 19.994 -2.199803 0.052934163
1352 2016/1/16 15 9 20.027 -2.206099 0.008841348
1353 2016/1/16 15 9 20.06 -2.195299 0.048002417
1354 2016/1/16 15 9 20.094 -2.19168 0.037867521
1355 2016/1/16 15 9 20.129 -2.189684 -0.011674369
1356 2016/1/16 15 9 20.161 -2.194368 0.004618686
1357 2016/1/16 15 9 20.194 -2.209068 -0.028058012
1358 2016/1/16 15 9 20.226 -2.23137 -0.018220009
1359 2016/1/16 15 9 20.261 -2.224066 -0.064798856
1360 2016/1/16 15 9 20.293 -2.213769 -0.017261181
1361 2016/1/16 15 9 20.327 -2.220316 0.002787502
1362 2016/1/16 15 9 20.36 -2.205472 0.082267302
1363 2016/1/16 15 9 20.393 -2.197836 0.00847961
1364 2016/1/16 15 9 20.426 -2.221384 -0.0457578
1365 2016/1/16 15 9 20.461 -2.231687 -0.112806718
1366 2016/1/16 15 9 20.493 -2.234839 -0.000263169
1367 2016/1/16 15 9 20.527 -2.245485 -0.032870175
1368 2016/1/16 15 9 20.561 -2.249217 0.046654781
1369 2016/1/16 15 9 20.593 -2.273252 -0.03994158
1370 2016/1/16 15 9 20.627 -2.271827 -0.016501649
1371 2016/1/16 15 9 20.661 -2.267823 -0.043955999
1372 2016/1/16 15 9 20.694 -2.251556 -0.015308077
1373 2016/1/16 15 9 20.727 -2.243826 -0.01042428
1374 2016/1/16 15 9 20.76 -2.25543 0.062285163
1375 2016/1/16 15 9 20.794 -2.272871 -0.00290562
1376 2016/1/16 15 9 20.827 -2.257124 -0.063724875
1377 2016/1/16 15 9 20.86 -2.274343 -0.101829
1378 2016/1/16 15 9 20.894 -2.280846 -0.008636087
1379 2016/1/16 15 9 20.927 -2.284439 0.010549629
1380 2016/1/16 15 9 20.961 -2.283759 0.07497738
1381 2016/1/16 15 9 20.993 -2.271564 -0.023500672
1382 2016/1/16 15 9 21.028 -2.287396 0.012450282
1383 2016/1/16 15 9 21.061 -2.280858 0.037731805
1384 2016/1/16 15 9 21.093 -2.271868 -0.014898731
1385 2016/1/16 15 9 21.127 -2.263142 0.035482258
1386 2016/1/16 15 9 21.16 -2.273506 -0.004353619
1387 2016/1/16 15 9 21.194 -2.250059 0.021617591
1388 2016/1/16 15 9 21.227 -2.235333 -0.038164929
1389 2016/1/16 15 9 21.26 -2.23766 0.089430663
1390 2016/1/16 15 9 21.294 -2.245018 0.028137764
1391 2016/1/16 15 9 21.327 -2.243095 0.059862491
1392 2016/1/16 15 9 21.361 -2.241558 -0.003965326
1393 2016/1/16 15 9 21.394 -2.245047 0.003116682
1394 2016/1/16 15 9 21.426 -2.250716 0.008408802
1395 2016/1/16 15 9 21.461 -2.255814 0.000548043
1396 2016/1/16 15 9 21.494 -2.257074 0.028386791
1397 2016/1/16 15 9 21.527 -2.266841 0.086705376
1398 2016/1/16 15 9 21.56 -2.276715 -0.00811633
1399 2016/1/16 15 9 21.594 -2.275065 -0.060586327
1400 2016/1/16 15 9 21.627 -2.272667 -0.050618889
1401 2016/1/16 15 9 21.66 -2.281482 -0.046913091
1402 2016/1/16 15 9 21.694 -2.272063 -0.006899799
1403 2016/1/16 15 9 21.728 -2.271359 -0.038437328
1404 2016/1/16 15 9 21.76 -2.270875 0.014394544
1405 2016/1/16 15 9 21.794 -2.272214 0.049468799
1406 2016/1/16 15 9 21.827 -2.262748 0.059220049
1407 2016/1/16 15 9 21.861 -2.2652 0.003394709
1408 2016/1/16 15 9 21.894 -2.264709 -0.031602159
1409 2016/1/16 15 9 21.927 -2.267015 0.001053673
1410 2016/1/16 15 9 21.96 -2.267036 -0.003642827
1411 2016/1/16 15 9 21.994 -2.276623 0.01086412
1412 2016/1/16 15 9 22.027 -2.29137 0.020580995
1413 2016/1/16 15 9 22.06 -2.294546 -0.040051885
1414 2016/1/16 15 9 22.094 -2.295886 0.058319562
1415 2016/1/16 15 9 22.127 -2.29048 -0.004021889
1416 2016/1/16 15 9 22.16 -2.284625 -0.070297876
1417 2016/1/16 15 9 22.194 -2.259253 0.034788362
1418 2016/1/16 15 9 22.227 -2.244618 0.123449606
1419 2016/1/16 15 9 22.26 -2.248717 0.013142769
1420 2016/1/16 15 9 22.294 -2.260871 0.054495862
1421 2016/1/16 15 9 22.327 -2.254486 -0.074229603
1422 2016/1/16 15 9 22.36 -2.268609 -0.008580807
1423 2016/1/16 15 9 22.394 -2.267625 0.003309407
1424 2016/1/16 15 9 22.427 -2.267054 0.034149765
1425 2016/1/16 15 9 22.461 -2.270597 0.028348698
1426 2016/1/16 15 9 22.494 -2.281662 -0.017023732
1427 2016/1/16 15 9 22.527 -2.278643 -0.025500585
1428 2016/1/16 15 9 22.56 -2.280204 0.056930858
1429 2016/1/16 15 9 22.593 -2.27492 0.023696844
1430 2016/1/16 15 9 22.627 -2.272229 -0.029454685
1431 2016/1/16 15 9 22.66 -2.2815 -0.025847812
1432 2016/1/16 15 9 22.694 -2.271706 0.009927613
1433 2016/1/16 15 9 22.727 -2.260445 -0.072540513
1434 2016/1/16 15 9 22.76 -2.258697 0.035897457
1435 2016/1/16 15 9 22.794 -2.264478 0.019913787
1436 2016/1/16 15 9 22.826 -2.260812 0.015709275
1437 2016/1/16 15 9 22.86 -2.272702 0.029097042
1438 2016/1/16 15 9 22.893 -2.26415 0.021346008
1439 2016/1/16 15 9 22.927 -2.253014 0.003366909
1440 2016/1/16 15 9 22.961 -2.251499 -0.004846775
1441 2016/1/16 15 9 22.993 -2.25936 0.001590371
1442 2016/1/16 15 9 23.028 -2.259223 -0.013532823
1443 2016/1/16 15 9 23.061 -2.268663 -0.029842897
1444 2016/1/16 15 9 23.093 -2.268876 0.040778048
1445 2016/1/16 15 9 23.127 -2.262328 0.037014737
1446 2016/1/16 15 9 23.16 -2.254427 0.073498218
1447 2016/1/16 15 9 23.194 -2.246227 -0.047101986
1448 2016/1/16 15 9 23.226 -2.245352 0.027359072
1449 2016/1/16 15 9 23.26 -2.242188 0.007864735
1450 2016/1/16 15 9 23.293 -2.243187 0.002089356
1451 2016/1/16 15 9 23.327 -2.242226 -0.036633345
1452 2016/1/16 15 9 23.36 -2.242569 0.038682143
1453 2016/1/16 15 9 23.394 -2.243092 0.001786185
1454 2016/1/16 15 9 23.427 -2.238873 0.044487593
1455 2016/1/16 15 9 23.461 -2.245434 0.033901289
1456 2016/1/16 15 9 23.495 -2.250334 -0.033972836
1457 2016/1/16 15 9 23.528 -2.247108 0.041542308
1458 2016/1/16 15 9 23.565 -2.249394 -0.037819816
1459 2016/1/16 15 9 23.594 -2.251854 0.049037594
1460 2016/1/16 15 9 23.627 -2.272117 0.01683416
1461 2016/1/16 15 9 23.66 -2.281071 0.037585029
1462 2016/1/16 15 9 23.694 -2.284844 0.031616246
1463 2016/1/16 15 9 23.727 -2.284891 0.077475644
1464 2016/1/16 15 9 23.761 -2.284468 0.054609114
1465 2016/1/16 15 9 23.794 -2.282402 -0.05910106
1466 2016/1/16 15 9 23.827 -2.278548 0.05220658
1467 2016/1/16 15 9 23.861 -2.265126 0.003496598
1468 2016/1/16 15 9 23.893 -2.271439 0.019259554
1469 2016/1/16 15 9 23.926 -2.271738 -0.026942144
1470 2016/1/16 15 9 23.96 -2.279409 0.020878141
1471 2016/1/16 15 9 23.993 -2.270425 -0.002975364
1472 2016/1/16 15 9 24.027 -2.277076 0.089330043
1473 2016/1/16 15 9 24.06 -2.27801 0.018009249
1474 2016/1/16 15 9 24.093 -2.295741 0.007561726
1475 2016/1/16 15 9 24.127 -2.287834 0.047155155
1476 2016/1/16 15 9 24.16 -2.284658 0.050733772
1477 2016/1/16 15 9 24.194 -2.260962 0.048134052
1478 2016/1/16 15 9 24.227 -2.253747 0.041953197
1479 2016/1/16 15 9 24.26 -2.257434 0.058756006
1480 2016/1/16 15 9 24.293 -2.256994 -0.002680235
1481 2016/1/16 15 9 24.326 -2.223262 -0.001616273
1482 2016/1/16 15 9 24.36 -2.233629 0.008001357
1483 2016/1/16 15 9 24.394 -2.252449 0.008683612
1484 2016/1/16 15 9 24.427 -2.282626 -0.010400899
1485 2016/1/16 15 9 24.46 -2.286349 -0.008342288
1486 2016/1/16 15 9 24.493 -2.295377 -0.012062892
1487 2016/1/16 15 9 24.527 -2.301605 0.016223058
1488 2016/1/16 15 9 24.559 -2.293896 0.019150558
1489 2016/1/16 15 9 24.593 -2.312384 0.014815562
1490 2016/1/16 15 9 24.627 -2.297208 -0.006954537
1491 2016/1/16 15 9 24.662 -2.302081 -0.028285217
1492 2016/1/16 15 9 24.693 -2.285912 -0.045226993
1493 2016/1/16 15 9 24.727 -2.270629 0.003890891
1494 2016/1/16 15 9 24.76 -2.260173 0.001012676
1495 2016/1/16 15 9 24.793 -2.253155 -0.023854037
1496 2016/1/16 15 9 24.826 -2.268293 0.056873344
1497 2016/1/16 15 9 24.86 -2.273208 0.030238026
1498 2016/1/16 15 9 24.893 -2.271818 -0.0197319
1499 2016/1/16 15 9 24.926 -2.211726 0.054096776
1500 2016/1/16 15 9 24.958 -2.235401 0.008354273
1501 2016/1/16 15 9 24.992 -2.256399 -0.018109638
1502 2016/1/16 15 9 25.025 -2.261228 0.042578499
1503 2016/1/16 15 9 25.058 -2.225935 0.002840279
1504 2016/1/16 15 9 25.093 -2.224451 0.044547498
1505 2016/1/16 15 9 25.13 -2.265496 -0.031668383
1506 2016/1/16 15 9 25.16 -2.273749 0.026273991
1507 2016/1/16 15 9 25.191 -2.267252 0.062647177
1508 2016/1/16 15 9 25.225 -2.29174 -0.012765077
1509 2016/1/16 15 9 25.258 -2.296057 0.084331926
1510 2016/1/16 15 9 25.292 -2.266028 -0.039593962
1511 2016/1/16 15 9 25.325 -2.249885 0.009419077
1512 2016/1/16 15 9 25.358 -2.272581 0.006607236
1513 2016/1/16 15 9 25.391 -2.260749 0.034353797
1514 2016/1/16 15 9 25.425 -2.257733 -0.042438849
1515 2016/1/16 15 9 25.458 -2.246511 -0.004920052
1516 2016/1/16 15 9 25.491 -2.254539 -0.057116436
1517 2016/1/16 15 9 25.525 -2.243876 -0.053900221
1518 2016/1/16 15 9 25.559 -2.24172 -0.037496057
1519 2016/1/16 15 9 25.591 -2.258047 0.069163748
1520 2016/1/16 15 9 25.625 -2.26192 0.052150427
1521 2016/1/16 15 9 25.658 -2.251742 0.007286995
1522 2016/1/16 15 9 25.691 -2.254933 0.014667568
1523 2016/1/16 15 9 25.726 -2.261583 -0.055453691
1524 2016/1/16 15 9 25.758 -2.262343 0.005825877
1525 2016/1/16 15 9 25.791 -2.279092 -0.035452248
1526 2016/1/16 15 9 25.825 -2.279746 -0.040425187
1527 2016/1/16 15 9 25.858 -2.277987 0.013479464
1528 2016/1/16 15 9 25.891 -2.294656 -6.47E-05
1529 2016/1/16 15 9 25.925 -2.302909 0.014268601
1530 2016/1/16 15 9 25.958 -2.307916 -0.010467119
1531 2016/1/16 15 9 25.992 -2.297075 0.001039771
1532 2016/1/16 15 9 26.026 -2.304914 0.013110429
1533 2016/1/16 15 9 26.059 -2.297802 0.001487035
1534 2016/1/16 15 9 26.091 -2.296572 0.091700511
1535 2016/1/16 15 9 26.125 -2.285852 0.002447586
1536 2016/1/16 15 9 26.158 -2.28139 0.010689207
1537 2016/1/16 15 9 26.191 -2.27358 -0.066385336
1538 2016/1/16 15 9 26.225 -2.27322 -0.005702385
1539 2016/1/16 15 9 26.258 -2.25092 0.010344794
1540 2016/1/16 15 9 26.291 -2.278259 0.008276171
1541 2016/1/16 15 9 26.326 -2.272383 0.010545107
1542 2016/1/16 15 9 26.358 -2.282679 -0.022481389
1543 2016/1/16 15 9 26.392 -2.288877 -0.105534395
1544 2016/1/16 15 9 26.424 -2.290581 0.033894913
1545 2016/1/16 15 9 26.458 -2.305538 -3.31E-05
1546 2016/1/16 15 9 26.491 -2.29939 -0.018836755
1547 2016/1/16 15 9 26.525 -2.307102 0.029624306
1548 2016/1/16 15 9 26.558 -2.293834 0.02908414
1549 2016/1/16 15 9 26.591 -2.307853 0.017740628
1550 2016/1/16 15 9 26.625 -2.310825 0.061458859
1551 2016/1/16 15 9 26.658 -2.317213 -0.002460138
1552 2016/1/16 15 9 26.692 -2.314466 0.021241821
1553 2016/1/16 15 9 26.725 -2.322128 -0.040881684
1554 2016/1/16 15 9 26.758 -2.325144 0.028503621
1555 2016/1/16 15 9 26.791 -2.33374 0.010688834
1556 2016/1/16 15 9 26.825 -2.324064 0.012971758
1557 2016/1/16 15 9 26.858 -2.307818 0.022149941
1558 2016/1/16 15 9 26.891 -2.305263 -0.028836947
1559 2016/1/16 15 9 26.924 -2.321492 0.01417109
1560 2016/1/16 15 9 26.958 -2.32785 0.010794226
1561 2016/1/16 15 9 26.991 -2.313182 -0.021677394
1562 2016/1/16 15 9 27.025 -2.305071 -0.011469764
1563 2016/1/16 15 9 27.058 -2.32813 0.032939747
1564 2016/1/16 15 9 27.092 -2.31894 -0.009949257
1565 2016/1/16 15 9 27.124 -2.305541 -0.024278572
1566 2016/1/16 15 9 27.159 -2.310145 0.057801418
1567 2016/1/16 15 9 27.191 -2.300949 0.009741689
1568 2016/1/16 15 9 27.225 -2.290723 -0.015054022
1569 2016/1/16 15 9 27.258 -2.283756 0.001433315
1570 2016/1/16 15 9 27.291 -2.278063 -0.036471461
1571 2016/1/16 15 9 27.324 -2.269866 -0.028033906
1572 2016/1/16 15 9 27.359 -2.265611 -0.006127531
1573 2016/1/16 15 9 27.391 -2.265543 -0.050895611
1574 2016/1/16 15 9 27.425 -2.273639 -8.71E-05
1575 2016/1/16 15 9 27.458 -2.265877 -0.003386802
1576 2016/1/16 15 9 27.491 -2.285267 0.002705734
1577 2016/1/16 15 9 27.525 -2.28564 0.003195193
1578 2016/1/16 15 9 27.558 -2.281585 0.029615164
1579 2016/1/16 15 9 27.591 -2.279533 -0.004174509
1580 2016/1/16 15 9 27.624 -2.266288 -0.005261185
1581 2016/1/16 15 9 27.658 -2.266876 0.039210007
1582 2016/1/16 15 9 27.691 -2.268189 -0.018334786
1583 2016/1/16 15 9 27.725 -2.26798 -0.006749722
1584 2016/1/16 15 9 27.758 -2.258177 0.014679633
1585 2016/1/16 15 9 27.791 -2.256189 -0.011544617
1586 2016/1/16 15 9 27.824 -2.278912 0.007461579
1587 2016/1/16 15 9 27.858 -2.272956 -0.005624444
1588 2016/1/16 15 9 27.891 -2.250071 0.005164046
1589 2016/1/16 15 9 27.924 -2.250941 0.021028344
1590 2016/1/16 15 9 27.958 -2.243016 0.027927474
1591 2016/1/16 15 9 27.991 -2.249193 0.008129766
1592 2016/1/16 15 9 28.024 -2.251597 0.03202715
1593 2016/1/16 15 9 28.058 -2.264975 0.075232419
1594 2016/1/16 15 9 28.091 -2.255048 0.013369206
1595 2016/1/16 15 9 28.125 -2.26158 0.062332584
1596 2016/1/16 15 9 28.158 -2.256243 -0.000712692
1597 2016/1/16 15 9 28.191 -2.244849 0.000630918
1598 2016/1/16 15 9 28.224 -2.253983 0.011615054
1599 2016/1/16 15 9 28.258 -2.253241 0.003925355
1600 2016/1/16 15 9 28.291 -2.266551 -0.009151207
1601 2016/1/16 15 9 28.324 -2.241986 0.014428508
1602 2016/1/16 15 9 28.358 -2.261249 -0.009491253
1603 2016/1/16 15 9 28.392 -2.257056 0.049488795
1604 2016/1/16 15 9 28.424 -2.253889 -0.024638733
1605 2016/1/16 15 9 28.458 -2.245242 0.024798976
1606 2016/1/16 15 9 28.491 -2.24759 -0.010382928
1607 2016/1/16 15 9 28.524 -2.245529 -0.029211736
1608 2016/1/16 15 9 28.558 -2.244222 0.01414219
1609 2016/1/16 15 9 28.591 -2.24576 -0.013364952
1610 2016/1/16 15 9 28.625 -2.249403 0.006376871
1611 2016/1/16 15 9 28.658 -2.258378 -0.035298418
1612 2016/1/16 15 9 28.691 -2.262639 -0.009731634
1613 2016/1/16 15 9 28.725 -2.253638 -0.053575561
1614 2016/1/16 15 9 28.758 -2.255063 0.005857071
1615 2016/1/16 15 9 28.791 -2.250799 0.02121552
1616 2016/1/16 15 9 28.825 -2.241626 0.008416959
1617 2016/1/16 15 9 28.858 -2.252248 0.010559907
1618 2016/1/16 15 9 28.892 -2.259691 -0.007940808
1619 2016/1/16 15 9 28.924 -2.249755 -0.044121866
1620 2016/1/16 15 9 28.958 -2.241871 -0.030846075
1621 2016/1/16 15 9 28.992 -2.23805 -0.023733115
1622 2016/1/16 15 9 29.024 -2.239251 -0.059010796
1623 2016/1/16 15 9 29.058 -2.24418 -0.005084622
1624 2016/1/16 15 9 29.091 -2.241076 0.000279633
1625 2016/1/16 15 9 29.125 -2.246623 -0.014643152
1626 2016/1/16 15 9 29.158 -2.238021 0.020751616
1627 2016/1/16 15 9 29.191 -2.23355 -0.035505889
1628 2016/1/16 15 9 29.225 -2.233207 -0.031692894
1629 2016/1/16 15 9 29.258 -2.224652 0.006709501
1630 2016/1/16 15 9 29.291 -2.222313 -0.030939577
1631 2016/1/16 15 9 29.325 -2.232112 -0.026444367
1632 2016/1/16 15 9 29.357 -2.232009 0.016911905
1633 2016/1/16 15 9 29.392 -2.22852 9.35E-05
1634 2016/1/16 15 9 29.424 -2.222044 -0.018799423
1635 2016/1/16 15 9 29.458 -2.217892 0.017338134
1636 2016/1/16 15 9 29.492 -2.224412 0.00869834
1637 2016/1/16 15 9 29.524 -2.211679 0.00401396
1638 2016/1/16 15 9 29.558 -2.226287 -0.016289779
1639 2016/1/16 15 9 29.591 -2.243636 0.028764615
1640 2016/1/16 15 9 29.624 -2.236622 -0.008085606
1641 2016/1/16 15 9 29.658 -2.252053 0.010486368
1642 2016/1/16 15 9 29.691 -2.235921 0.020079826
1643 2016/1/16 15 9 29.725 -2.237861 -0.012123857
1644 2016/1/16 15 9 29.757 -2.236817 0.03917877
1645 2016/1/16 15 9 29.792 -2.232521 -0.003148018
1646 2016/1/16 15 9 29.824 -2.254063 -0.037701192
1647 2016/1/16 15 9 29.857 -2.264747 -0.038929236
1648 2016/1/16 15 9 29.892 -2.253859 0.054370006
1649 2016/1/16 15 9 29.925 -2.249767 -0.000664978
1650 2016/1/16 15 9 29.958 -2.243205 0.022527588
1651 2016/1/16 15 9 29.991 -2.243654 -0.019230417
1652 2016/1/16 15 9 30.024 -2.243311 -0.012320428
1653 2016/1/16 15 9 30.057 -2.247676 -0.020415166
1654 2016/1/16 15 9 30.091 -2.246005 -0.015024396
1655 2016/1/16 15 9 30.127 -2.236477 -0.026881186
1656 2016/1/16 15 9 30.157 -2.248043 0.019553329
1657 2016/1/16 15 9 30.192 -2.219382 -0.028748804
1658 2016/1/16 15 9 30.224 -2.22558 0.045662112
1659 2016/1/16 15 9 30.257 -2.234026 0.008832804
1660 2016/1/16 15 9 30.291 -2.229617 0.025571032
1661 2016/1/16 15 9 30.324 -2.230193 -0.020939035
1662 2016/1/16 15 9 30.358 -2.251473 -0.025096518
1663 2016/1/16 15 9 30.391 -2.261982 -0.033101576
1664 2016/1/16 15 9 30.424 -2.251159 -0.001506723
1665 2016/1/16 15 9 30.458 -2.258514 0.033712147
1666 2016/1/16 15 9 30.491 -2.255219 -0.01552102
1667 2016/1/16 15 9 30.524 -2.259303 -0.00374064
1668 2016/1/16 15 9 30.558 -2.259827 0.021409993
1669 2016/1/16 15 9 30.591 -2.252023 -0.010099252
1670 2016/1/16 15 9 30.624 -2.249769 -0.011333466
1671 2016/1/16 15 9 30.657 -2.264079 -0.013623043
1672 2016/1/16 15 9 30.691 -2.259898 -0.003219363
1673 2016/1/16 15 9 30.724 -2.258333 -0.003918995
1674 2016/1/16 15 9 30.757 -2.27633 0.031257213
1675 2016/1/16 15 9 30.792 -2.269254 0.003436606
1676 2016/1/16 15 9 30.824 -2.258532 -0.018506734
1677 2016/1/16 15 9 30.858 -2.250113 -0.028762279
1678 2016/1/16 15 9 30.891 -2.262157 -0.028113665
1679 2016/1/16 15 9 30.924 -2.258806 0.061308986
1680 2016/1/16 15 9 30.957 -2.254238 0.012626451
1681 2016/1/16 15 9 30.991 -2.262494 -0.024600551
1682 2016/1/16 15 9 31.026 -2.254962 0.019283794
1683 2016/1/16 15 9 31.058 -2.243533 0.010044336
1684 2016/1/16 15 9 31.091 -2.248581 0.012250864
1685 2016/1/16 15 9 31.125 -2.245452 -0.023865131
1686 2016/1/16 15 9 31.157 -2.248034 0.004326855
1687 2016/1/16 15 9 31.191 -2.253555 0.002175864
1688 2016/1/16 15 9 31.224 -2.24497 -0.025324391
1689 2016/1/16 15 9 31.257 -2.25713 0.021625131
1690 2016/1/16 15 9 31.291 -2.259247 0.007293387
1691 2016/1/16 15 9 31.324 -2.255693 0.00375344
1692 2016/1/16 15 9 31.357 -2.259918 0.021379897
1693 2016/1/16 15 9 31.391 -2.254951 -0.009702855
1694 2016/1/16 15 9 31.425 -2.257736 0.020650195
1695 2016/1/16 15 9 31.458 -2.254865 -0.049905696
1696 2016/1/16 15 9 31.491 -2.262902 -0.000472837
1697 2016/1/16 15 9 31.524 -2.263154 0.025911031
1698 2016/1/16 15 9 31.558 -2.262222 -0.02428661
1699 2016/1/16 15 9 31.591 -2.264712 -0.021914548
1700 2016/1/16 15 9 31.625 -2.252528 4.13E-06
1701 2016/1/16 15 9 31.657 -2.243589 -0.011256657
1702 2016/1/16 15 9 31.691 -2.253327 0.004541248
1703 2016/1/16 15 9 31.725 -2.252416 0.01629966
1704 2016/1/16 15 9 31.757 -2.246673 0.016418129
1705 2016/1/16 15 9 31.791 -2.246384 0.007437183
1706 2016/1/16 15 9 31.824 -2.234771 0.003955019
1707 2016/1/16 15 9 31.857 -2.235194 -0.032184568
1708 2016/1/16 15 9 31.891 -2.246948 0.011006156
1709 2016/1/16 15 9 31.924 -2.230465 0.002445778
1710 2016/1/16 15 9 31.958 -2.23428 -0.021605253
1711 2016/1/16 15 9 31.991 -2.229191 0.01056476
1712 2016/1/16 15 9 32.024 -2.240919 0.001580786
1713 2016/1/16 15 9 32.057 -2.240987 -0.002643608
1714 2016/1/16 15 9 32.091 -2.226725 -0.034081267
1715 2016/1/16 15 9 32.124 -2.23106 0.021159147
1716 2016/1/16 15 9 32.157 -2.232405 -0.013329452
1717 2016/1/16 15 9 32.191 -2.228165 0.00417519
1718 2016/1/16 15 9 32.224 -2.223744 0.012966771
1719 2016/1/16 15 9 32.258 -2.236557 0.013080531
1720 2016/1/16 15 9 32.291 -2.230578 -0.023349986
1721 2016/1/16 15 9 32.324 -2.229102 0.036260021
1722 2016/1/16 15 9 32.357 -2.224264 -0.012528006
1723 2016/1/16 15 9 32.391 -2.220175 -0.021320796
1724 2016/1/16 15 9 32.424 -2.229599 -0.01923622
1725 2016/1/16 15 9 32.457 -2.235235 0.015662197
1726 2016/1/16 15 9 32.491 -2.224471 0.007866261
1727 2016/1/16 15 9 32.524 -2.229451 -0.004853476
1728 2016/1/16 15 9 32.557 -2.226266 -0.009452769
1729 2016/1/16 15 9 32.591 -2.238748 0.002171381
1730 2016/1/16 15 9 32.624 -2.227426 0.016420899
1731 2016/1/16 15 9 32.657 -2.224105 -0.000814697
1732 2016/1/16 15 9 32.69 -2.23596 0.012281101
1733 2016/1/16 15 9 32.724 -2.251145 -0.008293714
1734 2016/1/16 15 9 32.758 -2.267152 0.000677408
1735 2016/1/16 15 9 32.791 -2.26085 0.002311722
1736 2016/1/16 15 9 32.824 -2.256385 -0.000464833
1737 2016/1/16 15 9 32.857 -2.270277 -0.013525239
1738 2016/1/16 15 9 32.891 -2.255864 0.007756277
1739 2016/1/16 15 9 32.924 -2.245186 0.014007537
1740 2016/1/16 15 9 32.957 -2.24046 -0.022974491
1741 2016/1/16 15 9 32.991 -2.241649 0.007791575
1742 2016/1/16 15 9 33.024 -2.242427 0.007563302
1743 2016/1/16 15 9 33.057 -2.236114 0.006774832
1744 2016/1/16 15 9 33.091 -2.23777 0.018902286
1745 2016/1/16 15 9 33.124 -2.263544 -0.011209767
1746 2016/1/16 15 9 33.157 -2.249367 -0.006610297
1747 2016/1/16 15 9 33.19 -2.256083 0.011694736
1748 2016/1/16 15 9 33.224 -2.272838 -0.008771165
1749 2016/1/16 15 9 33.257 -2.269712 -0.007589091
1750 2016/1/16 15 9 33.291 -2.265111 0.009521303
1751 2016/1/16 15 9 33.324 -2.257562 -0.036156699
1752 2016/1/16 15 9 33.357 -2.262467 -0.004109106
1753 2016/1/16 15 9 33.391 -2.25129 -0.01143931
1754 2016/1/16 15 9 33.424 -2.255217 0.007857769
1755 2016/1/16 15 9 33.457 -2.264236 5.35E-06
1756 2016/1/16 15 9 33.491 -2.277664 0.004377418
1757 2016/1/16 15 9 33.525 -2.284566 -0.016222847
1758 2016/1/16 15 9 33.557 -2.261781 -0.005003035
1759 2016/1/16 15 9 33.59 -2.257154 -0.029843747
1760 2016/1/16 15 9 33.623 -2.266436 0.028260614
1761 2016/1/16 15 9 33.658 -2.282892 -0.00229542
1762 2016/1/16 15 9 33.691 -2.273938 0.005573319
1763 2016/1/16 15 9 33.723 -2.260448 0.009426162
1764 2016/1/16 15 9 33.757 -2.265138 -0.003072461
1765 2016/1/16 15 9 33.791 -2.253608 -0.023252521
1766 2016/1/16 15 9 33.823 -2.23784 -0.000428128
1767 2016/1/16 15 9 33.858 -2.250893 0.01440913
1768 2016/1/16 15 9 33.889 -2.255749 -0.014842736
1769 2016/1/16 15 9 33.923 -2.24088 0.02291322
1770 2016/1/16 15 9 33.957 -2.241732 0.010670199
1771 2016/1/16 15 9 33.991 -2.219311 0.011134226
1772 2016/1/16 15 9 34.023 -2.235954 0.021750649
1773 2016/1/16 15 9 34.057 -2.238731 0.017035481
1774 2016/1/16 15 9 34.09 -2.242557 0.012150604
1775 2016/1/16 15 9 34.123 -2.238985 -0.027164396
1776 2016/1/16 15 9 34.156 -2.244027 0.000532621
1777 2016/1/16 15 9 34.19 -2.242936 -0.017714097
1778 2016/1/16 15 9 34.222 -2.230164 0.009383199
1779 2016/1/16 15 9 34.258 -2.227115 0.006534725
1780 2016/1/16 15 9 34.289 -2.220246 0.006345032
1781 2016/1/16 15 9 34.323 -2.198227 0.019284078
1782 2016/1/16 15 9 34.357 -2.189036 0.011940528
1783 2016/1/16 15 9 34.389 -2.185133 0.002814466
1784 2016/1/16 15 9 34.423 -2.199883 0.024038219
1785 2016/1/16 15 9 34.456 -2.189006 0.011303601
1786 2016/1/16 15 9 34.49 -2.204043 3.04E-05
1787 2016/1/16 15 9 34.523 -2.219444 0.006499874
1788 2016/1/16 15 9 34.557 -2.251443 -0.008604558
1789 2016/1/16 15 9 34.59 -2.264298 -0.023871435
1790 2016/1/16 15 9 34.623 -2.252132 0.006670508
1791 2016/1/16 15 9 34.657 -2.243169 0.002674846
1792 2016/1/16 15 9 34.69 -2.255119 0.02286586
1793 2016/1/16 15 9 34.722 -2.258126 0.004521013
1794 2016/1/16 15 9 34.756 -2.265138 0.023363402
1795 2016/1/16 15 9 34.789 -2.259055 -0.018482852
1796 2016/1/16 15 9 34.822 -2.253158 0.017936402
1797 2016/1/16 15 9 34.856 -2.252443 0.001998461
1798 2016/1/16 15 9 34.889 -2.252558 -0.019080265
1799 2016/1/16 15 9 34.922 -2.260258 0.002975785
1800 2016/1/16 15 9 34.956 -2.259176 0.006831607
1801 2016/1/16 15 9 34.989 -2.25401 -0.003254429
1802 2016/1/16 15 9 35.022 -2.245662 0.018706255
1803 2016/1/16 15 9 35.055 -2.257958 0.007663035
1804 2016/1/16 15 9 35.09 -2.268166 -0.010437988
1805 2016/1/16 15 9 35.124 -2.266655 0.008594845
1806 2016/1/16 15 9 35.156 -2.263222 -0.012880039
1807 2016/1/16 15 9 35.189 -2.249364 0.007905251
1808 2016/1/16 15 9 35.222 -2.247076 -0.020248224
1809 2016/1/16 15 9 35.256 -2.243767 -0.020918048
1810 2016/1/16 15 9 35.289 -2.248986 -0.003535949
1811 2016/1/16 15 9 35.324 -2.262858 -0.005779595
1812 2016/1/16 15 9 35.356 -2.269189 -0.002199454
1813 2016/1/16 15 9 35.388 -2.269502 0.015964579
1814 2016/1/16 15 9 35.422 -2.244574 -0.010024616
1815 2016/1/16 15 9 35.455 -2.244997 0.001674255
1816 2016/1/16 15 9 35.489 -2.249421 -0.015367333
1817 2016/1/16 15 9 35.521 -2.265531 -0.004010424
1818 2016/1/16 15 9 35.555 -2.263272 0.003164867
1819 2016/1/16 15 9 35.59 -2.265138 -0.011107079
1820 2016/1/16 15 9 35.622 -2.252129 0.010337941
1821 2016/1/16 15 9 35.656 -2.225474 0.007342814
1822 2016/1/16 15 9 35.689 -2.228537 -0.011956776
1823 2016/1/16 15 9 35.722 -2.25967 0.002022793
1824 2016/1/16 15 9 35.755 -2.241419 0.001907761
1825 2016/1/16 15 9 35.788 -2.245319 -0.002366837
1826 2016/1/16 15 9 35.822 -2.262991 0.011634429
1827 2016/1/16 15 9 35.855 -2.260119 0.005192021
1828 2016/1/16 15 9 35.888 -2.251174 0.003868002
1829 2016/1/16 15 9 35.922 -2.23902 0.00144768
1830 2016/1/16 15 9 35.955 -2.25571 -0.00043241
1831 2016/1/16 15 9 35.989 -2.252957 0.019257563
      
      
      
      
      
      
      
      
      
      
      
      
      
      
      
      
      
      
      
      
      
      
      
      
      
      
      
      
      
      
      
      
      
      
      
      
      
      
      
      
      
      
      
      
      
      
      
      
      
      
      
      
      
      
      
      
      
      
      
      
      
      
      
      
      
      
      
      
      
      
      
      
      
      
      
      
      
      
      
      
      
      
      
      
      
      
      
      
      
      
      
      
      
      
      
      
      
      
      
      
      
      
      
      
      
      
      
      
      
      
      
      
      
      
      
      
      
      
      
      
      
      
      
      
      
      
      
      
      
      
      
      
      
      
      
      
      
      
      
      
      
      
      
      
      
      
      
      
      
      
      
      
      
      
      
      
      
      
      
      
      
      
      
      
      
      
      
      
      
      
      
      
      
      
      
      
      
      
      
      
      
      
      
      
      
      
      
      
      
      
      
      
      
      
      
      
      
      
      
      
      
      
      
      
      
      
      
      
      
      
      
      
      
      
      
      
      
      
      
      
      
      
      
      
      
      
      
      
      
      
      
      
      
      
      
      
      
      
      
      
      
      
      
      
      
      
      
      
      
      
      
      
      
      
      
      
      
      
