 1.6049E+3  
 1.6052E+3  
 1.6049E+3  
 1.6046E+3  
 1.6058E+3  
 1.6043E+3  
 1.6043E+3  
 1.6055E+3  
 1.6064E+3  
 1.6068E+3  
 1.6061E+3  
 1.6074E+3  
 1.6092E+3  
 1.6083E+3  
 1.6074E+3  
 1.6074E+3  
 1.6080E+3  
 1.6071E+3  
 1.6071E+3  
 1.6058E+3  
 1.6052E+3  
 1.6055E+3  
 1.6055E+3  
 1.6049E+3  
 1.6058E+3  
 1.6043E+3  
 1.6055E+3  
 1.6052E+3  
 1.6052E+3  
 1.6055E+3  
 1.6064E+3  
 1.6080E+3  
 1.6077E+3  
 1.6068E+3  
 1.6071E+3  
 1.6080E+3  
 1.6080E+3  
 1.6086E+3  
 1.6080E+3  
 1.6083E+3  
 1.6086E+3  
 1.6083E+3  
 1.6092E+3  
 1.6086E+3  
 1.6092E+3  
 1.6064E+3  
 1.6049E+3  
 1.6025E+3  
 1.6046E+3  
 1.6028E+3  
 1.6010E+3  
 1.6022E+3  
 1.5967E+3  
 1.6046E+3  
 1.6058E+3  
 1.6049E+3  
 1.6058E+3  
 1.6049E+3  
 1.6046E+3  
 1.6046E+3  
 1.6058E+3  
 1.6058E+3  
 1.6055E+3  
 1.6055E+3  
 1.6080E+3  
 1.6098E+3  
 1.6089E+3  
 1.6083E+3  
 1.6068E+3  
 1.6080E+3  
 1.6098E+3  
 1.6092E+3  
 1.6052E+3  
 1.6055E+3  
 1.6049E+3  
 1.6049E+3  
 1.6055E+3  
 1.6043E+3  
 1.6037E+3  
 1.6049E+3  
 1.6046E+3  
 1.5952E+3  
 1.5845E+3  
 1.5900E+3  
 1.5955E+3  
 1.5952E+3  
 1.5970E+3  
 1.5970E+3  
 1.5988E+3  
 1.6016E+3  
 1.6049E+3  
 1.6049E+3  
 1.6071E+3  
 1.6058E+3  
 1.6049E+3  
 1.6071E+3  
 1.6086E+3  
 1.6086E+3  
 1.6080E+3  
 1.6092E+3  
 1.6074E+3  
 1.6083E+3  
 1.6095E+3  
 1.6080E+3  
 1.6040E+3  
 1.6083E+3  
 1.6077E+3  
 1.6034E+3  
 1.6092E+3  
 1.6107E+3  
 1.6098E+3  
 1.6061E+3  
 1.6095E+3  
 1.6095E+3  
 1.6068E+3  
 1.6052E+3  
 1.6064E+3  
 1.6092E+3  
 1.6083E+3  
 1.6061E+3  
 1.6068E+3  
 1.6064E+3  
 1.6046E+3  
 1.6064E+3  
 1.6071E+3  
 1.6077E+3  
 1.5894E+3  
 1.6061E+3  
 1.6064E+3  
 1.6086E+3  
 1.6086E+3  
 1.6006E+3  
 1.6034E+3  
 1.6006E+3  
 1.6025E+3  
 1.5927E+3  
 1.5717E+3  
 1.5939E+3  
 1.5851E+3  
 1.5811E+3  
 1.5921E+3  
 1.6040E+3  
 1.6068E+3  
 1.6040E+3  
 1.6028E+3  
 1.5942E+3  
 1.6031E+3  
 1.6037E+3  
 1.6071E+3  
 1.6003E+3  
 1.6071E+3  
 1.6089E+3  
 1.6086E+3  
 1.6086E+3  
 1.6086E+3  
 1.6068E+3  
 1.6071E+3  
 1.6064E+3  
 1.6064E+3  
 1.6034E+3  
 1.6080E+3  
 1.6089E+3  
 1.6086E+3  
 1.6086E+3  
 1.6083E+3  
 1.6086E+3  
 1.6083E+3  
 1.6086E+3  
 1.6086E+3  
 1.6092E+3  
 1.6080E+3  
 1.6043E+3  
 1.6016E+3  
 1.6071E+3  
 1.6080E+3  
 1.6077E+3  
 1.6074E+3  
 1.6071E+3  
 1.6080E+3  
 1.6086E+3  
 1.6083E+3  
 1.6089E+3  
 1.6058E+3  
 1.6080E+3  
 1.6077E+3  
 1.6071E+3  
 1.6040E+3  
 1.6040E+3  
 1.6064E+3  
 1.6052E+3  
 1.6052E+3  
 1.6058E+3  
 1.6052E+3  
 1.6055E+3  
 1.6064E+3  
 1.6080E+3  
 1.6077E+3  
 1.6071E+3  
 1.6071E+3  
 1.6077E+3  
 1.6071E+3  
 1.6077E+3  
 1.6071E+3  
 1.6074E+3  
 1.6071E+3  
 1.6061E+3  
 1.6058E+3  
 1.6068E+3  
 1.6058E+3  
 1.6071E+3  
 1.6077E+3  
 1.6068E+3  
 1.6068E+3  
 1.6068E+3  
 1.6074E+3  
 1.6064E+3  
 1.5970E+3  
 1.5942E+3  
 1.6016E+3  
 1.6022E+3  
 1.6003E+3  
 1.5927E+3  
 1.6055E+3  
 1.5955E+3  
 1.6055E+3  
 1.5994E+3  
 1.5967E+3  
 1.5991E+3  
 1.6010E+3  
 1.5985E+3  
 1.5927E+3  
 1.5964E+3  
 1.6028E+3  
 1.5979E+3  
 1.5991E+3  
 1.6040E+3  
 1.6061E+3  
 1.6064E+3  
 1.6052E+3  
 1.6055E+3  
 1.6031E+3  
 1.5988E+3  
 1.5811E+3  
 1.5860E+3  
 1.5833E+3  
 1.5952E+3  
 1.5948E+3  
 1.5955E+3  
 1.5970E+3  
 1.6003E+3  
 1.6052E+3  
 1.6037E+3  
 1.5988E+3  
 1.5988E+3  
 1.6000E+3  
 1.6034E+3  
 1.6046E+3  
 1.6064E+3  
 1.6071E+3  
 1.6071E+3  
 1.6071E+3  
 1.6061E+3  
 1.6064E+3  
 1.6061E+3  
 1.6064E+3  
 1.5964E+3  
 1.5976E+3  
 1.6000E+3  
 1.6006E+3  
 1.5900E+3  
 1.5930E+3  
 1.5945E+3  
 1.5952E+3  
 1.5948E+3  
 1.5952E+3  
 1.5976E+3  
 1.5991E+3  
 1.5991E+3  
 1.5994E+3  
 1.5985E+3  
 1.5970E+3  
 1.5961E+3  
 1.5973E+3  
 1.6000E+3  
 1.5952E+3  
 1.5915E+3  
 1.5796E+3  
 1.5817E+3  
 1.5826E+3  
 1.5823E+3  
 1.5790E+3  
 1.5787E+3  
 1.5799E+3  
 1.5805E+3  
 1.5796E+3  
 1.5820E+3  
 1.5842E+3  
 1.5854E+3  
 1.5900E+3  
 1.5891E+3  
 1.5948E+3  
 1.5988E+3  
 1.6006E+3  
 1.6019E+3  
 1.6025E+3  
 1.6025E+3  
 1.6022E+3  
 1.6016E+3  
 1.6025E+3  
 1.6022E+3  
 1.6010E+3  
 1.6019E+3  
 1.5994E+3  
 1.5717E+3  
 1.5897E+3  
 1.5906E+3  
 1.5900E+3  
 1.5912E+3  
 1.5912E+3  
 1.5933E+3  
 1.5955E+3  
 1.5958E+3  
 1.5973E+3  
 1.5988E+3  
 1.6016E+3  
 1.6010E+3  
 1.6003E+3  
 1.6019E+3  
 1.6016E+3  
 1.6019E+3  
 1.6006E+3  
 1.6003E+3  
 1.6000E+3  
 1.6010E+3  
 1.6010E+3  
 1.6016E+3  
 1.6016E+3  
 1.6022E+3  
 1.6016E+3  
 1.6028E+3  
 1.6025E+3  
 1.6022E+3  
 1.6034E+3  
 1.6034E+3  
 1.6040E+3  
 1.6043E+3  
 1.6049E+3  
 1.6049E+3  
 1.6040E+3  
 1.6037E+3  
 1.6034E+3  
 1.5811E+3  
 1.6000E+3  
 1.5991E+3  
 1.6006E+3  
 1.6019E+3  
 1.6043E+3  
 1.6037E+3  
 1.6080E+3  
 1.6061E+3  
 1.6101E+3  
 1.6095E+3  
 1.6104E+3  
 1.6086E+3  
 1.6095E+3  
 1.6095E+3  
 1.6061E+3  
 1.6058E+3  
 1.6061E+3  
 1.6068E+3  
 1.6064E+3  
 1.6058E+3  
 1.6064E+3  
 1.6068E+3  
 1.6089E+3  
 1.6104E+3  
 1.6098E+3  
 1.6098E+3  
 1.6107E+3  
 1.6104E+3  
 1.6104E+3  
 1.6107E+3  
 1.6104E+3  
 1.6113E+3  
 1.6110E+3  
 1.6110E+3  
 1.6104E+3  
 1.6104E+3  
 1.6104E+3  
 1.6104E+3  
 1.6086E+3  
 1.6080E+3  
 1.6095E+3  
 1.6098E+3  
 1.6095E+3  
 1.6092E+3  
 1.6104E+3  
 1.6095E+3  
 1.6089E+3  
 1.6086E+3  
 1.6107E+3  
 1.6104E+3  
 1.6110E+3  
 1.6113E+3  
 1.6107E+3  
 1.6104E+3  
 1.6110E+3  
 1.6098E+3  
 1.6110E+3  
 1.6110E+3  
 1.6113E+3  
 1.6119E+3  
 1.6125E+3  
 1.6129E+3  
 1.6129E+3  
 1.6125E+3  
 1.6119E+3  
 1.6125E+3  
 1.6125E+3  
 1.6125E+3  
 1.6122E+3  
 1.6129E+3  
 1.6132E+3  
 1.6129E+3  
 1.6125E+3  
 1.6129E+3  
 1.6132E+3  
 1.6132E+3  
 1.6129E+3  
 1.6132E+3  
 1.6135E+3  
 1.6147E+3  
 1.6144E+3  
 1.6141E+3  
 1.6147E+3  
 1.6156E+3  
 1.6150E+3  
 1.6159E+3  
 1.6168E+3  
 1.6174E+3  
 1.6171E+3  
 1.6193E+3  
 1.6180E+3  
 1.6196E+3  
 1.6193E+3  
 1.6196E+3  
 1.6187E+3  
 1.6199E+3  
 1.6183E+3  
 1.6183E+3  
 1.6187E+3  
 1.6187E+3  
 1.6183E+3  
 1.6187E+3  
 1.6190E+3  
 1.6180E+3  
 1.6196E+3  
 1.6193E+3  
 1.6187E+3  
 1.6183E+3  
 1.6199E+3  
 1.6190E+3  
 1.6205E+3  
 1.6214E+3  
 1.6205E+3  
 1.6211E+3  
 1.6205E+3  
 1.6208E+3  
 1.6223E+3  
 1.6220E+3  
 1.6220E+3  
 1.6217E+3  
 1.6217E+3  
 1.6217E+3  
 1.6220E+3  
 1.6211E+3  
 1.6214E+3  
 1.6220E+3  
 1.6214E+3  
 1.6214E+3  
 1.6220E+3  
 1.6214E+3  
 1.6211E+3  
 1.6217E+3  
 1.6214E+3  
 1.6217E+3  
 1.6208E+3  
 1.6214E+3  
 1.6220E+3  
 1.6211E+3  
 1.6229E+3  
 1.6217E+3  
 1.6205E+3  
 1.6205E+3  
 1.6125E+3  
 1.6162E+3  
 1.6177E+3  
 1.6190E+3  
 1.6190E+3  
 1.6196E+3  
 1.6202E+3  
 1.6226E+3  
 1.6214E+3  
 1.6211E+3  
 1.6217E+3  
 1.6211E+3  
 1.6138E+3  
 1.6129E+3  
 1.6226E+3  
 1.6220E+3  
 1.6229E+3  
 1.6232E+3  
 1.6241E+3  
 1.6251E+3  
 1.6251E+3  
 1.6245E+3  
 1.6235E+3  
 1.6248E+3  
 1.6238E+3  
 1.6254E+3  
 1.6260E+3  
 1.6257E+3  
 1.6272E+3  
 1.6272E+3  
 1.6284E+3  
 1.6272E+3  
 1.6312E+3  
 1.6315E+3  
 1.6287E+3  
 1.6303E+3  
 1.6303E+3  
 1.6263E+3  
 1.6260E+3  
 1.6263E+3  
 1.6266E+3  
 1.6034E+3  
 1.6125E+3  
 1.6129E+3  
 1.6147E+3  
 1.6107E+3  
 1.6245E+3  
 1.6254E+3  
 1.6269E+3  
 1.6299E+3  
 1.6324E+3  
 1.6330E+3  
 1.6327E+3  
 1.6306E+3  
 1.6339E+3  
 1.6370E+3  
 1.6364E+3  
 1.6367E+3  
 1.6348E+3  
 1.5189E+3  
 1.6251E+3  
 1.6281E+3  
 1.6318E+3  
 1.6318E+3  
 1.6299E+3  
 1.6306E+3  
 1.6324E+3  
 1.6330E+3  
 1.6269E+3  
 1.6330E+3  
 1.6324E+3  
 1.6321E+3  
 1.6330E+3  
 1.6315E+3  
 1.6306E+3  
 1.6357E+3  
 1.6373E+3  
 1.6376E+3  
 1.6364E+3  
 1.6370E+3  
 1.6342E+3  
 1.6208E+3  
 1.6330E+3  
 1.6339E+3  
 1.6345E+3  
 1.6342E+3  
 1.6345E+3  
 1.6336E+3  
 1.6333E+3  
 1.6330E+3  
 1.6345E+3  
 1.6345E+3  
 1.6333E+3  
 1.6321E+3  
 1.6312E+3  
 1.6299E+3  
 1.6214E+3  
 1.6229E+3  
 1.6235E+3  
 1.6232E+3  
 1.6226E+3  
 1.6257E+3  
 1.6235E+3  
 1.6202E+3  
 1.6226E+3  
 1.6217E+3  
 1.6214E+3  
 1.6226E+3  
 1.6214E+3  
 1.6220E+3  
 1.6223E+3  
 1.6278E+3  
 1.6293E+3  
 1.6293E+3  
 1.6299E+3  
 1.6303E+3  
 1.6293E+3  
 1.6299E+3  
 1.6299E+3  
 1.6293E+3  
 1.6144E+3  
 1.6238E+3  
 1.6248E+3  
 1.6254E+3  
 1.6260E+3  
 1.6281E+3  
 1.6287E+3  
 1.6315E+3  
 1.6312E+3  
 1.6303E+3  
 1.6318E+3  
 1.6336E+3  
 1.6330E+3  
 1.6357E+3  
 1.6354E+3  
 1.6364E+3  
 1.6251E+3  
 1.6260E+3  
 1.6260E+3  
 1.6260E+3  
 1.6284E+3  
 1.6287E+3  
 1.6296E+3  
 1.6315E+3  
 1.6339E+3  
 1.6364E+3  
 1.6364E+3  
 1.6351E+3  
 1.6342E+3  
 1.6360E+3  
 1.6364E+3  
 1.6373E+3  
 1.6360E+3  
 1.6333E+3  
 1.6245E+3  
 1.6223E+3  
 1.6351E+3  
 1.6348E+3  
 1.6364E+3  
 1.6367E+3  
 1.6373E+3  
 1.6367E+3  
 1.6348E+3  
 1.6348E+3  
 1.6354E+3  
 1.6364E+3  
 1.6373E+3  
 1.6382E+3  
 1.6379E+3  
 1.6354E+3  
 1.6360E+3  
 1.6345E+3  
 1.6348E+3  
 1.6351E+3  
 1.6339E+3  
 1.6348E+3  
 1.6348E+3  
 1.6351E+3  
 1.6360E+3  
 1.6370E+3  
 1.6394E+3  
 1.6351E+3  
 1.6370E+3  
 1.6364E+3  
 1.6367E+3  
 1.6360E+3  
 1.6370E+3  
 1.6360E+3  
 1.6360E+3  
 1.6351E+3  
 1.6357E+3  
 1.6367E+3  
 1.6360E+3  
 1.6354E+3  
 1.6306E+3  
 1.6327E+3  
 1.6367E+3  
 1.6354E+3  
 1.6345E+3  
 1.6345E+3  
 1.6348E+3  
 1.6351E+3  
 1.6336E+3  
 1.6336E+3  
 1.6339E+3  
 1.6351E+3  
 1.6357E+3  
 1.6357E+3  
 1.6351E+3  
 1.6354E+3  
 1.6351E+3  
 1.6354E+3  
 1.6373E+3  
 1.6367E+3  
 1.6373E+3  
 1.6382E+3  
 1.6388E+3  
 1.6406E+3  
 1.6412E+3  
 1.6406E+3  
 1.6412E+3  
 1.6400E+3  
 1.6394E+3  
 1.6388E+3  
 1.6385E+3  
 1.6388E+3  
 1.6394E+3  
 1.6382E+3  
 1.6391E+3  
 1.6388E+3  
 1.6385E+3  
 1.6388E+3  
 1.6391E+3  
 1.6400E+3  
 1.6403E+3  
 1.6400E+3  
 1.6394E+3  
 1.6406E+3  
 1.6388E+3  
 1.6397E+3  
 1.6394E+3  
 1.6391E+3  
 1.6403E+3  
 1.6403E+3  
 1.6388E+3  
 1.6394E+3  
 1.6403E+3  
 1.6412E+3  
 1.6412E+3  
 1.6418E+3  
 1.6418E+3  
 1.6412E+3  
 1.6425E+3  
 1.6422E+3  
 1.6412E+3  
 1.6422E+3  
 1.6425E+3  
 1.6428E+3  
 1.6418E+3  
 1.6415E+3  
 1.6406E+3  
 1.6415E+3  
 1.6428E+3  
 1.6422E+3  
 1.6431E+3  
 1.6428E+3  
 1.6422E+3  
 1.6406E+3  
 1.6418E+3  
 1.6418E+3  
 1.6415E+3  
 1.6412E+3  
 1.6425E+3  
 1.6418E+3  
 1.6415E+3  
 1.6412E+3  
 1.6422E+3  
 1.6422E+3  
 1.6418E+3  
 1.6418E+3  
 1.6412E+3  
 1.6412E+3  
 1.6412E+3  
 1.6418E+3  
 1.6431E+3  
 1.6431E+3  
 1.6431E+3  
 1.6425E+3  
 1.6434E+3  
 1.6428E+3  
 1.6428E+3  
 1.6428E+3  
 1.6412E+3  
 1.6400E+3  
 1.6412E+3  
 1.6425E+3  
 1.6425E+3  
 1.6422E+3  
 1.6409E+3  
 1.6418E+3  
 1.6431E+3  
 1.6440E+3  
 1.6434E+3  
 1.6434E+3  
 1.6440E+3  
 1.6431E+3  
 1.6437E+3  
 1.6437E+3  
 1.6434E+3  
 1.6440E+3  
 1.6437E+3  
 1.6434E+3  
 1.6437E+3  
 1.6437E+3  
 1.6440E+3  
 1.6437E+3  
 1.6437E+3  
 1.6440E+3  
 1.6443E+3  
 1.6437E+3  
 1.6443E+3  
 1.6440E+3  
 1.6443E+3  
 1.6440E+3  
 1.6446E+3  
 1.6443E+3  
 1.6446E+3  
 1.6446E+3  
 1.6440E+3  
 1.6449E+3  
 1.6440E+3  
 1.6440E+3  
 1.6443E+3  
 1.6440E+3  
 1.6440E+3  
 1.6434E+3  
 1.6434E+3  
 1.6431E+3  
 1.6443E+3  
 1.6449E+3  
 1.6446E+3  
 1.6452E+3  
 1.6446E+3  
 1.6434E+3  
 1.6443E+3  
 1.6446E+3  
 1.6452E+3  
 1.6452E+3  
 1.6446E+3  
 1.6452E+3  
 1.6446E+3  
 1.6452E+3  
 1.6443E+3  
 1.6443E+3  
 1.6452E+3  
 1.6455E+3  
 1.6452E+3  
 1.6458E+3  
 1.6449E+3  
 1.6449E+3  
 1.6449E+3  
 1.6458E+3  
 1.6452E+3  
 1.6455E+3  
 1.6452E+3  
 1.6458E+3  
 1.6455E+3  
 1.6455E+3  
 1.6449E+3  
 1.6458E+3  
 1.6449E+3  
 1.6458E+3  
 1.6458E+3  
 1.6461E+3  
 1.6458E+3  
 1.6458E+3  
 1.6473E+3  
 1.6467E+3  
 1.6480E+3  
 1.6473E+3  
 1.6470E+3  
 1.6473E+3  
 1.6470E+3  
 1.6464E+3  
 1.6476E+3  
 1.6476E+3  
 1.6473E+3  
 1.6464E+3  
 1.6473E+3  
 1.6476E+3  
 1.6480E+3  
 1.6480E+3  
 1.6483E+3  
 1.6483E+3  
 1.6486E+3  
 1.6483E+3  
 1.6489E+3  
 1.6480E+3  
 1.6492E+3  
 1.6492E+3  
 1.6480E+3  
 1.6492E+3  
 1.6495E+3  
 1.6489E+3  
 1.6480E+3  
 1.6483E+3  
 1.6486E+3  
 1.6504E+3  
 1.6489E+3  
 1.6486E+3  
 1.6486E+3  
 1.6489E+3  
 1.6492E+3  
 1.6483E+3  
 1.6483E+3  
 1.6504E+3  
 1.6495E+3  
 1.6492E+3  
 1.6501E+3  
 1.6495E+3  
 1.6510E+3  
 1.6510E+3  
 1.6507E+3  
 1.6513E+3  
 1.6507E+3  
 1.6507E+3  
 1.6513E+3  
 1.6504E+3  
 1.6507E+3  
 1.6507E+3  
 1.6513E+3  
 1.6513E+3  
 1.6513E+3  
 1.6504E+3  
 1.6510E+3  
 1.6510E+3  
 1.6504E+3  
 1.6501E+3  
 1.6510E+3  
 1.6510E+3  
 1.6507E+3  
 1.6504E+3  
 1.6504E+3  
 1.6516E+3  
 1.6510E+3  
 1.6504E+3  
 1.6516E+3  
 1.6513E+3  
 1.6507E+3  
 1.6519E+3  
 1.6522E+3  
 1.6522E+3  
 1.6519E+3  
 1.6516E+3  
 1.6513E+3  
 1.6525E+3  
 1.6519E+3  
 1.6528E+3  
 1.6513E+3  
 1.6510E+3  
 1.6516E+3  
 1.6516E+3  
 1.6522E+3  
 1.6516E+3  
 1.6516E+3  
 1.6513E+3  
 1.6522E+3  
 1.6525E+3  
 1.6519E+3  
 1.6516E+3  
 1.6519E+3  
 1.6519E+3  
 1.6519E+3  
 1.6513E+3  
 1.6519E+3  
 1.6519E+3  
 1.6516E+3  
 1.6516E+3  
 1.6522E+3  
 1.6522E+3  
 1.6528E+3  
 1.6513E+3  
 1.6519E+3  
 1.6510E+3  
 1.6519E+3  
 1.6525E+3  
 1.6519E+3  
 1.6522E+3  
 1.6516E+3  
 1.6525E+3  
 1.6519E+3  
 1.6519E+3  
 1.6516E+3  
 1.6522E+3  
 1.6528E+3  
 1.6528E+3  
 1.6525E+3  
 1.6525E+3  
 1.6516E+3  
 1.6519E+3  
 1.6519E+3  
 1.6522E+3  
 1.6519E+3  
 1.6522E+3  
 1.6525E+3  
 1.6519E+3  
 1.6513E+3  
 1.6525E+3  
 1.6519E+3  
 1.6513E+3  
 1.6516E+3  
 1.6525E+3  
 1.6516E+3  
 1.6516E+3  
 1.6519E+3  
 1.6519E+3  
 1.6516E+3  
 1.6519E+3  
 1.6519E+3  
 1.6522E+3  
 1.6519E+3  
 1.6528E+3  
 1.6522E+3  
 1.6525E+3  
 1.6516E+3  
 1.6528E+3  
 1.6519E+3  
 1.6522E+3  
 1.6519E+3  
 1.6513E+3  
 1.6516E+3  
 1.6522E+3  
 1.6522E+3  
 1.6519E+3  
 1.6522E+3  
 1.6522E+3  
 1.6513E+3  
 1.6519E+3  
 1.6522E+3  
 1.6516E+3  
 1.6519E+3  
 1.6513E+3  
 1.6522E+3  
 1.6513E+3  
 1.6519E+3  
 1.6513E+3  
 1.6525E+3  
 1.6516E+3  
 1.6516E+3  
 1.6516E+3  
 1.6519E+3  
 1.6516E+3  
 1.6519E+3  
 1.6525E+3  
 1.6525E+3  
 1.6522E+3  
 1.6522E+3  
 1.6516E+3  
 1.6516E+3  
 1.6525E+3  
 1.6516E+3  
 1.6522E+3  
 1.6522E+3  
 1.6525E+3  
 1.6519E+3  
 1.6525E+3  
 1.6525E+3  
 1.6525E+3  
 1.6525E+3  
 1.6525E+3  
 1.6513E+3  
 1.6522E+3  
 1.6516E+3  
 1.6522E+3  
 1.6525E+3  
 1.6531E+3  
 1.6516E+3  
 1.6522E+3  
 1.6525E+3  
 1.6516E+3  
 1.6525E+3  
 1.6510E+3  
 1.6528E+3  
 1.6531E+3  
 1.6534E+3  
 1.6525E+3  
 1.6531E+3  
 1.6528E+3  
 1.6537E+3  
 1.6531E+3  
 1.6534E+3  
 1.6534E+3  
 1.6528E+3  
 1.6522E+3  
 1.6531E+3  
 1.6537E+3  
 1.6534E+3  
 1.6528E+3  
 1.6528E+3  
 1.6525E+3  
 1.6534E+3  
 1.6525E+3  
 1.6531E+3  
 1.6534E+3  
 1.6528E+3  
 1.6525E+3  
 1.6537E+3  
 1.6528E+3  
 1.6528E+3  
 1.6534E+3  
 1.6522E+3  
 1.6528E+3  
 1.6531E+3  
 1.6528E+3  
 1.6522E+3  
 1.6531E+3  
 1.6534E+3  
 1.6544E+3  
 1.6541E+3  
 1.6544E+3  
 1.6541E+3  
 1.6541E+3  
 1.6541E+3  
 1.6544E+3  
 1.6537E+3  
 1.6547E+3  
 1.6534E+3  
 1.6541E+3  
 1.6537E+3  
 1.6547E+3  
 1.6547E+3  
 1.6544E+3  
 1.6534E+3  
 1.6541E+3  
 1.6534E+3  
 1.6553E+3  
 1.6547E+3  
 1.6553E+3  
 1.6544E+3  
 1.6550E+3  
 1.6537E+3  
 1.6553E+3  
 1.6544E+3  
 1.6550E+3  
 1.6559E+3  
 1.6550E+3  
 1.6550E+3  
 1.6550E+3  
 1.6547E+3  
 1.6544E+3  
 1.6553E+3  
 1.6547E+3  
 1.6553E+3  
 1.6559E+3  
 1.6562E+3  
 1.6556E+3  
 1.6562E+3  
 1.6568E+3  
 1.6562E+3  
 1.6562E+3  
 1.6559E+3  
 1.6562E+3  
 1.6562E+3  
 1.6556E+3  
 1.6553E+3  
 1.6559E+3  
 1.6568E+3  
 1.6559E+3  
 1.6559E+3  
 1.6559E+3  
 1.6556E+3  
 1.6562E+3  
 1.6568E+3  
 1.6559E+3  
 1.6568E+3  
 1.6559E+3  
 1.6562E+3  
 1.6556E+3  
 1.6562E+3  
 1.6559E+3  
 1.6556E+3  
 1.6556E+3  
 1.6553E+3  
 1.6556E+3  
 1.6571E+3  
 1.6577E+3  
 1.6577E+3  
 1.6568E+3  
 1.6571E+3  
 1.6571E+3  
 1.6565E+3  
 1.6571E+3  
 1.6565E+3  
 1.6562E+3  
 1.6568E+3  
 1.6565E+3  
 1.6571E+3  
 1.6571E+3  
 1.6568E+3  
 1.6565E+3  
 1.6571E+3  
 1.6568E+3  
 1.6568E+3  
 1.6571E+3  
 1.6568E+3  
 1.6571E+3  
 1.6574E+3  
 1.6568E+3  
 1.6568E+3  
 1.6562E+3  
 1.6574E+3  
 1.6580E+3  
 1.6583E+3  
 1.6580E+3  
 1.6577E+3  
 1.6580E+3  
 1.6580E+3  
 1.6583E+3  
 1.6574E+3  
 1.6577E+3  
 1.6577E+3  
 1.6583E+3  
 1.6574E+3  
 1.6565E+3  
 1.6568E+3  
 1.6577E+3  
 1.6580E+3  
 1.6577E+3  
 1.6580E+3  
 1.6589E+3  
 1.6574E+3  
 1.6580E+3  
 1.6583E+3  
 1.6577E+3  
 1.6577E+3  
 1.6583E+3  
 1.6580E+3  
 1.6577E+3  
 1.6580E+3  
 1.6562E+3  
 1.6574E+3  
 1.6547E+3  
 1.6574E+3  
 1.6580E+3  
 1.6571E+3  
 1.6574E+3  
 1.6586E+3  
 1.6595E+3  
 1.6592E+3  
 1.6595E+3  
 1.6595E+3  
 1.6589E+3  
 1.6592E+3  
 1.6586E+3  
 1.6583E+3  
 1.6589E+3  
 1.6586E+3  
 1.6589E+3  
 1.6595E+3  
 1.6589E+3  
 1.6595E+3  
 1.6592E+3  
 1.6583E+3  
 1.6580E+3  
 1.6586E+3  
 1.6592E+3  
 1.6589E+3  
 1.6583E+3  
 1.6583E+3  
 1.6516E+3  
 1.6577E+3  
 1.6574E+3  
 1.6562E+3  
 1.6574E+3  
 1.6574E+3  
 1.6553E+3  
 1.6547E+3  
 1.6547E+3  
 1.6562E+3  
 1.6589E+3  
 1.6592E+3  
 1.6580E+3  
 1.6580E+3  
 1.6580E+3  
 1.6583E+3  
 1.6565E+3  
 1.6577E+3  
 1.6583E+3  
 1.6586E+3  
 1.6571E+3  
 1.6550E+3  
 1.6571E+3  
 1.6586E+3  
 1.6577E+3  
 1.6592E+3  
 1.6580E+3  
 1.6586E+3  
 1.6583E+3  
 1.6577E+3  
 1.6580E+3  
 1.6574E+3  
 1.6501E+3  
 1.6501E+3  
 1.6504E+3  
 1.6513E+3  
 1.6534E+3  
 1.6489E+3  
 1.6541E+3  
 1.6537E+3  
 1.6534E+3  
 1.6528E+3  
 1.6537E+3  
 1.6550E+3  
 1.6556E+3  
 1.6568E+3  
 1.6577E+3  
 1.6583E+3  
 1.6571E+3  
 1.6580E+3  
 1.6583E+3  
 1.6586E+3  
 1.6583E+3  
 1.6586E+3  
 1.6586E+3  
 1.6577E+3  
 1.6592E+3  
 1.6577E+3  
 1.6589E+3  
 1.6577E+3  
 1.6565E+3  
 1.6586E+3  
 1.6592E+3  
 1.6586E+3  
 1.6595E+3  
 1.6583E+3  
 1.6583E+3  
 1.6583E+3  
 1.6577E+3  
 1.6583E+3  
 1.6574E+3  
 1.6531E+3  
 1.6449E+3  
 1.6516E+3  
 1.6547E+3  
 1.6595E+3  
 1.6592E+3  
 1.6583E+3  
 1.6583E+3  
 1.6583E+3  
 1.6586E+3  
 1.6583E+3  
 1.6565E+3  
 1.6577E+3  
 1.6577E+3  
 1.6595E+3  
 1.6592E+3  
 1.6586E+3  
 1.6586E+3  
 1.6599E+3  
 1.6595E+3  
 1.6595E+3  
 1.6595E+3  
 1.6592E+3  
 1.6592E+3  
 1.6602E+3  
 1.6592E+3  
 1.6589E+3  
 1.6595E+3  
 1.6592E+3  
 1.6586E+3  
 1.6589E+3  
 1.6595E+3  
 1.6580E+3  
 1.6544E+3  
 1.6516E+3  
 1.6544E+3  
 1.6415E+3  
 1.6528E+3  
 1.6547E+3  
 1.6544E+3  
 1.6547E+3  
 1.6553E+3  
 1.6556E+3  
 1.6544E+3  
 1.6574E+3  
 1.6565E+3  
 1.6571E+3  
 1.6571E+3  
 1.6577E+3  
 1.6571E+3  
 1.6544E+3  
 1.6541E+3  
 1.6577E+3  
 1.6592E+3  
 1.6586E+3  
 1.6595E+3  
 1.6592E+3  
 1.6586E+3  
 1.6537E+3  
 1.6544E+3  
 1.6580E+3  
 1.6562E+3  
 1.6586E+3  
 1.6556E+3  
 1.6571E+3  
 1.6580E+3  
 1.6589E+3  
 1.6592E+3  
 1.6559E+3  
 1.6550E+3  
 1.6577E+3  
 1.6592E+3  
 1.6602E+3  
 1.6608E+3  
 1.6611E+3  
 1.6602E+3  
 1.6586E+3  
 1.6614E+3  
 1.6620E+3  
 1.6611E+3  
 1.6528E+3  
 1.6528E+3  
 1.6565E+3  
 1.6571E+3  
 1.6565E+3  
 1.6492E+3  
 1.6580E+3  
 1.6589E+3  
 1.6595E+3  
 1.6599E+3  
 1.6595E+3  
 1.6608E+3  
 1.6595E+3  
 1.6565E+3  
 1.6599E+3  
 1.6592E+3  
 1.6595E+3  
 1.6595E+3  
 1.6605E+3  
 1.6595E+3  
 1.6595E+3  
 1.6525E+3  
 1.6528E+3  
 1.6553E+3  
 1.6556E+3  
 1.6568E+3  
 1.6547E+3  
 1.6534E+3  
 1.6547E+3  
 1.6592E+3  
 1.6611E+3  
 1.6608E+3  
 1.6614E+3  
 1.6611E+3  
 1.6611E+3  
 1.6611E+3  
 1.6614E+3  
 1.6611E+3  
 1.6617E+3  
 1.6626E+3  
 1.6617E+3  
 1.6614E+3  
 1.6611E+3  
 1.6614E+3  
 1.6611E+3  
 1.6614E+3  
 1.6626E+3  
 1.6623E+3  
 1.6602E+3  
 1.6589E+3  
 1.6595E+3  
 1.6611E+3  
 1.6620E+3  
 1.6611E+3  
 1.6620E+3  
 1.6611E+3  
 1.6614E+3  
 1.6251E+3  
 1.6595E+3  
 1.6565E+3  
 1.6605E+3  
 1.6602E+3  
 1.6605E+3  
 1.6608E+3  
 1.6620E+3  
 1.6611E+3  
 1.6623E+3  
 1.6626E+3  
 1.6614E+3  
 1.6620E+3  
 1.6626E+3  
 1.6629E+3  
 1.6626E+3  
 1.6611E+3  
 1.6544E+3  
 1.6531E+3  
 1.6583E+3  
 1.6605E+3  
 1.6507E+3  
 1.6528E+3  
 1.6605E+3  
 1.6577E+3  
 1.6617E+3  
 1.6510E+3  
 1.6440E+3  
 1.6458E+3  
 1.6537E+3  
 1.6586E+3  
 1.6470E+3  
 1.6327E+3  
 1.6440E+3  
 1.6534E+3  
 1.6513E+3  
 1.6583E+3  
 1.6586E+3  
 1.6614E+3  
 1.6605E+3  
 1.6605E+3  
 1.6620E+3  
 1.6605E+3  
 1.6608E+3  
 1.6611E+3  
 1.6620E+3  
 1.6623E+3  
 1.6632E+3  
 1.6614E+3  
 1.6620E+3  
 1.6623E+3  
 1.6632E+3  
 1.6635E+3  
 1.6632E+3  
 1.6650E+3  
 1.6647E+3  
 1.6647E+3  
 1.6644E+3  
 1.6650E+3  
 1.6635E+3  
 1.6641E+3  
 1.6638E+3  
 1.6632E+3  
 1.6611E+3  
 1.6623E+3  
 1.6632E+3  
 1.6641E+3  
 1.6632E+3  
 1.6650E+3  
 1.6653E+3  
 1.6638E+3  
 1.6650E+3  
 1.6657E+3  
 1.6657E+3  
 1.6657E+3  
 1.6653E+3  
 1.6657E+3  
 1.6650E+3  
 1.6666E+3  
 1.6657E+3  
 1.6660E+3  
 1.6623E+3  
 1.6638E+3  
 1.6650E+3  
 1.6644E+3  
 1.6650E+3  
 1.6660E+3  
 1.6653E+3  
 1.6660E+3  
 1.6653E+3  
 1.6650E+3  
 1.6663E+3  
 1.6666E+3  
 1.6660E+3  
 1.6660E+3  
 1.6660E+3  
 1.6653E+3  
 1.6660E+3  
 1.6666E+3  
 1.6653E+3  
 1.6657E+3  
 1.6657E+3  
 1.6660E+3  
 1.6657E+3  
 1.6647E+3  
 1.6650E+3  
 1.6647E+3  
 1.6644E+3  
 1.6653E+3  
 1.6663E+3  
 1.6657E+3  
 1.6663E+3  
 1.6657E+3  
 1.6663E+3  
 1.6657E+3  
 1.6638E+3  
 1.6663E+3  
 1.6653E+3  
 1.6650E+3  
 1.6611E+3  
 1.6641E+3  
 1.6657E+3  
 1.6657E+3  
 1.6657E+3  
 1.6657E+3  
 1.6666E+3  
 1.6663E+3  
 1.6663E+3  
 1.6666E+3  
 1.6666E+3  
 1.6663E+3  
 1.6666E+3  
 1.6672E+3  
 1.6663E+3  
 1.6660E+3  
 1.6666E+3  
 1.6663E+3  
 1.6666E+3  
 1.6666E+3  
 1.6669E+3  
 1.6657E+3  
 1.6666E+3  
 1.6684E+3  
 1.6669E+3  
 1.6669E+3  
 1.6681E+3  
 1.6678E+3  
 1.6675E+3  
 1.6666E+3  
 1.6672E+3  
 1.6675E+3  
 1.6672E+3  
 1.6669E+3  
 1.6672E+3  
 1.6666E+3  
 1.6678E+3  
 1.6666E+3  
 1.6672E+3  
 1.6687E+3  
 1.6687E+3  
 1.6687E+3  
 1.6690E+3  
 1.6684E+3  
 1.6681E+3  
 1.6681E+3  
 1.6675E+3  
 1.6678E+3  
 1.6678E+3  
 1.6687E+3  
 1.6684E+3  
 1.6681E+3  
 1.6672E+3  
 1.6672E+3  
 1.6669E+3  
 1.6663E+3  
 1.6666E+3  
 1.6669E+3  
 1.6666E+3  
 1.6653E+3  
 1.6657E+3  
 1.6672E+3  
 1.6666E+3  
 1.6660E+3  
 1.6647E+3  
 1.6660E+3  
 1.6660E+3  
 1.6660E+3  
 1.6412E+3  
 1.6660E+3  
 1.6650E+3  
 1.6660E+3  
 1.6489E+3  
 1.6611E+3  
 1.6650E+3  
 1.6638E+3  
 1.6638E+3  
 1.6611E+3  
 1.6669E+3  
 1.6660E+3  
 1.6608E+3  
 1.6626E+3  
 1.6675E+3  
 1.6684E+3  
 1.6681E+3  
 1.6684E+3  
 1.6687E+3  
 1.6681E+3  
 1.6672E+3  
 1.6678E+3  
 1.6687E+3  
 1.6687E+3  
 1.6675E+3  
 1.6684E+3  
 1.6684E+3  
 1.6684E+3  
 1.6678E+3  
 1.6684E+3  
 1.6684E+3  
 1.6678E+3  
 1.6687E+3  
 1.6687E+3  
 1.6693E+3  
 1.6690E+3  
 1.6693E+3  
 1.6693E+3  
 1.6693E+3  
 1.6702E+3  
 1.6711E+3  
 1.6699E+3  
 1.6681E+3  
 1.6684E+3  
 1.6684E+3  
 1.6702E+3  
 1.6699E+3  
 1.6699E+3  
 1.6699E+3  
 1.6705E+3  
 1.6702E+3  
 1.6696E+3  
 1.6702E+3  
 1.6705E+3  
 1.6702E+3  
 1.6699E+3  
 1.6702E+3  
 1.6693E+3  
 1.6696E+3  
 1.6696E+3  
 1.6699E+3  
 1.6711E+3  
 1.6711E+3  
 1.6711E+3  
 1.6699E+3  
 1.6711E+3  
 1.6718E+3  
 1.6727E+3  
 1.6714E+3  
 1.6718E+3  
 1.6727E+3  
 1.6724E+3  
 1.6727E+3  
 1.6721E+3  
 1.6724E+3  
 1.6727E+3  
 1.6711E+3  
 1.6718E+3  
 1.6714E+3  
 1.6714E+3  
 1.6721E+3  
 1.6714E+3  
 1.6733E+3  
 1.6736E+3  
 1.6736E+3  
 1.6742E+3  
 1.6745E+3  
 1.6733E+3  
 1.6739E+3  
 1.6724E+3  
 1.6730E+3  
 1.6742E+3  
 1.6742E+3  
 1.6718E+3  
 1.6721E+3  
 1.6702E+3  
 1.6666E+3  
 1.6672E+3  
 1.6681E+3  
 1.6708E+3  
 1.6739E+3  
 1.6739E+3  
 1.6733E+3  
 1.6733E+3  
 1.6751E+3  
 1.6754E+3  
 1.6748E+3  
 1.6763E+3  
 1.6757E+3  
 1.6766E+3  
 1.6760E+3  
 1.6763E+3  
 1.6766E+3  
 1.6766E+3  
 1.6772E+3  
 1.6772E+3  
 1.6763E+3  
 1.6754E+3  
 1.6757E+3  
 1.6763E+3  
 1.6760E+3  
 1.6772E+3  
 1.6779E+3  
 1.6772E+3  
 1.6766E+3  
 1.6766E+3  
 1.6779E+3  
 1.6776E+3  
 1.6711E+3  
 1.6721E+3  
 1.6730E+3  
 1.6730E+3  
 1.6623E+3  
 1.6669E+3  
 1.6672E+3  
 1.6681E+3  
 1.6687E+3  
 1.6727E+3  
 1.6754E+3  
 1.6763E+3  
 1.6745E+3  
 1.6757E+3  
 1.6779E+3  
 1.6772E+3  
 1.6782E+3  
 1.6782E+3  
 1.6788E+3  
 1.6791E+3  
 1.6788E+3  
 1.6800E+3  
 1.6803E+3  
 1.6785E+3  
 1.6803E+3  
 1.6791E+3  
 1.6791E+3  
 1.6800E+3  
 1.6803E+3  
 1.6809E+3  
 1.6800E+3  
 1.6797E+3  
 1.6800E+3  
 1.6809E+3  
 1.6812E+3  
 1.6806E+3  
 1.6800E+3  
 1.6815E+3  
 1.6815E+3  
 1.6806E+3  
 1.6821E+3  
 1.6824E+3  
 1.6824E+3  
 1.6818E+3  
 1.6824E+3  
 1.6827E+3  
 1.6815E+3  
 1.6821E+3  
 1.6821E+3  
 1.6818E+3  
 1.6830E+3  
 1.6824E+3  
 1.6821E+3  
 1.6837E+3  
 1.6834E+3  
 1.6830E+3  
 1.6827E+3  
 1.6834E+3  
 1.6830E+3  
 1.6827E+3  
 1.6834E+3  
 1.6824E+3  
 1.6837E+3  
 1.6827E+3  
 1.6818E+3  
 1.6827E+3  
 1.6830E+3  
 1.6837E+3  
 1.6834E+3  
 1.6815E+3  
 1.6821E+3  
 1.6840E+3  
 1.6837E+3  
 1.6824E+3  
 1.6824E+3  
 1.6837E+3  
 1.6830E+3  
 1.6834E+3  
 1.6830E+3  
 1.6834E+3  
 1.6834E+3  
 1.6843E+3  
 1.6830E+3  
 1.6827E+3  
 1.6843E+3  
 1.6843E+3  
 1.6830E+3  
 1.6837E+3  
 1.6834E+3  
 1.6827E+3  
 1.6840E+3  
 1.6840E+3  
 1.6834E+3  
 1.6846E+3  
 1.6846E+3  
 1.6840E+3  
 1.6827E+3  
 1.6837E+3  
 1.6834E+3  
 1.6794E+3  
 1.6849E+3  
 1.6837E+3  
 1.6837E+3  
 1.6837E+3  
 1.6846E+3  
 1.6840E+3  
 1.6837E+3  
 1.6837E+3  
 1.6834E+3  
 1.6794E+3  
 1.6803E+3  
 1.6815E+3  
 1.6818E+3  
 1.6818E+3  
 1.6824E+3  
 1.6824E+3  
 1.6840E+3  
 1.6837E+3  
 1.6837E+3  
 1.6849E+3  
 1.6840E+3  
 1.6849E+3  
 1.6843E+3  
 1.6837E+3  
 1.6827E+3  
 1.6827E+3  
 1.6837E+3  
 1.6834E+3  
 1.6815E+3  
 1.6812E+3  
 1.6827E+3  
 1.6800E+3  
 1.6827E+3  
 1.6818E+3  
 1.6827E+3  
 1.6830E+3  
 1.6809E+3  
 1.6834E+3  
 1.6849E+3  
 1.6843E+3  
 1.6843E+3  
 1.6837E+3  
 1.6840E+3  
 1.6852E+3  
 1.6852E+3  
 1.6855E+3  
 1.6843E+3  
 1.6852E+3  
 1.6861E+3  
 1.6861E+3  
 1.6855E+3  
 1.6864E+3  
 1.6864E+3  
 1.6849E+3  
 1.6846E+3  
 1.6861E+3  
 1.6855E+3  
 1.6855E+3  
 1.6858E+3  
 1.6861E+3  
 1.6864E+3  
 1.6855E+3  
 1.6861E+3  
 1.6861E+3  
 1.6861E+3  
 1.6858E+3  
 1.6861E+3  
 1.6867E+3  
 1.6873E+3  
 1.6879E+3  
 1.6867E+3  
 1.6879E+3  
 1.6870E+3  
 1.6873E+3  
 1.6870E+3  
 1.6870E+3  
 1.6861E+3  
 1.6873E+3  
 1.6870E+3  
 1.6870E+3  
 1.6779E+3  
 1.6861E+3  
 1.6864E+3  
 1.6870E+3  
 1.6876E+3  
 1.6876E+3  
 1.6873E+3  
 1.6876E+3  
 1.6870E+3  
 1.6867E+3  
 1.6867E+3  
 1.6870E+3  
 1.6876E+3  
 1.6873E+3  
 1.6873E+3  
 1.6870E+3  
 1.6879E+3  
 1.6870E+3  
 1.6870E+3  
 1.6870E+3  
 1.6879E+3  
 1.6885E+3  
 1.6885E+3  
 1.6882E+3  
 1.6885E+3  
 1.6885E+3  
 1.6879E+3  
 1.6882E+3  
 1.6876E+3  
 1.6888E+3  
 1.6873E+3  
 1.6876E+3  
 1.6885E+3  
 1.6876E+3  
 1.6885E+3  
 1.6882E+3  
 1.6888E+3  
 1.6891E+3  
 1.6901E+3  
 1.6888E+3  
 1.6888E+3  
 1.6891E+3  
 1.6891E+3  
 1.6891E+3  
 1.6895E+3  
 1.6888E+3  
 1.6898E+3  
 1.6891E+3  
 1.6891E+3  
 1.6895E+3  
 1.6891E+3  
 1.6885E+3  
 1.6895E+3  
 1.6891E+3  
 1.6898E+3  
 1.6891E+3  
 1.6888E+3  
 1.6891E+3  
 1.6895E+3  
 1.6901E+3  
 1.6904E+3  
 1.6910E+3  
 1.6904E+3  
 1.6901E+3  
 1.6898E+3  
 1.6904E+3  
 1.6901E+3  
 1.6904E+3  
 1.6901E+3  
 1.6910E+3  
 1.6907E+3  
 1.6910E+3  
 1.6916E+3  
 1.6919E+3  
 1.6919E+3  
 1.6922E+3  
 1.6913E+3  
 1.6922E+3  
 1.6907E+3  
 1.6910E+3  
 1.6913E+3  
 1.6913E+3  
 1.6916E+3  
 1.6916E+3  
 1.6922E+3  
 1.6922E+3  
 1.6928E+3  
 1.6925E+3  
 1.6925E+3  
 1.6922E+3  
 1.6919E+3  
 1.6934E+3  
 1.6928E+3  
 1.6937E+3  
 1.6931E+3  
 1.6928E+3  
 1.6922E+3  
 1.6931E+3  
 1.6937E+3  
 1.6937E+3  
 1.6934E+3  
 1.6943E+3  
 1.6937E+3  
 1.6940E+3  
 1.6937E+3  
 1.6934E+3  
 1.6949E+3  
 1.6949E+3  
 1.6962E+3  
 1.6949E+3  
 1.6953E+3  
 1.6946E+3  
 1.6953E+3  
 1.6956E+3  
 1.6959E+3  
 1.6959E+3  
 1.6953E+3  
 1.6953E+3  
 1.6965E+3  
 1.6962E+3  
 1.6965E+3  
 1.6965E+3  
 1.6974E+3  
 1.6971E+3  
 1.6965E+3  
 1.6962E+3  
 1.6968E+3  
 1.6968E+3  
 1.6974E+3  
 1.6977E+3  
 1.6980E+3  
 1.7011E+3  
 1.7087E+3  
 1.6986E+3  
 1.6989E+3  
 1.6986E+3  
 1.6989E+3  
 1.7007E+3  
 1.7041E+3  
 1.7014E+3  
 1.7026E+3  
 1.7044E+3  
 1.7038E+3  
 1.7059E+3  
 1.7078E+3  
 1.7105E+3  
 1.7130E+3  
 1.7078E+3  
 1.7050E+3  
 1.7038E+3  
 1.7026E+3  
 1.7020E+3  
 1.7041E+3  
 1.7056E+3  
 1.7184E+3  
 1.7059E+3  
 1.7081E+3  
 1.7038E+3  
 1.7041E+3  
 1.7050E+3  
 1.7041E+3  
 1.7035E+3  
 1.7044E+3  
 1.7035E+3  
 1.7075E+3  
 1.7163E+3  
 1.7050E+3  
 1.7087E+3  
 1.7081E+3  
 1.7044E+3  
 1.7087E+3  
 1.7041E+3  
 1.7014E+3  
 1.7014E+3  
 1.7004E+3  
 1.7023E+3  
 1.7032E+3  
 1.7044E+3  
 1.7047E+3  
 1.7044E+3  
 1.7035E+3  
 1.7035E+3  
 1.7032E+3  
 1.7026E+3  
 1.7032E+3  
 1.7044E+3  
 1.7044E+3  
 1.7053E+3  
 1.7050E+3  
 1.7044E+3  
 1.7096E+3  
 1.7062E+3  
 1.7081E+3  
 1.7041E+3  
 1.7047E+3  
 1.7020E+3  
 1.7023E+3  
 1.7026E+3  
 1.7026E+3  
 1.7026E+3  
 1.7020E+3  
 1.7029E+3  
 1.7029E+3  
 1.7032E+3  
 1.7032E+3  
 1.7023E+3  
 1.7050E+3  
 1.7029E+3  
 1.7053E+3  
 1.7044E+3  
 1.7068E+3  
 1.7160E+3  
 1.7398E+3  
 1.7108E+3  
 1.7078E+3  
 1.7099E+3  
 1.7072E+3  
 1.7065E+3  
 1.7062E+3  
 1.7050E+3  
 1.7062E+3  
 1.7047E+3  
 1.7041E+3  
 1.7053E+3  
 1.7062E+3  
 1.7047E+3  
 1.7053E+3  
 1.7056E+3  
 1.7056E+3  
 1.7047E+3  
 1.7047E+3  
 1.7041E+3  
 1.7041E+3  
 1.7044E+3  
 1.7041E+3  
 1.7044E+3  
 1.7053E+3  
 1.7053E+3  
 1.7041E+3  
 1.7047E+3  
 1.7062E+3  
 1.7068E+3  
 1.7047E+3  
 1.7062E+3  
 1.7056E+3  
 1.7065E+3  
 1.7075E+3  
 1.7068E+3  
 1.7072E+3  
 1.7084E+3  
 1.7084E+3  
 1.7087E+3  
 1.7078E+3  
 1.7072E+3  
 1.7075E+3  
 1.7084E+3  
 1.7075E+3  
 1.7072E+3  
 1.7065E+3  
 1.7047E+3  
 1.7059E+3  
 1.7050E+3  
 1.7050E+3  
 1.7075E+3  
 1.7062E+3  
 1.7084E+3  
 1.7078E+3  
 1.7114E+3  
 1.7081E+3  
 1.7090E+3  
 1.7096E+3  
 1.7096E+3  
 1.7087E+3  
 1.7078E+3  
 1.7078E+3  
 1.7081E+3  
 1.7078E+3  
 1.7090E+3  
 1.7084E+3  
 1.7078E+3  
 1.7078E+3  
 1.7084E+3  
 1.7075E+3  
 1.7072E+3  
 1.7075E+3  
 1.7084E+3  
 1.7084E+3  
 1.7078E+3  
 1.7078E+3  
 1.7084E+3  
 1.7081E+3  
 1.7084E+3  
 1.7078E+3  
 1.7084E+3  
 1.7093E+3  
 1.7090E+3  
 1.7096E+3  
 1.7099E+3  
 1.7099E+3  
 1.7099E+3  
 1.7102E+3  
 1.7111E+3  
 1.7111E+3  
 1.7099E+3  
 1.7105E+3  
 1.7102E+3  
 1.7099E+3  
 1.7099E+3  
 1.7099E+3  
 1.7105E+3  
 1.7093E+3  
 1.7096E+3  
 1.7093E+3  
 1.7099E+3  
 1.7108E+3  
 1.7099E+3  
 1.7099E+3  
 1.7111E+3  
 1.7108E+3  
 1.7108E+3  
 1.7102E+3  
 1.7108E+3  
 1.7108E+3  
 1.7111E+3  
 1.7117E+3  
 1.7111E+3  
 1.7117E+3  
 1.7105E+3  
 1.7108E+3  
 1.7105E+3  
 1.7108E+3  
 1.7105E+3  
 1.7111E+3  
 1.7108E+3  
 1.7105E+3  
 1.7114E+3  
 1.7105E+3  
 1.7108E+3  
 1.7111E+3  
 1.7117E+3  
 1.7148E+3  
 1.7130E+3  
 1.7130E+3  
 1.7117E+3  
 1.7123E+3  
 1.7117E+3  
 1.7111E+3  
 1.7108E+3  
 1.7111E+3  
 1.7120E+3  
 1.7108E+3  
 1.7105E+3  
 1.7111E+3  
 1.7117E+3  
 1.7117E+3  
 1.7105E+3  
 1.7105E+3  
 1.7111E+3  
 1.7111E+3  
 1.7105E+3  
 1.7108E+3  
 1.7108E+3  
 1.7105E+3  
 1.7114E+3  
 1.7108E+3  
 1.7114E+3  
 1.7120E+3  
 1.7123E+3  
 1.7148E+3  
 1.7145E+3  
 1.7139E+3  
 1.7136E+3  
 1.7139E+3  
 1.7145E+3  
 1.7169E+3  
 1.7142E+3  
 1.7123E+3  
 1.7126E+3  
 1.7117E+3  
 1.7114E+3  
 1.7120E+3  
 1.7117E+3  
 1.7123E+3  
 1.7123E+3  
 1.7126E+3  
 1.7151E+3  
 1.7139E+3  
 1.7120E+3  
 1.7120E+3  
 1.7120E+3  
 1.7123E+3  
 1.7136E+3  
 1.7136E+3  
 1.7136E+3  
 1.7154E+3  
 1.7142E+3  
 1.7142E+3  
 1.7242E+3  
 1.7184E+3  
 1.7200E+3  
 1.7148E+3  
 1.7145E+3  
 1.7160E+3  
 1.7175E+3  
 1.7166E+3  
 1.7160E+3  
 1.7178E+3  
 1.7154E+3  
 1.7145E+3  
 1.7169E+3  
 1.7267E+3  
 1.7175E+3  
 1.7227E+3  
 1.7236E+3  
 1.7227E+3  
 1.7227E+3  
 1.7236E+3  
 1.7221E+3  
 1.7218E+3  
 1.7215E+3  
 1.7230E+3  
 1.7212E+3  
 1.7221E+3  
 1.7224E+3  
 1.7218E+3  
 1.7239E+3  
 1.7230E+3  
 1.7239E+3  
 1.7242E+3  
 1.7252E+3  
 1.7227E+3  
 1.7236E+3  
 1.7236E+3  
 1.7233E+3  
 1.7310E+3  
 1.7365E+3  
 1.7401E+3  
 1.7395E+3  
 1.7416E+3  
 1.7377E+3  
 1.7355E+3  
 1.7368E+3  
 1.7355E+3  
 1.7282E+3  
 1.7328E+3  
 1.7380E+3  
 1.7297E+3  
 1.7282E+3  
 1.7310E+3  
 1.7236E+3  
 1.7230E+3  
 1.7288E+3  
 1.7279E+3  
 1.7258E+3  
 1.7325E+3  
 1.7343E+3  
 1.7303E+3  
 1.7236E+3  
 1.7227E+3  
 1.7236E+3  
 1.7218E+3  
 1.7218E+3  
 1.7215E+3  
 1.7236E+3  
 1.7270E+3  
 1.7212E+3  
 1.7215E+3  
 1.7361E+3  
 1.7258E+3  
 1.7227E+3  
 1.7215E+3  
 1.7224E+3  
 1.7218E+3  
 1.7203E+3  
 1.7197E+3  
 1.7203E+3  
 1.7319E+3  
 1.7252E+3  
 1.7212E+3  
 1.7212E+3  
 1.7212E+3  
 1.7230E+3  
 1.7227E+3  
 1.7215E+3  
 1.7212E+3  
 1.7206E+3  
 1.7203E+3  
 1.7200E+3  
 1.7203E+3  
 1.7212E+3  
 1.7212E+3  
 1.7206E+3  
 1.7200E+3  
 1.7206E+3  
 1.7200E+3  
 1.7212E+3  
 1.7212E+3  
 1.7203E+3  
 1.7197E+3  
 1.7194E+3  
 1.7200E+3  
 1.7188E+3  
 1.7188E+3  
 1.7178E+3  
 1.7188E+3  
 1.7175E+3  
 1.7184E+3  
 1.7172E+3  
 1.7178E+3  
 1.7188E+3  
 1.7184E+3  
 1.7178E+3  
 1.7181E+3  
 1.7178E+3  
 1.7188E+3  
 1.7178E+3  
 1.7184E+3  
 1.7178E+3  
 1.7178E+3  
 1.7178E+3  
 1.7194E+3  
 1.7188E+3  
 1.7188E+3  
 1.7178E+3  
 1.7188E+3  
 1.7184E+3  
 1.7184E+3  
 1.7188E+3  
 1.7215E+3  
 1.7200E+3  
 1.7188E+3  
 1.7194E+3  
 1.7203E+3  
 1.7200E+3  
 1.7188E+3  
 1.7188E+3  
 1.7178E+3  
 1.7184E+3  
 1.7188E+3  
 1.7181E+3  
 1.7181E+3  
 1.7181E+3  
 1.7178E+3  
 1.7178E+3  
 1.7184E+3  
 1.7184E+3  
 1.7178E+3  
 1.7172E+3  
 1.7175E+3  
 1.7184E+3  
 1.7181E+3  
 1.7184E+3  
 1.7181E+3  
 1.7175E+3  
 1.7175E+3  
 1.7181E+3  
 1.7172E+3  
 1.7169E+3  
 1.7175E+3  
 1.7178E+3  
 1.7172E+3  
 1.7178E+3  
 1.7172E+3  
 1.7169E+3  
 1.7178E+3  
 1.7172E+3  
 1.7175E+3  
 1.7178E+3  
 1.7172E+3  
 1.7172E+3  
 1.7172E+3  
 1.7184E+3  
 1.7184E+3  
 1.7188E+3  
 1.7181E+3  
 1.7178E+3  
 1.7188E+3  
 1.7181E+3  
 1.7181E+3  
 1.7175E+3  
 1.7169E+3  
 1.7181E+3  
 1.7194E+3  
 1.7184E+3  
 1.7178E+3  
 1.7184E+3  
 1.7188E+3  
 1.7184E+3  
 1.7184E+3  
 1.7188E+3  
 1.7184E+3  
 1.7194E+3  
 1.7194E+3  
 1.7200E+3  
 1.7191E+3  
 1.7197E+3  
 1.7197E+3  
 1.7191E+3  
 1.7197E+3  
 1.7191E+3  
 1.7191E+3  
 1.7191E+3  
 1.7191E+3  
 1.7200E+3  
 1.7206E+3  
 1.7197E+3  
 1.7209E+3  
 1.7200E+3  
 1.7200E+3  
 1.7200E+3  
 1.7197E+3  
 1.7209E+3  
 1.7209E+3  
 1.7209E+3  
 1.7215E+3  
 1.7230E+3  
 1.7221E+3  
 1.7212E+3  
 1.7215E+3  
 1.7218E+3  
 1.7224E+3  
 1.7215E+3  
 1.7227E+3  
 1.7221E+3  
 1.7230E+3  
 1.7227E+3  
 1.7221E+3  
 1.7215E+3  
 1.7218E+3  
 1.7218E+3  
 1.7224E+3  
 1.7221E+3  
 1.7224E+3  
 1.7224E+3  
 1.7239E+3  
 1.7224E+3  
 1.7386E+3  
 1.7245E+3  
 1.7242E+3  
 1.7242E+3  
 1.7245E+3  
 1.7233E+3  
 1.7221E+3  
 1.7215E+3  
 1.7215E+3  
 1.7230E+3  
 1.7224E+3  
 1.7227E+3  
 1.7255E+3  
 1.7303E+3  
 1.7313E+3  
 1.7252E+3  
 1.7252E+3  
 1.7249E+3  
 1.7255E+3  
 1.7252E+3  
 1.7249E+3  
 1.7249E+3  
 1.7242E+3  
 1.7242E+3  
 1.7245E+3  
 1.7252E+3  
 1.7261E+3  
 1.7267E+3  
 1.7258E+3  
 1.7255E+3  
 1.7258E+3  
 1.7252E+3  
 1.7270E+3  
 1.7270E+3  
 1.7264E+3  
 1.7273E+3  
 1.7264E+3  
 1.7267E+3  
 1.7270E+3  
 1.7267E+3  
 1.7273E+3  
 1.7273E+3  
 1.7276E+3  
 1.7285E+3  
 1.7276E+3  
 1.7273E+3  
 1.7273E+3  
 1.7270E+3  
 1.7267E+3  
 1.7264E+3  
 1.7261E+3  
 1.7267E+3  
 1.7264E+3  
 1.7258E+3  
 1.7261E+3  
 1.7258E+3  
 1.7258E+3  
 1.7261E+3  
 1.7267E+3  
 1.7261E+3  
 1.7264E+3  
 1.7273E+3  
 1.7279E+3  
 1.7282E+3  
 1.7285E+3  
 1.7291E+3  
 1.7288E+3  
 1.7282E+3  
 1.7282E+3  
 1.7279E+3  
 1.7276E+3  
 1.7273E+3  
 1.7270E+3  
 1.7276E+3  
 1.7270E+3  
 1.7267E+3  
 1.7261E+3  
 1.7267E+3  
 1.7261E+3  
 1.7270E+3  
 1.7270E+3  
 1.7258E+3  
 1.7252E+3  
 1.7264E+3  
 1.7258E+3  
 1.7252E+3  
 1.7255E+3  
 1.7255E+3  
 1.7255E+3  
 1.7245E+3  
 1.7261E+3  
 1.7255E+3  
 1.7255E+3  
 1.7258E+3  
 1.7252E+3  
 1.7252E+3  
 1.7255E+3  
 1.7249E+3  
 1.7242E+3  
 1.7242E+3  
 1.7239E+3  
 1.7252E+3  
 1.7249E+3  
 1.7245E+3  
 1.7242E+3  
 1.7249E+3  
 1.7245E+3  
 1.7236E+3  
 1.7258E+3  
 1.7252E+3  
 1.7245E+3  
 1.7255E+3  
 1.7255E+3  
 1.7252E+3  
 1.7249E+3  
 1.7252E+3  
 1.7249E+3  
 1.7255E+3  
 1.7261E+3  
 1.7255E+3  
 1.7252E+3  
 1.7258E+3  
 1.7249E+3  
 1.7255E+3  
 1.7261E+3  
 1.7255E+3  
 1.7255E+3  
 1.7261E+3  
 1.7255E+3  
 1.7252E+3  
 1.7258E+3  
 1.7245E+3  
 1.7261E+3  
 1.7258E+3  
 1.7267E+3  
 1.7270E+3  
 1.7273E+3  
 1.7267E+3  
 1.7270E+3  
 1.7273E+3  
 1.7270E+3  
 1.7273E+3  
 1.7267E+3  
 1.7264E+3  
 1.7261E+3  
 1.7258E+3  
 1.7276E+3  
 1.7276E+3  
 1.7279E+3  
 1.7273E+3  
 1.7273E+3  
 1.7270E+3  
 1.7270E+3  
 1.7276E+3  
 1.7267E+3  
 1.7279E+3  
 1.7279E+3  
 1.7285E+3  
 1.7282E+3  
 1.7288E+3  
 1.7288E+3  
 1.7285E+3  
 1.7279E+3  
 1.7279E+3  
 1.7291E+3  
 1.7297E+3  
 1.7288E+3  
 1.7288E+3  
 1.7294E+3  
 1.7300E+3  
 1.7303E+3  
 1.7300E+3  
 1.7300E+3  
 1.7294E+3  
 1.7307E+3  
 1.7294E+3  
 1.7303E+3  
 1.7300E+3  
 1.7310E+3  
 1.7319E+3  
 1.7313E+3  
 1.7297E+3  
 1.7310E+3  
 1.7322E+3  
 1.7325E+3  
 1.7322E+3  
 1.7322E+3  
 1.7313E+3  
 1.7316E+3  
 1.7316E+3  
 1.7322E+3  
 1.7319E+3  
 1.7316E+3  
 1.7325E+3  
 1.7325E+3  
 1.7325E+3  
 1.7319E+3  
 1.7325E+3  
 1.7328E+3  
 1.7334E+3  
 1.7325E+3  
 1.7331E+3  
 1.7337E+3  
 1.7325E+3  
 1.7331E+3  
 1.7325E+3  
 1.7334E+3  
 1.7328E+3  
 1.7331E+3  
 1.7343E+3  
 1.7340E+3  
 1.7337E+3  
 1.7349E+3  
 1.7349E+3  
 1.7349E+3  
 1.7337E+3  
 1.7346E+3  
 1.7349E+3  
 1.7349E+3  
 1.7355E+3  
 1.7358E+3  
 1.7349E+3  
 1.7349E+3  
 1.7358E+3  
 1.7349E+3  
 1.7358E+3  
 1.7349E+3  
 1.7352E+3  
 1.7349E+3  
 1.7349E+3  
 1.7358E+3  
 1.7343E+3  
 1.7352E+3  
 1.7346E+3  
 1.7349E+3  
 1.7355E+3  
 1.7343E+3  
 1.7343E+3  
 1.7349E+3  
 1.7346E+3  
 1.7346E+3  
 1.7352E+3  
 1.7346E+3  
 1.7352E+3  
 1.7349E+3  
 1.7352E+3  
 1.7352E+3  
 1.7346E+3  
 1.7346E+3  
 1.7349E+3  
 1.7355E+3  
 1.7343E+3  
 1.7352E+3  
 1.7355E+3  
 1.7343E+3  
 1.7355E+3  
 1.7343E+3  
 1.7349E+3  
 1.7352E+3  
 1.7343E+3  
 1.7346E+3  
 1.7340E+3  
 1.7346E+3  
 1.7346E+3  
 1.7352E+3  
 1.7346E+3  
 1.7349E+3  
 1.7343E+3  
 1.7343E+3  
 1.7346E+3  
 1.7346E+3  
 1.7340E+3  
 1.7343E+3  
 1.7343E+3  
 1.7346E+3  
 1.7349E+3  
 1.7343E+3  
 1.7349E+3  
 1.7349E+3  
 1.7352E+3  
 1.7340E+3  
 1.7352E+3  
 1.7358E+3  
 1.7358E+3  
 1.7352E+3  
 1.7352E+3  
 1.7352E+3  
 1.7352E+3  
 1.7355E+3  
 1.7343E+3  
 1.7352E+3  
 1.7346E+3  
 1.7365E+3  
 1.7358E+3  
 1.7361E+3  
 1.7355E+3  
 1.7358E+3  
 1.7368E+3  
 1.7358E+3  
 1.7358E+3  
 1.7358E+3  
 1.7355E+3  
 1.7361E+3  
 1.7365E+3  
 1.7349E+3  
 1.7355E+3  
 1.7365E+3  
 1.7358E+3  
 1.7361E+3  
 1.7355E+3  
 1.7358E+3  
 1.7352E+3  
 1.7365E+3  
 1.7371E+3  
 1.7361E+3  
 1.7361E+3  
 1.7355E+3  
 1.7365E+3  
 1.7361E+3  
 1.7361E+3  
 1.7355E+3  
 1.7352E+3  
 1.7358E+3  
 1.7358E+3  
 1.7361E+3  
 1.7361E+3  
 1.7368E+3  
 1.7361E+3  
 1.7371E+3  
 1.7365E+3  
 1.7374E+3  
 1.7371E+3  
 1.7365E+3  
 1.7374E+3  
 1.7371E+3  
 1.7389E+3  
 1.7377E+3  
 1.7383E+3  
 1.7383E+3  
 1.7386E+3  
 1.7386E+3  
 1.7380E+3  
 1.7380E+3  
 1.7374E+3  
 1.7392E+3  
 1.7389E+3  
 1.7398E+3  
 1.7392E+3  
 1.7398E+3  
 1.7392E+3  
 1.7386E+3  
 1.7392E+3  
 1.7395E+3  
 1.7389E+3  
 1.7392E+3  
 1.7392E+3  
 1.7389E+3  
 1.7392E+3  
 1.7395E+3  
 1.7386E+3  
 1.7383E+3  
 1.7389E+3  
 1.7389E+3  
 1.7392E+3  
 1.7386E+3  
 1.7389E+3  
 1.7389E+3  
 1.7383E+3  
 1.7392E+3  
 1.7383E+3  
 1.7389E+3  
 1.7389E+3  
 1.7380E+3  
 1.7389E+3  
 1.7380E+3  
 1.7380E+3  
 1.7386E+3  
 1.7380E+3  
 1.7383E+3  
 1.7386E+3  
 1.7389E+3  
 1.7380E+3  
 1.7377E+3  
 1.7383E+3  
 1.7377E+3  
 1.7383E+3  
 1.7380E+3  
 1.7383E+3  
 1.7374E+3  
 1.7374E+3  
 1.7386E+3  
 1.7389E+3  
 1.7392E+3  
 1.7386E+3  
 1.7389E+3  
 1.7386E+3  
 1.7386E+3  
 1.7386E+3  
 1.7386E+3  
 1.7386E+3  
 1.7389E+3  
 1.7395E+3  
 1.7389E+3  
 1.7392E+3  
 1.7392E+3  
 1.7389E+3  
 1.7398E+3  
 1.7404E+3  
 1.7398E+3  
 1.7404E+3  
 1.7398E+3  
 1.7401E+3  
 1.7401E+3  
 1.7395E+3  
 1.7398E+3  
 1.7407E+3  
 1.7407E+3  
 1.7407E+3  
 1.7401E+3  
 1.7413E+3  
 1.7410E+3  
 1.7407E+3  
 1.7398E+3  
 1.7407E+3  
 1.7407E+3  
 1.7413E+3  
 1.7404E+3  
 1.7407E+3  
 1.7404E+3  
 1.7407E+3  
 1.7413E+3  
 1.7413E+3  
 1.7416E+3  
 1.7413E+3  
 1.7410E+3  
 1.7416E+3  
 1.7416E+3  
 1.7413E+3  
 1.7413E+3  
 1.7419E+3  
 1.7422E+3  
 1.7422E+3  
 1.7416E+3  
 1.7426E+3  
 1.7429E+3  
 1.7416E+3  
 1.7432E+3  
 1.7416E+3  
 1.7419E+3  
 1.7422E+3  
 1.7422E+3  
 1.7419E+3  
 1.7419E+3  
 1.7426E+3  
 1.7416E+3  
 1.7426E+3  
 1.7429E+3  
 1.7432E+3  
 1.7426E+3  
 1.7422E+3  
 1.7432E+3  
 1.7429E+3  
 1.7435E+3  
 1.7438E+3  
 1.7435E+3  
 1.7432E+3  
 1.7441E+3  
 1.7432E+3  
 1.7450E+3  
 1.7447E+3  
 1.7450E+3  
 1.7450E+3  
 1.7444E+3  
 1.7444E+3  
 1.7441E+3  
 1.7453E+3  
 1.7453E+3  
 1.7453E+3  
 1.7447E+3  
 1.7456E+3  
 1.7465E+3  
 1.7468E+3  
 1.7462E+3  
 1.7465E+3  
 1.7468E+3  
 1.7477E+3  
 1.7474E+3  
 1.7468E+3  
 1.7477E+3  
 1.7487E+3  
 1.7490E+3  
 1.7487E+3  
 1.7493E+3  
 1.7490E+3  
 1.7493E+3  
 1.7505E+3  
 1.7502E+3  
 1.7502E+3  
 1.7493E+3  
 1.7502E+3  
 1.7502E+3  
 1.7496E+3  
 1.7505E+3  
 1.7505E+3  
 1.7499E+3  
 1.7499E+3  
 1.7505E+3  
 1.7499E+3  
 1.7502E+3  
 1.7499E+3  
 1.7502E+3  
 1.7502E+3  
 1.7496E+3  
 1.7508E+3  
 1.7511E+3  
 1.7502E+3  
 1.7502E+3  
 1.7508E+3  
 1.7508E+3  
 1.7499E+3  
 1.7505E+3  
 1.7505E+3  
 1.7499E+3  
 1.7505E+3  
 1.7505E+3  
 1.7505E+3  
 1.7511E+3  
 1.7505E+3  
 1.7505E+3  
 1.7508E+3  
 1.7520E+3  
 1.7520E+3  
 1.7514E+3  
 1.7453E+3  
 1.7477E+3  
 1.7532E+3  
 1.7523E+3  
 1.7545E+3  
 1.7563E+3  
 1.7551E+3  
 1.7560E+3  
 1.7572E+3  
 1.7560E+3  
 1.7569E+3  
 1.7572E+3  
 1.7575E+3  
 1.7569E+3  
 1.7566E+3  
 1.7575E+3  
 1.7575E+3  
 1.7587E+3  
 1.7590E+3  
 1.7584E+3  
 1.7590E+3  
 1.7587E+3  
 1.7587E+3  
 1.7587E+3  
 1.7590E+3  
 1.7590E+3  
 1.7599E+3  
 1.7590E+3  
 1.7596E+3  
 1.7599E+3  
 1.7599E+3  
 1.7593E+3  
 1.7596E+3  
 1.7593E+3  
 1.7596E+3  
 1.7603E+3  
 1.7609E+3  
 1.7612E+3  
 1.7615E+3  
 1.7609E+3  
 1.7609E+3  
 1.7606E+3  
 1.7609E+3  
 1.7603E+3  
 1.7615E+3  
 1.7627E+3  
 1.7624E+3  
 1.7621E+3  
 1.7621E+3  
 1.7621E+3  
 1.7621E+3  
 1.7621E+3  
 1.7627E+3  
 1.7630E+3  
 1.7630E+3  
 1.7627E+3  
 1.7627E+3  
 1.7633E+3  
 1.7633E+3  
 1.7645E+3  
 1.7636E+3  
 1.7645E+3  
 1.7645E+3  
 1.7642E+3  
 1.7642E+3  
 1.7648E+3  
 1.7639E+3  
 1.7648E+3  
 1.7651E+3  
 1.7654E+3  
 1.7654E+3  
 1.7654E+3  
 1.7651E+3  
 1.7654E+3  
 1.7664E+3  
 1.7657E+3  
 1.7667E+3  
 1.7673E+3  
 1.7667E+3  
 1.7667E+3  
 1.7667E+3  
 1.7679E+3  
 1.7682E+3  
 1.7679E+3  
 1.7685E+3  
 1.7679E+3  
 1.7676E+3  
 1.7676E+3  
 1.7688E+3  
 1.7691E+3  
 1.7685E+3  
 1.7697E+3  
 1.7700E+3  
 1.7691E+3  
 1.7688E+3  
 1.7685E+3  
 1.7694E+3  
 1.7685E+3  
 1.7688E+3  
 1.7688E+3  
 1.7691E+3  
 1.7697E+3  
 1.7694E+3  
 1.7694E+3  
 1.7697E+3  
 1.7688E+3  
 1.7685E+3  
 1.7688E+3  
 1.7685E+3  
 1.7694E+3  
 1.7688E+3  
 1.7697E+3  
 1.7694E+3  
 1.7694E+3  
 1.7691E+3  
 1.7694E+3  
 1.7697E+3  
 1.7688E+3  
 1.7691E+3  
 1.7691E+3  
 1.7697E+3  
 1.7694E+3  
 1.7688E+3  
 1.7688E+3  
 1.7691E+3  
 1.7691E+3  
 1.7688E+3  
 1.7688E+3  
 1.7700E+3  
 1.7697E+3  
 1.7697E+3  
 1.7700E+3  
 1.7700E+3  
 1.7694E+3  
 1.7703E+3  
 1.7719E+3  
 1.7715E+3  
 1.7712E+3  
 1.7709E+3  
 1.7715E+3  
 1.7715E+3  
 1.7719E+3  
 1.7722E+3  
 1.7719E+3  
 1.7722E+3  
 1.7728E+3  
 1.7725E+3  
 1.7728E+3  
 1.7734E+3  
 1.7734E+3  
 1.7728E+3  
 1.7728E+3  
 1.7743E+3  
 1.7743E+3  
 1.7734E+3  
 1.7734E+3  
 1.7731E+3  
 1.7734E+3  
 1.7746E+3  
 1.7752E+3  
 1.7749E+3  
 1.7752E+3  
 1.7743E+3  
 1.7746E+3  
 1.7752E+3  
 1.7752E+3  
 1.7752E+3  
 1.7758E+3  
 1.7755E+3  
 1.7764E+3  
 1.7758E+3  
 1.7752E+3  
 1.7767E+3  
 1.7767E+3  
 1.7773E+3  
 1.7773E+3  
 1.7773E+3  
 1.7764E+3  
 1.7770E+3  
 1.7780E+3  
 1.7786E+3  
 1.7777E+3  
 1.7773E+3  
 1.7777E+3  
 1.7789E+3  
 1.7780E+3  
 1.7783E+3  
 1.7780E+3  
 1.7780E+3  
 1.7777E+3  
 1.7783E+3  
 1.7783E+3  
 1.7777E+3  
 1.7786E+3  
 1.7780E+3  
 1.7789E+3  
 1.7783E+3  
 1.7780E+3  
 1.7786E+3  
 1.7783E+3  
 1.7773E+3  
 1.7773E+3  
 1.7770E+3  
 1.7786E+3  
 1.7780E+3  
 1.7770E+3  
 1.7773E+3  
 1.7783E+3  
 1.7780E+3  
 1.7770E+3  
 1.7789E+3  
 1.7786E+3  
 1.7780E+3  
 1.7786E+3  
 1.7792E+3  
 1.7786E+3  
 1.7783E+3  
 1.7789E+3  
 1.7792E+3  
 1.7792E+3  
 1.7792E+3  
 1.7786E+3  
 1.7795E+3  
 1.7801E+3  
 1.7804E+3  
 1.7801E+3  
 1.7798E+3  
 1.7792E+3  
 1.7798E+3  
 1.7798E+3  
 1.7804E+3  
 1.7798E+3  
 1.7792E+3  
 1.7798E+3  
 1.7798E+3  
 1.7795E+3  
 1.7786E+3  
 1.7798E+3  
 1.7798E+3  
 1.7798E+3  
 1.7801E+3  
 1.7792E+3  
 1.7795E+3  
 1.7795E+3  
 1.7798E+3  
 1.7789E+3  
 1.7792E+3  
 1.7798E+3  
 1.7789E+3  
 1.7792E+3  
 1.7789E+3  
 1.7798E+3  
 1.7789E+3  
 1.7807E+3  
 1.7801E+3  
 1.7804E+3  
 1.7798E+3  
 1.7801E+3  
 1.7807E+3  
 1.7813E+3  
 1.7822E+3  
 1.7819E+3  
 1.7816E+3  
 1.7813E+3  
 1.7825E+3  
 1.7822E+3  
 1.7819E+3  
 1.7819E+3  
 1.7819E+3  
 1.7834E+3  
 1.7841E+3  
 1.7841E+3  
 1.7850E+3  
 1.7841E+3  
 1.7847E+3  
 1.7847E+3  
 1.7847E+3  
 1.7847E+3  
 1.7841E+3  
 1.7850E+3  
 1.7847E+3  
 1.7844E+3  
 1.7847E+3  
 1.7844E+3  
 1.7844E+3  
 1.7847E+3  
 1.7841E+3  
 1.7856E+3  
 1.7856E+3  
 1.7859E+3  
 1.7856E+3  
 1.7853E+3  
 1.7868E+3  
 1.7874E+3  
 1.7874E+3  
 1.7868E+3  
 1.7871E+3  
 1.7877E+3  
 1.7874E+3  
 1.7880E+3  
 1.7889E+3  
 1.7883E+3  
 1.7880E+3  
 1.7892E+3  
 1.7896E+3  
 1.7889E+3  
 1.7899E+3  
 1.7889E+3  
 1.7905E+3  
 1.7902E+3  
 1.7914E+3  
 1.7905E+3  
 1.7911E+3  
 1.7908E+3  
 1.7908E+3  
 1.7908E+3  
 1.7914E+3  
 1.7926E+3  
 1.7917E+3  
 1.7923E+3  
 1.7923E+3  
 1.7920E+3  
 1.7926E+3  
 1.7923E+3  
 1.7917E+3  
 1.7926E+3  
 1.7923E+3  
 1.7929E+3  
 1.7926E+3  
 1.7926E+3  
 1.7932E+3  
 1.7929E+3  
 1.7944E+3  
 1.7923E+3  
 1.7926E+3  
 1.7929E+3  
 1.7926E+3  
 1.7929E+3  
 1.7935E+3  
 1.7929E+3  
 1.7938E+3  
 1.7938E+3  
 1.7935E+3  
 1.7941E+3  
 1.7935E+3  
 1.7938E+3  
 1.7938E+3  
 1.7941E+3  
 1.7941E+3  
 1.7938E+3  
 1.7954E+3  
 1.7950E+3  
 1.7950E+3  
 1.7944E+3  
 1.7947E+3  
 1.7950E+3  
 1.7960E+3  
 1.7944E+3  
 1.7966E+3  
 1.7963E+3  
 1.7972E+3  
 1.7960E+3  
 1.7966E+3  
 1.7972E+3  
 1.7960E+3  
 1.7984E+3  
 1.7975E+3  
 1.7972E+3  
 1.7975E+3  
 1.7981E+3  
 1.7975E+3  
 1.7978E+3  
 1.7984E+3  
 1.7996E+3  
 1.7996E+3  
 1.7996E+3  
 1.7987E+3  
 1.8002E+3  
 1.7996E+3  
 1.8008E+3  
 1.7999E+3  
 1.8021E+3  
 1.8008E+3  
 1.8008E+3  
 1.8021E+3  
 1.8021E+3  
 1.8021E+3  
 1.8027E+3  
 1.8024E+3  
 1.8024E+3  
 1.8036E+3  
 1.8042E+3  
 1.8033E+3  
 1.8045E+3  
 1.8039E+3  
 1.8033E+3  
 1.8057E+3  
 1.8057E+3  
 1.8048E+3  
 1.8054E+3  
 1.8051E+3  
 1.8054E+3  
 1.8048E+3  
 1.8066E+3  
 1.8060E+3  
 1.8060E+3  
 1.8066E+3  
 1.8060E+3  
 1.8057E+3  
 1.8057E+3  
 1.8069E+3  
 1.8069E+3  
 1.8069E+3  
 1.8079E+3  
 1.8082E+3  
 1.8079E+3  
 1.8076E+3  
 1.8082E+3  
 1.8076E+3  
 1.8082E+3  
 1.8082E+3  
 1.8085E+3  
 1.8082E+3  
 1.8091E+3  
 1.8088E+3  
 1.8094E+3  
 1.8097E+3  
 1.8091E+3  
 1.8088E+3  
 1.8091E+3  
 1.8085E+3  
 1.8091E+3  
 1.8103E+3  
 1.8106E+3  
 1.8100E+3  
 1.8100E+3  
 1.8109E+3  
 1.8106E+3  
 1.8100E+3  
 1.8109E+3  
 1.8106E+3  
 1.8103E+3  
 1.8112E+3  
 1.8112E+3  
 1.8106E+3  
 1.8106E+3  
 1.8112E+3  
 1.8103E+3  
 1.8106E+3  
 1.8115E+3  
 1.8112E+3  
 1.8106E+3  
 1.8112E+3  
 1.8112E+3  
 1.8115E+3  
 1.8106E+3  
 1.8112E+3  
 1.8118E+3  
 1.8118E+3  
 1.8112E+3  
 1.8121E+3  
 1.8115E+3  
 1.8109E+3  
 1.8121E+3  
 1.8112E+3  
 1.8109E+3  
 1.8118E+3  
 1.8118E+3  
 1.8112E+3  
 1.8109E+3  
 1.8124E+3  
 1.8115E+3  
 1.8115E+3  
 1.8118E+3  
 1.8121E+3  
 1.8115E+3  
 1.8124E+3  
 1.8115E+3  
 1.8118E+3  
 1.8121E+3  
 1.8121E+3  
 1.8115E+3  
 1.8121E+3  
 1.8118E+3  
 1.8118E+3  
 1.8124E+3  
 1.8115E+3  
 1.8115E+3  
 1.8118E+3  
 1.8124E+3  
 1.8118E+3  
 1.8121E+3  
 1.8118E+3  
 1.8131E+3  
 1.8134E+3  
 1.8137E+3  
 1.8134E+3  
 1.8127E+3  
 1.8127E+3  
 1.8134E+3  
 1.8127E+3  
 1.8124E+3  
 1.8131E+3  
 1.8127E+3  
 1.8137E+3  
 1.8134E+3  
 1.8127E+3  
 1.8127E+3  
 1.8131E+3  
 1.8134E+3  
 1.8127E+3  
 1.8134E+3  
 1.8131E+3  
 1.8124E+3  
 1.8124E+3  
 1.8131E+3  
 1.8127E+3  
 1.8127E+3  
 1.8121E+3  
 1.8124E+3  
 1.8124E+3  
 1.8131E+3  
 1.8137E+3  
 1.8137E+3  
 1.8137E+3  
 1.8137E+3  
 1.8143E+3  
 1.8143E+3  
 1.8137E+3  
 1.8137E+3  
 1.8134E+3  
 1.8137E+3  
 1.8137E+3  
 1.8134E+3  
 1.8140E+3  
 1.8152E+3  
 1.8143E+3  
 1.8146E+3  
 1.8149E+3  
 1.8143E+3  
 1.8140E+3  
 1.8155E+3  
 1.8155E+3  
 1.8152E+3  
 1.8161E+3  
 1.8161E+3  
 1.8164E+3  
 1.8167E+3  
 1.8170E+3  
 1.8176E+3  
 1.8170E+3  
 1.8170E+3  
 1.8179E+3  
 1.8185E+3  
 1.8185E+3  
 1.8185E+3  
 1.8192E+3  
 1.8188E+3  
 1.8210E+3  
 1.8204E+3  
 1.8216E+3  
 1.8207E+3  
 1.8207E+3  
 1.8228E+3  
 1.8222E+3  
 1.8228E+3  
 1.8225E+3  
 1.8225E+3  
 1.8231E+3  
 1.8228E+3  
 1.8228E+3  
 1.8246E+3  
 1.8243E+3  
 1.8246E+3  
 1.8246E+3  
 1.8237E+3  
 1.8237E+3  
 1.8253E+3  
 1.8250E+3  
 1.8250E+3  
 1.8253E+3  
 1.8246E+3  
 1.8250E+3  
 1.8250E+3  
 1.8246E+3  
 1.8259E+3  
 1.8246E+3  
 1.8253E+3  
 1.8259E+3  
 1.8256E+3  
 1.8253E+3  
 1.8259E+3  
 1.8265E+3  
 1.8262E+3  
 1.8256E+3  
 1.8256E+3  
 1.8265E+3  
 1.8262E+3  
 1.8262E+3  
 1.8271E+3  
 1.8274E+3  
 1.8274E+3  
 1.8277E+3  
 1.8274E+3  
 1.8277E+3  
 1.8271E+3  
 1.8268E+3  
 1.8277E+3  
 1.8274E+3  
 1.8271E+3  
 1.8280E+3  
 1.8280E+3  
 1.8277E+3  
 1.8274E+3  
 1.8274E+3  
 1.8286E+3  
 1.8286E+3  
 1.8280E+3  
 1.8280E+3  
 1.8277E+3  
 1.8277E+3  
 1.8292E+3  
 1.8286E+3  
 1.8295E+3  
 1.8289E+3  
 1.8295E+3  
 1.8298E+3  
 1.8298E+3  
 1.8295E+3  
 1.8295E+3  
 1.8298E+3  
 1.8295E+3  
 1.8295E+3  
 1.8298E+3  
 1.8295E+3  
 1.8298E+3  
 1.8289E+3  
 1.8304E+3  
 1.8295E+3  
 1.8298E+3  
 1.8295E+3  
 1.8295E+3  
 1.8292E+3  
 1.8295E+3  
 1.8289E+3  
 1.8298E+3  
 1.8292E+3  
 1.8295E+3  
 1.8295E+3  
 1.8298E+3  
 1.8308E+3  
 1.8308E+3  
 1.8311E+3  
 1.8308E+3  
 1.8311E+3  
 1.8314E+3  
 1.8301E+3  
 1.8308E+3  
 1.8317E+3  
 1.8320E+3  
 1.8314E+3  
 1.8332E+3  
 1.8323E+3  
 1.8332E+3  
 1.8326E+3  
 1.8332E+3  
 1.8335E+3  
 1.8335E+3  
 1.8341E+3  
 1.8338E+3  
 1.8344E+3  
 1.8350E+3  
 1.8359E+3  
 1.8353E+3  
 1.8350E+3  
 1.8353E+3  
 1.8362E+3  
 1.8362E+3  
 1.8356E+3  
 1.8356E+3  
 1.8359E+3  
 1.8356E+3  
 1.8353E+3  
 1.8359E+3  
 1.8356E+3  
 1.8362E+3  
 1.8356E+3  
 1.8372E+3  
 1.8375E+3  
 1.8369E+3  
 1.8362E+3  
 1.8369E+3  
 1.8378E+3  
 1.8375E+3  
 1.8381E+3  
 1.8384E+3  
 1.8384E+3  
 1.8396E+3  
 1.8399E+3  
 1.8399E+3  
 1.8396E+3  
 1.8393E+3  
 1.8399E+3  
 1.8405E+3  
 1.8402E+3  
 1.8399E+3  
 1.8399E+3  
 1.8408E+3  
 1.8402E+3  
 1.8402E+3  
 1.8402E+3  
 1.8405E+3  
 1.8414E+3  
 1.8414E+3  
 1.8417E+3  
 1.8417E+3  
 1.8402E+3  
 1.8408E+3  
 1.8417E+3  
 1.8420E+3  
 1.8423E+3  
 1.8427E+3  
 1.8417E+3  
 1.8423E+3  
 1.8427E+3  
 1.8433E+3  
 1.8436E+3  
 1.8427E+3  
 1.8427E+3  
 1.8433E+3  
 1.8436E+3  
 1.8445E+3  
 1.8448E+3  
 1.8439E+3  
 1.8451E+3  
 1.8439E+3  
 1.8442E+3  
 1.8451E+3  
 1.8442E+3  
 1.8451E+3  
 1.8448E+3  
 1.8445E+3  
 1.8442E+3  
 1.8451E+3  
 1.8439E+3  
 1.8439E+3  
 1.8448E+3  
 1.8445E+3  
 1.8442E+3  
 1.8448E+3  
 1.8451E+3  
 1.8448E+3  
 1.8448E+3  
 1.8448E+3  
 1.8442E+3  
 1.8442E+3  
 1.8445E+3  
 1.8445E+3  
 1.8445E+3  
 1.8448E+3  
 1.8445E+3  
 1.8445E+3  
 1.8442E+3  
 1.8448E+3  
 1.8442E+3  
 1.8439E+3  
 1.8445E+3  
 1.8451E+3  
 1.8442E+3  
 1.8442E+3  
 1.8442E+3  
 1.8445E+3  
 1.8454E+3  
 1.8460E+3  
 1.8463E+3  
 1.8457E+3  
 1.8466E+3  
 1.8457E+3  
 1.8460E+3  
 1.8463E+3  
 1.8466E+3  
 1.8478E+3  
 1.8478E+3  
 1.8478E+3  
 1.8494E+3  
 1.8494E+3  
 1.8491E+3  
 1.8494E+3  
 1.8509E+3  
 1.8518E+3  
 1.8524E+3  
 1.8512E+3  
 1.8524E+3  
 1.8524E+3  
 1.8533E+3  
 1.8530E+3  
 1.8546E+3  
 1.8536E+3  
 1.8533E+3  
 1.8533E+3  
 1.8536E+3  
 1.8542E+3  
 1.8536E+3  
 1.8552E+3  
 1.8549E+3  
 1.8552E+3  
 1.8546E+3  
 1.8552E+3  
 1.8546E+3  
 1.8558E+3  
 1.8552E+3  
 1.8567E+3  
 1.8552E+3  
 1.8558E+3  
 1.8564E+3  
 1.8573E+3  
 1.8567E+3  
 1.8573E+3  
 1.8573E+3  
 1.8576E+3  
 1.8564E+3  
 1.8570E+3  
 1.8567E+3  
 1.8573E+3  
 1.8567E+3  
 1.8579E+3  
 1.8579E+3  
 1.8585E+3  
 1.8582E+3  
 1.8588E+3  
 1.8588E+3  
 1.8588E+3  
 1.8591E+3  
 1.8610E+3  
 1.8607E+3  
 1.8600E+3  
 1.8600E+3  
 1.8607E+3  
 1.8604E+3  
 1.8607E+3  
 1.8597E+3  
 1.8600E+3  
 1.8607E+3  
 1.8604E+3  
 1.8604E+3  
 1.8604E+3  
 1.8604E+3  
 1.8607E+3  
 1.8607E+3  
 1.8607E+3  
 1.8607E+3  
 1.8600E+3  
 1.8607E+3  
 1.8607E+3  
 1.8597E+3  
 1.8607E+3  
 1.8600E+3  
 1.8597E+3  
 1.8600E+3  
 1.8604E+3  
 1.8597E+3  
 1.8610E+3  
 1.8597E+3  
 1.8604E+3  
 1.8607E+3  
 1.8604E+3  
 1.8597E+3  
 1.8597E+3  
 1.8597E+3  
 1.8594E+3  
 1.8600E+3  
 1.8600E+3  
 1.8607E+3  
 1.8600E+3  
 1.8604E+3  
 1.8604E+3  
 1.8607E+3  
 1.8594E+3  
 1.8607E+3  
 1.8600E+3  
 1.8600E+3  
 1.8597E+3  
 1.8600E+3  
 1.8591E+3  
 1.8594E+3  
 1.8588E+3  
 1.8597E+3  
 1.8594E+3  
 1.8591E+3  
 1.8594E+3  
 1.8585E+3  
 1.8594E+3  
 1.8588E+3  
 1.8594E+3  
 1.8600E+3  
 1.8591E+3  
 1.8600E+3  
 1.8585E+3  
 1.8594E+3  
 1.8582E+3  
 1.8579E+3  
 1.8585E+3  
 1.8576E+3  
 1.8585E+3  
 1.8570E+3  
 1.8576E+3  
 1.8570E+3  
 1.8573E+3  
 1.8573E+3  
 1.8567E+3  
 1.8576E+3  
 1.8567E+3  
 1.8573E+3  
 1.8573E+3  
 1.8561E+3  
 1.8558E+3  
 1.8561E+3  
 1.8561E+3  
 1.8558E+3  
 1.8558E+3  
 1.8549E+3  
 1.8555E+3  
 1.8558E+3  
 1.8555E+3  
 1.8549E+3  
 1.8558E+3  
 1.8555E+3  
 1.8552E+3  
 1.8546E+3  
 1.8549E+3  
 1.8539E+3  
 1.8539E+3  
 1.8546E+3  
 1.8542E+3  
 1.8539E+3  
 1.8539E+3  
 1.8542E+3  
 1.8546E+3  
 1.8546E+3  
 1.8542E+3  
 1.8546E+3  
 1.8542E+3  
 1.8542E+3  
 1.8539E+3  
 1.8542E+3  
 1.8549E+3  
 1.8539E+3  
 1.8542E+3  
 1.8552E+3  
 1.8549E+3  
 1.8555E+3  
 1.8549E+3  
 1.8542E+3  
 1.8546E+3  
 1.8552E+3  
 1.8555E+3  
 1.8552E+3  
 1.8549E+3  
 1.8552E+3  
 1.8549E+3  
 1.8555E+3  
 1.8549E+3  
 1.8555E+3  
 1.8552E+3  
 1.8555E+3  
 1.8546E+3  
 1.8555E+3  
 1.8536E+3  
 1.8539E+3  
 1.8533E+3  
 1.8542E+3  
 1.8546E+3  
 1.8536E+3  
 1.8539E+3  
 1.8542E+3  
 1.8542E+3  
 1.8536E+3  
 1.8536E+3  
 1.8530E+3  
 1.8521E+3  
 1.8515E+3  
 1.8518E+3  
 1.8515E+3  
 1.8509E+3  
 1.8509E+3  
 1.8491E+3  
 1.8497E+3  
 1.8497E+3  
 1.8491E+3  
 1.8491E+3  
 1.8494E+3  
 1.8491E+3  
 1.8481E+3  
 1.8488E+3  
 1.8481E+3  
 1.8478E+3  
 1.8472E+3  
 1.8469E+3  
 1.8472E+3  
 1.8472E+3  
 1.8475E+3  
 1.8466E+3  
 1.8472E+3  
 1.8472E+3  
 1.8466E+3  
 1.8469E+3  
 1.8475E+3  
 1.8469E+3  
 1.8478E+3  
 1.8469E+3  
 1.8475E+3  
 1.8469E+3  
 1.8466E+3  
 1.8475E+3  
 1.8478E+3  
 1.8478E+3  
 1.8475E+3  
 1.8472E+3  
 1.8478E+3  
 1.8478E+3  
 1.8475E+3  
 1.8466E+3  
 1.8466E+3  
 1.8469E+3  
 1.8472E+3  
 1.8472E+3  
 1.8478E+3  
 1.8469E+3  
 1.8469E+3  
 1.8460E+3  
 1.8463E+3  
 1.8463E+3  
 1.8466E+3  
 1.8460E+3  
 1.8466E+3  
 1.8460E+3  
 1.8457E+3  
 1.8457E+3  
 1.8454E+3  
 1.8457E+3  
 1.8448E+3  
 1.8448E+3  
 1.8442E+3  
 1.8445E+3  
 1.8442E+3  
 1.8430E+3  
 1.8430E+3  
 1.8442E+3  
 1.8433E+3  
 1.8436E+3  
 1.8423E+3  
 1.8433E+3  
 1.8427E+3  
 1.8427E+3  
 1.8430E+3  
 1.8423E+3  
 1.8414E+3  
 1.8414E+3  
 1.8414E+3  
 1.8417E+3  
 1.8414E+3  
 1.8417E+3  
 1.8417E+3  
 1.8402E+3  
 1.8405E+3  
 1.8405E+3  
 1.8408E+3  
 1.8405E+3  
 1.8405E+3  
 1.8405E+3  
 1.8408E+3  
 1.8405E+3  
 1.8408E+3  
 1.8411E+3  
 1.8408E+3  
 1.8405E+3  
 1.8396E+3  
 1.8402E+3  
 1.8396E+3  
 1.8402E+3  
 1.8399E+3  
 1.8399E+3  
 1.8399E+3  
 1.8390E+3  
 1.8405E+3  
 1.8399E+3  
 1.8402E+3  
 1.8402E+3  
 1.8396E+3  
 1.8396E+3  
 1.8387E+3  
 1.8384E+3  
 1.8390E+3  
 1.8390E+3  
 1.8390E+3  
 1.8393E+3  
 1.8393E+3  
 1.8390E+3  
 1.8393E+3  
 1.8393E+3  
 1.8393E+3  
 1.8393E+3  
 1.8399E+3  
 1.8393E+3  
 1.8399E+3  
 1.8390E+3  
 1.8402E+3  
 1.8402E+3  
 1.8402E+3  
 1.8393E+3  
 1.8396E+3  
 1.8402E+3  
 1.8393E+3  
 1.8399E+3  
 1.8402E+3  
 1.8405E+3  
 1.8393E+3  
 1.8405E+3  
 1.8402E+3  
 1.8402E+3  
 1.8396E+3  
 1.8399E+3  
 1.8402E+3  
 1.8405E+3  
 1.8402E+3  
 1.8399E+3  
 1.8396E+3  
 1.8402E+3  
 1.8405E+3  
 1.8408E+3  
 1.8396E+3  
 1.8396E+3  
 1.8408E+3  
 1.8402E+3  
 1.8408E+3  
 1.8402E+3  
 1.8405E+3  
 1.8402E+3  
 1.8405E+3  
 1.8402E+3  
 1.8405E+3  
 1.8402E+3  
 1.8405E+3  
 1.8402E+3  
 1.8402E+3  
 1.8411E+3  
 1.8399E+3  
 1.8405E+3  
 1.8393E+3  
 1.8396E+3  
 1.8396E+3  
 1.8393E+3  
 1.8387E+3  
 1.8399E+3  
 1.8390E+3  
 1.8390E+3  
 1.8387E+3  
 1.8393E+3  
 1.8393E+3  
 1.8390E+3  
 1.8393E+3  
 1.8387E+3  
 1.8384E+3  
 1.8378E+3  
 1.8381E+3  
 1.8390E+3  
 1.8378E+3  
 1.8384E+3  
 1.8378E+3  
 1.8369E+3  
 1.8375E+3  
 1.8378E+3  
 1.8369E+3  
 1.8381E+3  
 1.8356E+3  
 1.8359E+3  
 1.8362E+3  
 1.8362E+3  
 1.8365E+3  
 1.8353E+3  
 1.8350E+3  
 1.8353E+3  
 1.8359E+3  
 1.8353E+3  
 1.8344E+3  
 1.8347E+3  
 1.8350E+3  
 1.8347E+3  
 1.8350E+3  
 1.8350E+3  
 1.8344E+3  
 1.8344E+3  
 1.8344E+3  
 1.8347E+3  
 1.8353E+3  
 1.8356E+3  
 1.8350E+3  
 1.8347E+3  
 1.8350E+3  
 1.8353E+3  
 1.8347E+3  
 1.8341E+3  
 1.8344E+3  
 1.8341E+3  
 1.8353E+3  
 1.8347E+3  
 1.8350E+3  
 1.8347E+3  
 1.8341E+3  
 1.8344E+3  
 1.8341E+3  
 1.8353E+3  
 1.8344E+3  
 1.8341E+3  
 1.8350E+3  
 1.8350E+3  
 1.8344E+3  
 1.8347E+3  
 1.8347E+3  
 1.8341E+3  
 1.8353E+3  
 1.8341E+3  
 1.8341E+3  
 1.8338E+3  
 1.8350E+3  
 1.8347E+3  
 1.8347E+3  
 1.8350E+3  
 1.8347E+3  
 1.8341E+3  
 1.8347E+3  
 1.8350E+3  
 1.8338E+3  
 1.8350E+3  
 1.8341E+3  
 1.8341E+3  
 1.8350E+3  
 1.8332E+3  
 1.8332E+3  
 1.8329E+3  
 1.8332E+3  
 1.8332E+3  
 1.8335E+3  
 1.8332E+3  
 1.8329E+3  
 1.8329E+3  
 1.8329E+3  
 1.8338E+3  
 1.8326E+3  
 1.8320E+3  
 1.8320E+3  
 1.8320E+3  
 1.8311E+3  
 1.8317E+3  
 1.8317E+3  
 1.8311E+3  
 1.8311E+3  
 1.8301E+3  
 1.8304E+3  
 1.8298E+3  
 1.8304E+3  
 1.8292E+3  
 1.8292E+3  
 1.8289E+3  
 1.8292E+3  
 1.8274E+3  
 1.8274E+3  
 1.8283E+3  
 1.8268E+3  
 1.8259E+3  
 1.8265E+3  
 1.8265E+3  
 1.8271E+3  
 1.8253E+3  
 1.8262E+3  
 1.8262E+3  
 1.8259E+3  
 1.8250E+3  
 1.8253E+3  
 1.8240E+3  
 1.8253E+3  
 1.8240E+3  
 1.8243E+3  
 1.8243E+3  
 1.8243E+3  
 1.8243E+3  
 1.8243E+3  
 1.8237E+3  
 1.8250E+3  
 1.8243E+3  
 1.8250E+3  
 1.8240E+3  
 1.8240E+3  
 1.8250E+3  
 1.8237E+3  
 1.8234E+3  
 1.8234E+3  
 1.8228E+3  
 1.8234E+3  
 1.8234E+3  
 1.8231E+3  
 1.8234E+3  
 1.8237E+3  
 1.8237E+3  
 1.8237E+3  
 1.8234E+3  
 1.8234E+3  
 1.8234E+3  
 1.8237E+3  
 1.8240E+3  
 1.8240E+3  
 1.8234E+3  
 1.8234E+3  
 1.8234E+3  
 1.8234E+3  
 1.8234E+3  
 1.8237E+3  
 1.8243E+3  
 1.8243E+3  
 1.8234E+3  
 1.8237E+3  
 1.8237E+3  
 1.8246E+3  
 1.8237E+3  
 1.8237E+3  
 1.8240E+3  
 1.8243E+3  
 1.8262E+3  
 1.8246E+3  
 1.8250E+3  
 1.8253E+3  
 1.8250E+3  
 1.8246E+3  
 1.8240E+3  
 1.8243E+3  
 1.8246E+3  
 1.8246E+3  
 1.8259E+3  
 1.8250E+3  
 1.8237E+3  
 1.8240E+3  
 1.8246E+3  
 1.8250E+3  
 1.8256E+3  
 1.8262E+3  
 1.8253E+3  
 1.8259E+3  
 1.8262E+3  
 1.8262E+3  
 1.8256E+3  
 1.8262E+3  
 1.8265E+3  
 1.8256E+3  
 1.8253E+3  
 1.8256E+3  
 1.8256E+3  
 1.8262E+3  
 1.8253E+3  
 1.8262E+3  
 1.8253E+3  
 1.8250E+3  
 1.8253E+3  
 1.8231E+3  
 1.8231E+3  
 1.8234E+3  
 1.8231E+3  
 1.8228E+3  
 1.8222E+3  
 1.8213E+3  
 1.8219E+3  
 1.8216E+3  
 1.8219E+3  
 1.8219E+3  
 1.8216E+3  
 1.8219E+3  
 1.8225E+3  
 1.8216E+3  
 1.8222E+3  
 1.8210E+3  
 1.8207E+3  
 1.8207E+3  
 1.8213E+3  
 1.8204E+3  
 1.8207E+3  
 1.8207E+3  
 1.8210E+3  
 1.8210E+3  
 1.8204E+3  
 1.8195E+3  
 1.8188E+3  
 1.8192E+3  
 1.8192E+3  
 1.8198E+3  
 1.8204E+3  
 1.8198E+3  
 1.8195E+3  
 1.8198E+3  
 1.8188E+3  
 1.8192E+3  
 1.8195E+3  
 1.8192E+3  
 1.8198E+3  
 1.8195E+3  
 1.8192E+3  
 1.8185E+3  
 1.8182E+3  
 1.8188E+3  
 1.8188E+3  
 1.8188E+3  
 1.8188E+3  
 1.8188E+3  
 1.8185E+3  
 1.8179E+3  
 1.8185E+3  
 1.8179E+3  
 1.8185E+3  
 1.8192E+3  
 1.8188E+3  
 1.8179E+3  
 1.8176E+3  
 1.8185E+3  
 1.8182E+3  
 1.8179E+3  
 1.8179E+3  
 1.8179E+3  
 1.8173E+3  
 1.8176E+3  
 1.8179E+3  
 1.8173E+3  
 1.8164E+3  
 1.8161E+3  
 1.8158E+3  
 1.8167E+3  
 1.8161E+3  
 1.8149E+3  
 1.8152E+3  
 1.8143E+3  
 1.8146E+3  
 1.8152E+3  
 1.8137E+3  
 1.8134E+3  
 1.8134E+3  
 1.8134E+3  
 1.8131E+3  
 1.8127E+3  
 1.8124E+3  
 1.8118E+3  
 1.8118E+3  
 1.8127E+3  
 1.8124E+3  
 1.8121E+3  
 1.8121E+3  
 1.8121E+3  
 1.8121E+3  
 1.8106E+3  
 1.8112E+3  
 1.8103E+3  
 1.8106E+3  
 1.8112E+3  
 1.8103E+3  
 1.8103E+3  
 1.8097E+3  
 1.8097E+3  
 1.8100E+3  
 1.8091E+3  
 1.8097E+3  
 1.8097E+3  
 1.8097E+3  
 1.8091E+3  
 1.8094E+3  
 1.8097E+3  
 1.8103E+3  
 1.8103E+3  
 1.8100E+3  
 1.8100E+3  
 1.8091E+3  
 1.8100E+3  
 1.8094E+3  
 1.8088E+3  
 1.8091E+3  
 1.8088E+3  
 1.8088E+3  
 1.8085E+3  
 1.8094E+3  
 1.8091E+3  
 1.8088E+3  
 1.8085E+3  
 1.8091E+3  
 1.8088E+3  
 1.8094E+3  
 1.8085E+3  
 1.8082E+3  
 1.8082E+3  
 1.8085E+3  
 1.8082E+3  
 1.8076E+3  
 1.8085E+3  
 1.8082E+3  
 1.8082E+3  
 1.8085E+3  
 1.8082E+3  
 1.8073E+3  
 1.8069E+3  
 1.8063E+3  
 1.8073E+3  
 1.8079E+3  
 1.8069E+3  
 1.8063E+3  
 1.8073E+3  
 1.8069E+3  
 1.8066E+3  
 1.8069E+3  
 1.8063E+3  
 1.8069E+3  
 1.8063E+3  
 1.8069E+3  
 1.8051E+3  
 1.8054E+3  
 1.8051E+3  
 1.8048E+3  
 1.8057E+3  
 1.8060E+3  
 1.8051E+3  
 1.8051E+3  
 1.8042E+3  
 1.8045E+3  
 1.8045E+3  
 1.8042E+3  
 1.8048E+3  
 1.8030E+3  
 1.8036E+3  
 1.8033E+3  
 1.8030E+3  
 1.8018E+3  
 1.8015E+3  
 1.8018E+3  
 1.8021E+3  
 1.8027E+3  
 1.8015E+3  
 1.8008E+3  
 1.8008E+3  
 1.8008E+3  
 1.8011E+3  
 1.8005E+3  
 1.7999E+3  
 1.8008E+3  
 1.7996E+3  
 1.7999E+3  
 1.7993E+3  
 1.7993E+3  
 1.7996E+3  
 1.7993E+3  
 1.7987E+3  
 1.7996E+3  
 1.7990E+3  
 1.7990E+3  
 1.7996E+3  
 1.7996E+3  
 1.7993E+3  
 1.7993E+3  
 1.7987E+3  
 1.7981E+3  
 1.7978E+3  
 1.7978E+3  
 1.7990E+3  
 1.7987E+3  
 1.7981E+3  
 1.7981E+3  
 1.7984E+3  
 1.7981E+3  
 1.7981E+3  
 1.7981E+3  
 1.7978E+3  
 1.7990E+3  
 1.7987E+3  
 1.7978E+3  
 1.7984E+3  
 1.7987E+3  
 1.7978E+3  
 1.7978E+3  
 1.7981E+3  
 1.7975E+3  
 1.7981E+3  
 1.7978E+3  
 1.7975E+3  
 1.7978E+3  
 1.7975E+3  
 1.7981E+3  
 1.7972E+3  
 1.7975E+3  
 1.7981E+3  
 1.7981E+3  
 1.7978E+3  
 1.7972E+3  
 1.7978E+3  
 1.7969E+3  
 1.7981E+3  
 1.7972E+3  
 1.7966E+3  
 1.7957E+3  
 1.7957E+3  
 1.7957E+3  
 1.7957E+3  
 1.7957E+3  
 1.7950E+3  
 1.7954E+3  
 1.7954E+3  
 1.7950E+3  
 1.7950E+3  
 1.7941E+3  
 1.7941E+3  
 1.7935E+3  
 1.7938E+3  
 1.7938E+3  
 1.7941E+3  
 1.7938E+3  
 1.7941E+3  
 1.7935E+3  
 1.7938E+3  
 1.7944E+3  
 1.7941E+3  
 1.7935E+3  
 1.7932E+3  
 1.7944E+3  
 1.7944E+3  
 1.7938E+3  
 1.7941E+3  
 1.7932E+3  
 1.7929E+3  
 1.7923E+3  
 1.7929E+3  
 1.7923E+3  
 1.7929E+3  
 1.7929E+3  
 1.7932E+3  
 1.7917E+3  
 1.7911E+3  
 1.7914E+3  
 1.7914E+3  
 1.7923E+3  
 1.7914E+3  
 1.7920E+3  
 1.7914E+3  
 1.7911E+3  
 1.7914E+3  
 1.7932E+3  
 1.7908E+3  
 1.7917E+3  
 1.7917E+3  
 1.7917E+3  
 1.7920E+3  
 1.7914E+3  
 1.7917E+3  
 1.7920E+3  
 1.7914E+3  
 1.7920E+3  
 1.7911E+3  
 1.7914E+3  
 1.7917E+3  
 1.7920E+3  
 1.7914E+3  
 1.7911E+3  
 1.7914E+3  
 1.7920E+3  
 1.7914E+3  
 1.7914E+3  
 1.7932E+3  
 1.7920E+3  
 1.7914E+3  
 1.7908E+3  
 1.7917E+3  
 1.7911E+3  
 1.7917E+3  
 1.7905E+3  
 1.7908E+3  
 1.7902E+3  
 1.7911E+3  
 1.7899E+3  
 1.7908E+3  
 1.7905E+3  
 1.7911E+3  
 1.7905E+3  
 1.7899E+3  
 1.7892E+3  
 1.7889E+3  
 1.7896E+3  
 1.7899E+3  
 1.7899E+3  
 1.7889E+3  
 1.7883E+3  
 1.7877E+3  
 1.7883E+3  
 1.7883E+3  
 1.7877E+3  
 1.7889E+3  
 1.7889E+3  
 1.7874E+3  
 1.7877E+3  
 1.7874E+3  
 1.7877E+3  
 1.7874E+3  
 1.7859E+3  
 1.7865E+3  
 1.7862E+3  
 1.7856E+3  
 1.7853E+3  
 1.7859E+3  
 1.7847E+3  
 1.7853E+3  
 1.7841E+3  
 1.7844E+3  
 1.7834E+3  
 1.7847E+3  
 1.7834E+3  
 1.7841E+3  
 1.7838E+3  
 1.7841E+3  
 1.7844E+3  
 1.7834E+3  
 1.7831E+3  
 1.7825E+3  
 1.7831E+3  
 1.7831E+3  
 1.7825E+3  
 1.7825E+3  
 1.7831E+3  
 1.7831E+3  
 1.7828E+3  
 1.7822E+3  
 1.7822E+3  
 1.7816E+3  
 1.7825E+3  
 1.7819E+3  
 1.7828E+3  
 1.7816E+3  
 1.7825E+3  
 1.7825E+3  
 1.7822E+3  
 1.7825E+3  
 1.7822E+3  
 1.7816E+3  
 1.7822E+3  
 1.7804E+3  
 1.7822E+3  
 1.7807E+3  
 1.7822E+3  
 1.7813E+3  
 1.7822E+3  
 1.7819E+3  
 1.7822E+3  
 1.7801E+3  
 1.7813E+3  
 1.7804E+3  
 1.7804E+3  
 1.7804E+3  
 1.7804E+3  
 1.7801E+3  
 1.7801E+3  
 1.7795E+3  
 1.7801E+3  
 1.7798E+3  
 1.7807E+3  
 1.7804E+3  
 1.7783E+3  
 1.7792E+3  
 1.7789E+3  
 1.7786E+3  
 1.7783E+3  
 1.7780E+3  
 1.7789E+3  
 1.7773E+3  
 1.7783E+3  
 1.7786E+3  
 1.7773E+3  
 1.7773E+3  
 1.7773E+3  
 1.7777E+3  
 1.7773E+3  
 1.7777E+3  
 1.7780E+3  
 1.7767E+3  
 1.7761E+3  
 1.7767E+3  
 1.7770E+3  
 1.7770E+3  
 1.7767E+3  
 1.7767E+3  
 1.7761E+3  
 1.7761E+3  
 1.7758E+3  
 1.7755E+3  
 1.7752E+3  
 1.7746E+3  
 1.7749E+3  
 1.7746E+3  
 1.7755E+3  
 1.7752E+3  
 1.7749E+3  
 1.7749E+3  
 1.7752E+3  
 1.7752E+3  
 1.7746E+3  
 1.7749E+3  
 1.7752E+3  
 1.7749E+3  
 1.7743E+3  
 1.7749E+3  
 1.7731E+3  
 1.7740E+3  
 1.7731E+3  
 1.7734E+3  
 1.7734E+3  
 1.7725E+3  
 1.7725E+3  
 1.7715E+3  
 1.7722E+3  
 1.7725E+3  
 1.7725E+3  
 1.7722E+3  
 1.7725E+3  
 1.7706E+3  
 1.7712E+3  
 1.7700E+3  
 1.7703E+3  
 1.7703E+3  
 1.7700E+3  
 1.7706E+3  
 1.7712E+3  
 1.7712E+3  
 1.7703E+3  
 1.7703E+3  
 1.7709E+3  
 1.7709E+3  
 1.7709E+3  
 1.7703E+3  
 1.7703E+3  
 1.7700E+3  
 1.7703E+3  
 1.7700E+3  
 1.7709E+3  
 1.7700E+3  
 1.7700E+3  
 1.7709E+3  
 1.7706E+3  
 1.7700E+3  
 1.7700E+3  
 1.7709E+3  
 1.7703E+3  
 1.7709E+3  
 1.7706E+3  
 1.7706E+3  
 1.7703E+3  
 1.7700E+3  
 1.7703E+3  
 1.7709E+3  
 1.7709E+3  
 1.7709E+3  
 1.7706E+3  
 1.7712E+3  
 1.7706E+3  
 1.7706E+3  
 1.7697E+3  
 1.7697E+3  
 1.7700E+3  
 1.7703E+3  
 1.7697E+3  
 1.7703E+3  
 1.7700E+3  
 1.7694E+3  
 1.7688E+3  
 1.7694E+3  
 1.7694E+3  
 1.7691E+3  
 1.7694E+3  
 1.7691E+3  
 1.7688E+3  
 1.7694E+3  
 1.7688E+3  
 1.7676E+3  
 1.7673E+3  
 1.7679E+3  
 1.7679E+3  
 1.7670E+3  
 1.7670E+3  
 1.7679E+3  
 1.7667E+3  
 1.7676E+3  
 1.7661E+3  
 1.7664E+3  
 1.7657E+3  
 1.7657E+3  
 1.7654E+3  
 1.7657E+3  
 1.7664E+3  
 1.7657E+3  
 1.7664E+3  
 1.7664E+3  
 1.7661E+3  
 1.7664E+3  
 1.7667E+3  
 1.7661E+3  
 1.7661E+3  
 1.7657E+3  
 1.7657E+3  
 1.7661E+3  
 1.7661E+3  
 1.7661E+3  
 1.7667E+3  
 1.7657E+3  
 1.7661E+3  
 1.7667E+3  
 1.7667E+3  
 1.7664E+3  
 1.7667E+3  
 1.7664E+3  
 1.7657E+3  
 1.7661E+3  
 1.7667E+3  
 1.7657E+3  
 1.7648E+3  
 1.7651E+3  
 1.7645E+3  
 1.7648E+3  
 1.7654E+3  
 1.7645E+3  
 1.7651E+3  
 1.7648E+3  
 1.7645E+3  
 1.7648E+3  
 1.7639E+3  
 1.7639E+3  
 1.7639E+3  
 1.7627E+3  
 1.7630E+3  
 1.7633E+3  
 1.7639E+3  
 1.7627E+3  
 1.7624E+3  
 1.7630E+3  
 1.7621E+3  
 1.7618E+3  
 1.7615E+3  
 1.7615E+3  
 1.7609E+3  
 1.7618E+3  
 1.7621E+3  
 1.7609E+3  
 1.7599E+3  
 1.7596E+3  
 1.7603E+3  
 1.7606E+3  
 1.7593E+3  
 1.7606E+3  
 1.7606E+3  
 1.7596E+3  
 1.7603E+3  
 1.7599E+3  
 1.7599E+3  
 1.7603E+3  
 1.7590E+3  
 1.7593E+3  
 1.7587E+3  
 1.7587E+3  
 1.7590E+3  
 1.7587E+3  
 1.7587E+3  
 1.7584E+3  
 1.7581E+3  
 1.7584E+3  
 1.7587E+3  
 1.7581E+3  
 1.7581E+3  
 1.7587E+3  
 1.7587E+3  
 1.7584E+3  
 1.7587E+3  
 1.7578E+3  
 1.7581E+3  
 1.7581E+3  
 1.7584E+3  
 1.7581E+3  
 1.7581E+3  
 1.7581E+3  
 1.7584E+3  
 1.7581E+3  
 1.7587E+3  
 1.7578E+3  
 1.7584E+3  
 1.7572E+3  
 1.7575E+3  
 1.7575E+3  
 1.7578E+3  
 1.7572E+3  
 1.7572E+3  
 1.7572E+3  
 1.7563E+3  
 1.7563E+3  
 1.7554E+3  
 1.7560E+3  
 1.7554E+3  
 1.7560E+3  
 1.7548E+3  
 1.7551E+3  
 1.7545E+3  
 1.7548E+3  
 1.7535E+3  
 1.7542E+3  
 1.7538E+3  
 1.7548E+3  
 1.7523E+3  
 1.7526E+3  
 1.7535E+3  
 1.7493E+3  
 1.7520E+3  
 1.7526E+3  
 1.7523E+3  
 1.7529E+3  
 1.7520E+3  
 1.7499E+3  
 1.7511E+3  
 1.7511E+3  
 1.7511E+3  
 1.7499E+3  
 1.7511E+3  
 1.7514E+3  
 1.7511E+3  
 1.7508E+3  
 1.7514E+3  
 1.7517E+3  
 1.7508E+3  
 1.7508E+3  
 1.7502E+3  
 1.7499E+3  
 1.7499E+3  
 1.7505E+3  
 1.7493E+3  
 1.7487E+3  
 1.7493E+3  
 1.7499E+3  
 1.7496E+3  
 1.7496E+3  
 1.7493E+3  
 1.7493E+3  
 1.7496E+3  
 1.7487E+3  
 1.7484E+3  
 1.7490E+3  
 1.7487E+3  
 1.7480E+3  
 1.7480E+3  
 1.7474E+3  
 1.7468E+3  
 1.7480E+3  
 1.7291E+3  
 1.7462E+3  
 1.7410E+3  
 1.7456E+3  
 1.7456E+3  
 1.7471E+3  
 1.7456E+3  
 1.7468E+3  
 1.7447E+3  
 1.7468E+3  
 1.7447E+3  
 1.7462E+3  
 1.7444E+3  
 1.7474E+3  
 1.7480E+3  
 1.7465E+3  
 1.7456E+3  
 1.7465E+3  
 1.7465E+3  
 1.7465E+3  
 1.7465E+3  
 1.7468E+3  
 1.7477E+3  
 1.7468E+3  
 1.7471E+3  
 1.7462E+3  
 1.7459E+3  
 1.7462E+3  
 1.7468E+3  
 1.7459E+3  
 1.7459E+3  
 1.7471E+3  
 1.7468E+3  
 1.7465E+3  
 1.7465E+3  
 1.7471E+3  
 1.7465E+3  
 1.7468E+3  
 1.7465E+3  
 1.7465E+3  
 1.7462E+3  
 1.7474E+3  
 1.7474E+3  
 1.7471E+3  
 1.7471E+3  
 1.7474E+3  
 1.7468E+3  
 1.7471E+3  
 1.7468E+3  
 1.7474E+3  
 1.7477E+3  
 1.7468E+3  
 1.7477E+3  
 1.7471E+3  
 1.7477E+3  
 1.7468E+3  
 1.7468E+3  
 1.7471E+3  
 1.7477E+3  
 1.7471E+3  
 1.7471E+3  
 1.7471E+3  
 1.7480E+3  
 1.7480E+3  
 1.7487E+3  
 1.7477E+3  
 1.7474E+3  
 1.7477E+3  
 1.7480E+3  
 1.7471E+3  
 1.7480E+3  
 1.7477E+3  
 1.7487E+3  
 1.7484E+3  
 1.7484E+3  
 1.7480E+3  
 1.7487E+3  
 1.7484E+3  
 1.7480E+3  
 1.7487E+3  
 1.7493E+3  
 1.7487E+3  
 1.7480E+3  
 1.7480E+3  
 1.7474E+3  
 1.7474E+3  
 1.7477E+3  
 1.7484E+3  
 1.7480E+3  
 1.7484E+3  
 1.7468E+3  
 1.7465E+3  
 1.7468E+3  
 1.7468E+3  
 1.7474E+3  
 1.7471E+3  
 1.7459E+3  
 1.7465E+3  
 1.7462E+3  
 1.7468E+3  
 1.7456E+3  
 1.7465E+3  
 1.7456E+3  
 1.7450E+3  
 1.7450E+3  
 1.7450E+3  
 1.7450E+3  
 1.7447E+3  
 1.7444E+3  
 1.7441E+3  
 1.7441E+3  
 1.7435E+3  
 1.7438E+3  
 1.7435E+3  
 1.7435E+3  
 1.7435E+3  
 1.7426E+3  
 1.7426E+3  
 1.7429E+3  
 1.7435E+3  
 1.7435E+3  
 1.7435E+3  
 1.7429E+3  
 1.7426E+3  
 1.7416E+3  
 1.7422E+3  
 1.7426E+3  
 1.7416E+3  
 1.7416E+3  
 1.7413E+3  
 1.7419E+3  
 1.7426E+3  
 1.7410E+3  
 1.7410E+3  
 1.7410E+3  
 1.7410E+3  
 1.7407E+3  
 1.7413E+3  
 1.7404E+3  
 1.7404E+3  
 1.7404E+3  
 1.7413E+3  
 1.7410E+3  
 1.7404E+3  
 1.7410E+3  
 1.7407E+3  
 1.7416E+3  
 1.7410E+3  
 1.7413E+3  
 1.7410E+3  
 1.7407E+3  
 1.7407E+3  
 1.7413E+3  
 1.7416E+3  
 1.7413E+3  
 1.7416E+3  
 1.7422E+3  
 1.7413E+3  
 1.7419E+3  
 1.7416E+3  
 1.7416E+3  
 1.7426E+3  
 1.7416E+3  
 1.7419E+3  
 1.7419E+3  
 1.7416E+3  
 1.7416E+3  
 1.7419E+3  
 1.7416E+3  
 1.7419E+3  
 1.7419E+3  
 1.7426E+3  
 1.7404E+3  
 1.7410E+3  
 1.7410E+3  
 1.7410E+3  
 1.7410E+3  
 1.7395E+3  
 1.7401E+3  
 1.7404E+3  
 1.7404E+3  
 1.7389E+3  
 1.7395E+3  
 1.7386E+3  
 1.7389E+3  
 1.7386E+3  
 1.7377E+3  
 1.7386E+3  
 1.7374E+3  
 1.7371E+3  
 1.7365E+3  
 1.7368E+3  
 1.7371E+3  
 1.7374E+3  
 1.7365E+3  
 1.7355E+3  
 1.7365E+3  
 1.7358E+3  
 1.7358E+3  
 1.7361E+3  
 1.7361E+3  
 1.7352E+3  
 1.7358E+3  
 1.7355E+3  
 1.7355E+3  
 1.7358E+3  
 1.7355E+3  
 1.7355E+3  
 1.7361E+3  
 1.7361E+3  
 1.7361E+3  
 1.7355E+3  
 1.7346E+3  
 1.7349E+3  
 1.7355E+3  
 1.7346E+3  
 1.7355E+3  
 1.7349E+3  
 1.7346E+3  
 1.7352E+3  
 1.7349E+3  
 1.7349E+3  
 1.7346E+3  
 1.7358E+3  
 1.7349E+3  
 1.7349E+3  
 1.7352E+3  
 1.7346E+3  
 1.7349E+3  
 1.7349E+3  
 1.7355E+3  
 1.7352E+3  
 1.7352E+3  
 1.7355E+3  
 1.7343E+3  
 1.7349E+3  
 1.7346E+3  
 1.7355E+3  
 1.7352E+3  
 1.7346E+3  
 1.7352E+3  
 1.7355E+3  
 1.7358E+3  
 1.7355E+3  
 1.7349E+3  
 1.7349E+3  
 1.7349E+3  
 1.7355E+3  
 1.7346E+3  
 1.7349E+3  
 1.7349E+3  
 1.7349E+3  
 1.7355E+3  
 1.7340E+3  
 1.7340E+3  
 1.7337E+3  
 1.7340E+3  
 1.7337E+3  
 1.7346E+3  
 1.7325E+3  
 1.7322E+3  
 1.7334E+3  
 1.7328E+3  
 1.7328E+3  
 1.7316E+3  
 1.7328E+3  
 1.7325E+3  
 1.7300E+3  
 1.7307E+3  
 1.7307E+3  
 1.7297E+3  
 1.7294E+3  
 1.7303E+3  
 1.7288E+3  
 1.7291E+3  
 1.7282E+3  
 1.7279E+3  
 1.7276E+3  
 1.7279E+3  
 1.7279E+3  
 1.7273E+3  
 1.7273E+3  
 1.7270E+3  
 1.7267E+3  
 1.7267E+3  
 1.7261E+3  
 1.7264E+3  
 1.7264E+3  
 1.7258E+3  
 1.7267E+3  
 1.7264E+3  
 1.7261E+3  
 1.7264E+3  
 1.7264E+3  
 1.7261E+3  
 1.7258E+3  
 1.7252E+3  
 1.7258E+3  
 1.7258E+3  
 1.7252E+3  
 1.7255E+3  
 1.7258E+3  
 1.7258E+3  
 1.7261E+3  
 1.7255E+3  
 1.7258E+3  
 1.7261E+3  
 1.7267E+3  
 1.7267E+3  
 1.7261E+3  
 1.7258E+3  
 1.7270E+3  
 1.7264E+3  
 1.7264E+3  
 1.7267E+3  
 1.7258E+3  
 1.7270E+3  
 1.7261E+3  
 1.7270E+3  
 1.7261E+3  
 1.7267E+3  
 1.7270E+3  
 1.7267E+3  
 1.7261E+3  
 1.7261E+3  
 1.7261E+3  
 1.7273E+3  
 1.7264E+3  
 1.7261E+3  
 1.7267E+3  
 1.7273E+3  
 1.7273E+3  
 1.7273E+3  
 1.7267E+3  
 1.7267E+3  
 1.7270E+3  
 1.7276E+3  
 1.7270E+3  
 1.7264E+3  
 1.7270E+3  
 1.7270E+3  
 1.7273E+3  
 1.7273E+3  
 1.7279E+3  
 1.7267E+3  
 1.7276E+3  
 1.7276E+3  
 1.7273E+3  
 1.7273E+3  
 1.7273E+3  
 1.7267E+3  
 1.7267E+3  
 1.7261E+3  
 1.7264E+3  
 1.7261E+3  
 1.7267E+3  
 1.7267E+3  
 1.7264E+3  
 1.7261E+3  
 1.7255E+3  
 1.7252E+3  
 1.7258E+3  
 1.7255E+3  
 1.7252E+3  
 1.7255E+3  
 1.7255E+3  
 1.7249E+3  
 1.7249E+3  
 1.7242E+3  
 1.7245E+3  
 1.7252E+3  
 1.7242E+3  
 1.7236E+3  
 1.7239E+3  
 1.7239E+3  
 1.7242E+3  
 1.7236E+3  
 1.7239E+3  
 1.7242E+3  
 1.7236E+3  
 1.7236E+3  
 1.7233E+3  
 1.7224E+3  
 1.7227E+3  
 1.7230E+3  
 1.7239E+3  
 1.7236E+3  
 1.7221E+3  
 1.7227E+3  
 1.7239E+3  
 1.7273E+3  
 1.7377E+3  
 1.7593E+3  
 1.7316E+3  
 1.7276E+3  
 1.7493E+3  
 1.7432E+3  
 1.7398E+3  
 1.7493E+3  
 1.8472E+3  
 1.7349E+3  
 1.7334E+3  
 1.7307E+3  
 1.7465E+3  
 1.7297E+3  
 1.7404E+3  
 1.7566E+3  
 1.7242E+3  
 1.7249E+3  
 1.7230E+3  
 1.7285E+3  
 1.7212E+3  
 1.7212E+3  
 1.7215E+3  
 1.7212E+3  
 1.7264E+3  
 1.7398E+3  
 1.7227E+3  
 1.7221E+3  
 1.7221E+3  
 1.7221E+3  
 1.7212E+3  
 1.7218E+3  
 1.7209E+3  
 1.7215E+3  
 1.7227E+3  
 1.7233E+3  
 1.7218E+3  
 1.7319E+3  
 1.7270E+3  
 1.7429E+3  
 1.7462E+3  
 1.7322E+3  
 1.7365E+3  
 1.7340E+3  
 1.7291E+3  
 1.7279E+3  
 1.7294E+3  
 1.7276E+3  
 1.7242E+3  
 1.7221E+3  
 1.7218E+3  
 1.7218E+3  
 1.7203E+3  
 1.7245E+3  
 1.7291E+3  
 1.7279E+3  
 1.7245E+3  
 1.7294E+3  
 1.7249E+3  
 1.7236E+3  
 1.7230E+3  
 1.7233E+3  
 1.7242E+3  
 1.7227E+3  
 1.7227E+3  
 1.7224E+3  
 1.7221E+3  
 1.7282E+3  
 1.7276E+3  
 1.7273E+3  
 1.7270E+3  
 1.7264E+3  
 1.7252E+3  
 1.7261E+3  
 1.7267E+3  
 1.7270E+3  
 1.7267E+3  
 1.7197E+3  
 1.7184E+3  
 1.7172E+3  
 1.7178E+3  
 1.7172E+3  
 1.7264E+3  
 1.7233E+3  
 1.7206E+3  
 1.7212E+3  
 1.7200E+3  
 1.7264E+3  
 1.7236E+3  
 1.7236E+3  
 1.7224E+3  
 1.7212E+3  
 1.7200E+3  
 1.7181E+3  
 1.7181E+3  
 1.7178E+3  
 1.7181E+3  
 1.7178E+3  
 1.7157E+3  
 1.7145E+3  
 1.7148E+3  
 1.7148E+3  
 1.7145E+3  
 1.7136E+3  
 1.7133E+3  
 1.7130E+3  
 1.7142E+3  
 1.7148E+3  
 1.7151E+3  
 1.7181E+3  
 1.7157E+3  
 1.7294E+3  
 1.7130E+3  
 1.7154E+3  
 1.7343E+3  
 1.7188E+3  
 1.7145E+3  
 1.7133E+3  
 1.7148E+3  
 1.7145E+3  
 1.7123E+3  
 1.7148E+3  
 1.7139E+3  
 1.7136E+3  
 1.7136E+3  
 1.7133E+3  
 1.7157E+3  
 1.7139E+3  
 1.7154E+3  
 1.7136E+3  
 1.7142E+3  
 1.7160E+3  
 1.7172E+3  
 1.7166E+3  
 1.7163E+3  
 1.7197E+3  
 1.7365E+3  
 1.7212E+3  
 1.7297E+3  
 1.7212E+3  
 1.7203E+3  
 1.7142E+3  
 1.7145E+3  
 1.7151E+3  
 1.7151E+3  
 1.7133E+3  
 1.7224E+3  
 1.7578E+3  
 1.7136E+3  
 1.7123E+3  
 1.7221E+3  
 1.7221E+3  
 1.7233E+3  
 1.7215E+3  
 1.7203E+3  
 1.7212E+3  
 1.7178E+3  
 1.7209E+3  
 1.7169E+3  
 1.7188E+3  
 1.7233E+3  
 1.7151E+3  
 1.7136E+3  
 1.7416E+3  
 1.7160E+3  
 1.7230E+3  
 1.7175E+3  
 1.7142E+3  
 1.7166E+3  
 1.7337E+3  
 1.7322E+3  
 1.7245E+3  
 1.7264E+3  
 1.7285E+3  
 1.7200E+3  
 1.7181E+3  
 1.7178E+3  
 1.7163E+3  
 1.7148E+3  
 1.7160E+3  
 1.7139E+3  
 1.7123E+3  
 1.7145E+3  
 1.7178E+3  
 1.7365E+3  
 1.7517E+3  
 1.7126E+3  
 1.7194E+3  
 1.7200E+3  
 1.7178E+3  
 1.7175E+3  
 1.7166E+3  
 1.7191E+3  
 1.7245E+3  
 1.7432E+3  
 1.7468E+3  
 1.7285E+3  
 1.7236E+3  
 1.7209E+3  
 1.7172E+3  
 1.7172E+3  
 1.7239E+3  
 1.7258E+3  
 1.7130E+3  
 1.7099E+3  
 1.7096E+3  
 1.7145E+3  
 1.7133E+3  
 1.7120E+3  
 1.7120E+3  
 1.7111E+3  
 1.7117E+3  
 1.7117E+3  
 1.7096E+3  
 1.7084E+3  
 1.7068E+3  
 1.7065E+3  
 1.7078E+3  
 1.7065E+3  
 1.7059E+3  
 1.7059E+3  
 1.7075E+3  
 1.7114E+3  
 1.7181E+3  
 1.7206E+3  
 1.7111E+3  
 1.7474E+3  
 1.7154E+3  
 1.7154E+3  
 1.7130E+3  
 1.7126E+3  
 1.7117E+3  
 1.7062E+3  
 1.7020E+3  
 1.7017E+3  
 1.7011E+3  
 1.7001E+3  
 1.6998E+3  
 1.6992E+3  
 1.6980E+3  
 1.6995E+3  
 1.6986E+3  
 1.6977E+3  
 1.6983E+3  
 1.6995E+3  
 1.6989E+3  
 1.6974E+3  
 1.6983E+3  
 1.7032E+3  
 1.6986E+3  
 1.6971E+3  
 1.6968E+3  
 1.6971E+3  
 1.6974E+3  
 1.6959E+3  
 1.6965E+3  
 1.6965E+3  
 1.6968E+3  
 1.6959E+3  
 1.6956E+3  
 1.6956E+3  
 1.6962E+3  
 1.6962E+3  
 1.6965E+3  
 1.6962E+3  
 1.6959E+3  
 1.6959E+3  
 1.6974E+3  
 1.6965E+3  
 1.6968E+3  
 1.6971E+3  
 1.6965E+3  
 1.6971E+3  
 1.6962E+3  
 1.6959E+3  
 1.6962E+3  
 1.6968E+3  
 1.6962E+3  
 1.6946E+3  
 1.6940E+3  
 1.6943E+3  
 1.6943E+3  
 1.6940E+3  
 1.6959E+3  
 1.6962E+3  
 1.6959E+3  
 1.6953E+3  
 1.6943E+3  
 1.6953E+3  
 1.6953E+3  
 1.6943E+3  
 1.6949E+3  
 1.6931E+3  
 1.6931E+3  
 1.7065E+3  
 1.6956E+3  
 1.6931E+3  
 1.6916E+3  
 1.6919E+3  
 1.6916E+3  
 1.6913E+3  
 1.6910E+3  
 1.6907E+3  
 1.6891E+3  
 1.6925E+3  
 1.6891E+3  
 1.6934E+3  
 1.6928E+3  
 1.6962E+3  
 1.6940E+3  
 1.6919E+3  
 1.6895E+3  
 1.6904E+3  
 1.6934E+3  
 1.6895E+3  
 1.6898E+3  
 1.6885E+3  
 1.6888E+3  
 1.6888E+3  
 1.6888E+3  
 1.6885E+3  
 1.6891E+3  
 1.6888E+3  
 1.6888E+3  
 1.6885E+3  
 1.6895E+3  
 1.6895E+3  
 1.6891E+3  
 1.6882E+3  
 1.6895E+3  
 1.6885E+3  
 1.6888E+3  
 1.6882E+3  
 1.6885E+3  
 1.6879E+3  
 1.6888E+3  
 1.6882E+3  
 1.6891E+3  
 1.6882E+3  
 1.6888E+3  
 1.6885E+3  
 1.6885E+3  
 1.6882E+3  
 1.6882E+3  
 1.6898E+3  
 1.6895E+3  
 1.6885E+3  
 1.6885E+3  
 1.6885E+3  
 1.6925E+3  
 1.7126E+3  
 1.6815E+3  
 1.6907E+3  
 1.6934E+3  
 1.6891E+3  
 1.7126E+3  
 1.6879E+3  
 1.6907E+3  
 1.6913E+3  
 1.6910E+3  
 1.6888E+3  
 1.6885E+3  
 1.6934E+3  
 1.6922E+3  
 1.6922E+3  
 1.6995E+3  
 1.6949E+3  
 1.6953E+3  
 1.6907E+3  
 1.6916E+3  
 1.7014E+3  
 1.6916E+3  
 1.6910E+3  
 1.6901E+3  
 1.6898E+3  
 1.6895E+3  
 1.6876E+3  
 1.6888E+3  
 1.6885E+3  
 1.6870E+3  
 1.6867E+3  
 1.6867E+3  
 1.6861E+3  
 1.6867E+3  
 1.6861E+3  
 1.6867E+3  
 1.6861E+3  
 1.6846E+3  
 1.6852E+3  
 1.6888E+3  
 1.6861E+3  
 1.6852E+3  
 1.6855E+3  
 1.6852E+3  
 1.6840E+3  
 1.6843E+3  
 1.6870E+3  
 1.6846E+3  
 1.6840E+3  
 1.6837E+3  
 1.6834E+3  
 1.6843E+3  
 1.6834E+3  
 1.6834E+3  
 1.6830E+3  
 1.6821E+3  
 1.6830E+3  
 1.6837E+3  
 1.6827E+3  
 1.6837E+3  
 1.6827E+3  
 1.6830E+3  
 1.6827E+3  
 1.6827E+3  
 1.6827E+3  
 1.6830E+3  
 1.6827E+3  
 1.6827E+3  
 1.6827E+3  
 1.6824E+3  
 1.6827E+3  
 1.6830E+3  
 1.6821E+3  
 1.6824E+3  
 1.6824E+3  
 1.6821E+3  
 1.6834E+3  
 1.6827E+3  
 1.6824E+3  
 1.6830E+3  
 1.6830E+3  
 1.6824E+3  
 1.6824E+3  
 1.6834E+3  
 1.6830E+3  
 1.6824E+3  
 1.6830E+3  
 1.6837E+3  
 1.6824E+3  
 1.6821E+3  
 1.6818E+3  
 1.6830E+3  
 1.6824E+3  
 1.6827E+3  
 1.6830E+3  
 1.6830E+3  
 1.6824E+3  
 1.6818E+3  
 1.6824E+3  
 1.6824E+3  
 1.6827E+3  
 1.6824E+3  
 1.6821E+3  
 1.6818E+3  
 1.6821E+3  
 1.6830E+3  
 1.6824E+3  
 1.6815E+3  
 1.6818E+3  
 1.6818E+3  
 1.6818E+3  
 1.6818E+3  
 1.6824E+3  
 1.6830E+3  
 1.6818E+3  
 1.6812E+3  
 1.6812E+3  
 1.6818E+3  
 1.6806E+3  
 1.6818E+3  
 1.6815E+3  
 1.6809E+3  
 1.6815E+3  
 1.6803E+3  
 1.6803E+3  
 1.6809E+3  
 1.6797E+3  
 1.6809E+3  
 1.6797E+3  
 1.6791E+3  
 1.6785E+3  
 1.6785E+3  
 1.6791E+3  
 1.6791E+3  
 1.6779E+3  
 1.6776E+3  
 1.6779E+3  
 1.6776E+3  
 1.6779E+3  
 1.6772E+3  
 1.6766E+3  
 1.6772E+3  
 1.6772E+3  
 1.6760E+3  
 1.6760E+3  
 1.6751E+3  
 1.6748E+3  
 1.6748E+3  
 1.6742E+3  
 1.6739E+3  
 1.6727E+3  
 1.6730E+3  
 1.6727E+3  
 1.6724E+3  
 1.6721E+3  
 1.6724E+3  
 1.6727E+3  
 1.6724E+3  
 1.6724E+3  
 1.6730E+3  
 1.6724E+3  
 1.6730E+3  
 1.6727E+3  
 1.6724E+3  
 1.6724E+3  
 1.6721E+3  
 1.6733E+3  
 1.6730E+3  
 1.6727E+3  
 1.6724E+3  
 1.6721E+3  
 1.6721E+3  
 1.6724E+3  
 1.6727E+3  
 1.6721E+3  
 1.6721E+3  
 1.6727E+3  
 1.6724E+3  
 1.6724E+3  
 1.6718E+3  
 1.6718E+3  
 1.6721E+3  
 1.6721E+3  
 1.6727E+3  
 1.6733E+3  
 1.6730E+3  
 1.6730E+3  
 1.6724E+3  
 1.6727E+3  
 1.6718E+3  
 1.6721E+3  
 1.6730E+3  
 1.6733E+3  
 1.6727E+3  
 1.6724E+3  
 1.6724E+3  
 1.6733E+3  
 1.6727E+3  
 1.6727E+3  
 1.6718E+3  
 1.6721E+3  
 1.6718E+3  
 1.6714E+3  
 1.6718E+3  
 1.6714E+3  
 1.6702E+3  
 1.6705E+3  
 1.6696E+3  
 1.6705E+3  
 1.6687E+3  
 1.6693E+3  
 1.6666E+3  
 1.6678E+3  
 1.6672E+3  
 1.6675E+3  
 1.6666E+3  
 1.6669E+3  
 1.6666E+3  
 1.6663E+3  
 1.6669E+3  
 1.6650E+3  
 1.6650E+3  
 1.6647E+3  
 1.6650E+3  
 1.6653E+3  
 1.6653E+3  
 1.6660E+3  
 1.6650E+3  
 1.6644E+3  
 1.6641E+3  
 1.6635E+3  
 1.6562E+3  
 1.6592E+3  
 1.6626E+3  
 1.6626E+3  
 1.6626E+3  
 1.6571E+3  
 1.6586E+3  
 1.6626E+3  
 1.6629E+3  
 1.6623E+3  
 1.6638E+3  
 1.6638E+3  
 1.6620E+3  
 1.6632E+3  
 1.6623E+3  
 1.6644E+3  
 1.6644E+3  
 1.6638E+3  
 1.6635E+3  
 1.6638E+3  
 1.6635E+3  
 1.6641E+3  
 1.6635E+3  
 1.6629E+3  
 1.6632E+3  
 1.6629E+3  
 1.6638E+3  
 1.6617E+3  
 1.6638E+3  
 1.6638E+3  
 1.6629E+3  
 1.6620E+3  
 1.6632E+3  
 1.6589E+3  
 1.6602E+3  
 1.6589E+3  
 1.6577E+3  
 1.6629E+3  
 1.6629E+3  
 1.6632E+3  
 1.6632E+3  
 1.6626E+3  
 1.6623E+3  
 1.6626E+3  
 1.6629E+3  
 1.6623E+3  
 1.6617E+3  
 1.6617E+3  
 1.6617E+3  
 1.6620E+3  
 1.6608E+3  
 1.6605E+3  
 1.6617E+3  
 1.6617E+3  
 1.6605E+3  
 1.6580E+3  
 1.6571E+3  
 1.6556E+3  
 1.6580E+3  
 1.6583E+3  
 1.6589E+3  
 1.6586E+3  
 1.6586E+3  
 1.6602E+3  
 1.6595E+3  
 1.6599E+3  
 1.6602E+3  
 1.6602E+3  
 1.6592E+3  
 1.6583E+3  
 1.6577E+3  
 1.6580E+3  
 1.6583E+3  
 1.6583E+3  
 1.6589E+3  
 1.6589E+3  
 1.6586E+3  
 1.6592E+3  
 1.6592E+3  
 1.6595E+3  
 1.6595E+3  
 1.6595E+3  
 1.6586E+3  
 1.6595E+3  
 1.6580E+3  
 1.6574E+3  
 1.6571E+3  
 1.6571E+3  
 1.6571E+3  
 1.6565E+3  
 1.6565E+3  
 1.6541E+3  
 1.6550E+3  
 1.6541E+3  
 1.6537E+3  
 1.6556E+3  
 1.6537E+3  
 1.6534E+3  
 1.6541E+3  
 1.6547E+3  
 1.6553E+3  
 1.6550E+3  
 1.6559E+3  
 1.6562E+3  
 1.6351E+3  
 1.6400E+3  
 1.6541E+3  
 1.6547E+3  
 1.6425E+3  
 1.6534E+3  
 1.6486E+3  
 1.6476E+3  
 1.6434E+3  
 1.6425E+3  
 1.6422E+3  
 1.6446E+3  
 1.6144E+3  
 1.6422E+3  
 1.6458E+3  
 1.6464E+3  
 1.6486E+3  
 1.6519E+3  
 1.6531E+3  
 1.6525E+3  
 1.6537E+3  
 1.6531E+3  
 1.6537E+3  
 1.6531E+3  
 1.6531E+3  
 1.6534E+3  
 1.6531E+3  
 1.6528E+3  
 1.6531E+3  
 1.6534E+3  
 1.6525E+3  
 1.6467E+3  
 1.6473E+3  
 1.6171E+3  
 1.6495E+3  
 1.6516E+3  
 1.6528E+3  
 1.6528E+3  
 1.6528E+3  
 1.6522E+3  
 1.6522E+3  
 1.6513E+3  
 1.6501E+3  
 1.6516E+3  
 1.6522E+3  
 1.6525E+3  
 1.6519E+3  
 1.6525E+3  
 1.6519E+3  
 1.6528E+3  
 1.6519E+3  
 1.6513E+3  
 1.6528E+3  
 1.6537E+3  
 1.6516E+3  
 1.6510E+3  
 1.6537E+3  
 1.6528E+3  
 1.6531E+3  
 1.6513E+3  
 1.6467E+3  
 1.6519E+3  
 1.6483E+3  
 1.6422E+3  
 1.6412E+3  
 1.6418E+3  
 1.6425E+3  
 1.6412E+3  
 1.6428E+3  
 1.6428E+3  
 1.6425E+3  
 1.6425E+3  
 1.6418E+3  
 1.6415E+3  
 1.6422E+3  
 1.6418E+3  
 1.6409E+3  
 1.6409E+3  
 1.6412E+3  
 1.6415E+3  
 1.6403E+3  
 1.6406E+3  
 1.6412E+3  
 1.6400E+3  
 1.6403E+3  
 1.6409E+3  
 1.6409E+3  
 1.6400E+3  
 1.6403E+3  
 1.6403E+3  
 1.6397E+3  
 1.6394E+3  
 1.6403E+3  
 1.6397E+3  
 1.6403E+3  
 1.6406E+3  
 1.6409E+3  
 1.6403E+3  
 1.6406E+3  
 1.6394E+3  
 1.6400E+3  
 1.6406E+3  
 1.6406E+3  
 1.6409E+3  
 1.6409E+3  
 1.6409E+3  
 1.6418E+3  
 1.6415E+3  
 1.6412E+3  
 1.6412E+3  
 1.6409E+3  
 1.6409E+3  
 1.6412E+3  
 1.6418E+3  
 1.6418E+3  
 1.6409E+3  
 1.6418E+3  
 1.6412E+3  
 1.6422E+3  
 1.6431E+3  
 1.6449E+3  
 1.6443E+3  
 1.6452E+3  
 1.6455E+3  
 1.6443E+3  
 1.6437E+3  
 1.6434E+3  
 1.6434E+3  
 1.6434E+3  
 1.6422E+3  
 1.6412E+3  
 1.6418E+3  
 1.6428E+3  
 1.6428E+3  
 1.6425E+3  
 1.6425E+3  
 1.6418E+3  
 1.6418E+3  
 1.6415E+3  
 1.6412E+3  
 1.6415E+3  
 1.6412E+3  
 1.6412E+3  
 1.6409E+3  
 1.6406E+3  
 1.6409E+3  
 1.6415E+3  
 1.6409E+3  
 1.6403E+3  
 1.6406E+3  
 1.6394E+3  
 1.6397E+3  
 1.6391E+3  
 1.6394E+3  
 1.6394E+3  
 1.6382E+3  
 1.6382E+3  
 1.6382E+3  
 1.6370E+3  
 1.6367E+3  
 1.6360E+3  
 1.6357E+3  
 1.6354E+3  
 1.6364E+3  
 1.6348E+3  
 1.6348E+3  
 1.6348E+3  
 1.6354E+3  
 1.6354E+3  
 1.6354E+3  
 1.6348E+3  
 1.6351E+3  
 1.6351E+3  
 1.6351E+3  
 1.6348E+3  
 1.6351E+3  
 1.6348E+3  
 1.6342E+3  
 1.6351E+3  
 1.6342E+3  
 1.6348E+3  
 1.6339E+3  
 1.6339E+3  
 1.6339E+3  
 1.6342E+3  
 1.6333E+3  
 1.6324E+3  
 1.6330E+3  
 1.6324E+3  
 1.6321E+3  
 1.6324E+3  
 1.6321E+3  
 1.6315E+3  
 1.6312E+3  
 1.6318E+3  
 1.6312E+3  
 1.6318E+3  
 1.6312E+3  
 1.6306E+3  
 1.6299E+3  
 1.6278E+3  
 1.6290E+3  
 1.6278E+3  
 1.6293E+3  
 1.6293E+3  
 1.6296E+3  
 1.6299E+3  
 1.6309E+3  
 1.6299E+3  
 1.6296E+3  
 1.6290E+3  
 1.6290E+3  
 1.6287E+3  
 1.6290E+3  
 1.6296E+3  
 1.6290E+3  
 1.6278E+3  
 1.6284E+3  
 1.6284E+3  
 1.6272E+3  
 1.6266E+3  
 1.6263E+3  
 1.6284E+3  
 1.6278E+3  
 1.6272E+3  
 1.6275E+3  
 1.6263E+3  
 1.6266E+3  
 1.6269E+3  
 1.6269E+3  
 1.6254E+3  
 1.6251E+3  
 1.6257E+3  
 1.6251E+3  
 1.6238E+3  
 1.6251E+3  
 1.6248E+3  
 1.6245E+3  
 1.6232E+3  
 1.6241E+3  
 1.6235E+3  
 1.6238E+3  
 1.6235E+3  
 1.6223E+3  
 1.6229E+3  
 1.6223E+3  
 1.6223E+3  
 1.6214E+3  
 1.6214E+3  
 1.6217E+3  
 1.6223E+3  
 1.6208E+3  
 1.6205E+3  
 1.6211E+3  
 1.6211E+3  
 1.6208E+3  
 1.6214E+3  
 1.6211E+3  
 1.6211E+3  
 1.6211E+3  
 1.6211E+3  
 1.6211E+3  
 1.6217E+3  
 1.6217E+3  
 1.6211E+3  
 1.6223E+3  
 1.6217E+3  
 1.6223E+3  
 1.6220E+3  
 1.6220E+3  
 1.6220E+3  
 1.6220E+3  
 1.6223E+3  
 1.6220E+3  
 1.6217E+3  
 1.6217E+3  
 1.6223E+3  
 1.6220E+3  
 1.6220E+3  
 1.6229E+3  
 1.6223E+3  
 1.6223E+3  
 1.6232E+3  
 1.6223E+3  
 1.6220E+3  
 1.6226E+3  
 1.6226E+3  
 1.6229E+3  
 1.6229E+3  
 1.6226E+3  
 1.6232E+3  
 1.6226E+3  
 1.6211E+3  
 1.6223E+3  
 1.6220E+3  
 1.6226E+3  
 1.6220E+3  
 1.6226E+3  
 1.6229E+3  
 1.6208E+3  
 1.6217E+3  
 1.6211E+3  
 1.6211E+3  
 1.6208E+3  
 1.6205E+3  
 1.6202E+3  
 1.6211E+3  
 1.6199E+3  
 1.6196E+3  
 1.6193E+3  
 1.6202E+3  
 1.6202E+3  
 1.6196E+3  
 1.6187E+3  
 1.6187E+3  
 1.6171E+3  
 1.6174E+3  
 1.6174E+3  
 1.6162E+3  
 1.6159E+3  
 1.6150E+3  
 1.6150E+3  
 1.6132E+3  
 1.6132E+3  
 1.6122E+3  
 1.6122E+3  
 1.6125E+3  
 1.6061E+3  
 1.6071E+3  
 1.6074E+3  
 1.6074E+3  
 1.6074E+3  
 1.6080E+3  
 1.6083E+3  
 1.6086E+3  
 1.6083E+3  
 1.6086E+3  
 1.6086E+3  
 1.6083E+3  
 1.6092E+3  
 1.6086E+3  
 1.6095E+3  
 1.6092E+3  
 1.6095E+3  
 1.6089E+3  
 1.6086E+3  
 1.6089E+3  
 1.6092E+3  
 1.6101E+3  
 1.6101E+3  
 1.6095E+3  
 1.6104E+3  
 1.6104E+3  
 1.6107E+3  
 1.6098E+3  
 1.6113E+3  
 1.6116E+3  
 1.6122E+3  
 1.6132E+3  
 1.6135E+3  
 1.6132E+3  
 1.6138E+3  
 1.6150E+3  
 1.6144E+3  
 1.6150E+3  
 1.6153E+3  
 1.6156E+3  
 1.6147E+3  
 1.6150E+3  
 1.6159E+3  
 1.6159E+3  
 1.6156E+3  
 1.6153E+3  
 1.6153E+3  
 1.6156E+3  
 1.6153E+3  
 1.6156E+3  
 1.6147E+3  
 1.6159E+3  
 1.6162E+3  
 1.6153E+3  
 1.6147E+3  
 1.6138E+3  
 1.6141E+3  
 1.6141E+3  
 1.6129E+3  
 1.6125E+3  
 1.6116E+3  
 1.6119E+3  
 1.6116E+3  
 1.6104E+3  
 1.6107E+3  
 1.6104E+3  
 1.6110E+3  
 1.6104E+3  
 1.6095E+3  
 1.6095E+3  
 1.6101E+3  
 1.6092E+3  
 1.6095E+3  
 1.6080E+3  
 1.6086E+3  
 1.6080E+3  
 1.6077E+3  
 1.6071E+3  
 1.6074E+3  
 1.6068E+3  
 1.6064E+3  
 1.6071E+3  
 1.6061E+3  
 1.6055E+3  
 1.6064E+3  
 1.6064E+3  
 1.6058E+3  
 1.6052E+3  
 1.6046E+3  
 1.6040E+3  
 1.6040E+3  
 1.6037E+3  
 1.6028E+3  
 1.6028E+3  
 1.6025E+3  
 1.6031E+3  
 1.6022E+3  
 1.6013E+3  
 1.6016E+3  
 1.6013E+3  
 1.6016E+3  
 1.6013E+3  
 1.6013E+3  
 1.6016E+3  
 1.6010E+3  
 1.6010E+3  
 1.6019E+3  
 1.6013E+3  
 1.6016E+3  
 1.6010E+3  
 1.6016E+3  
 1.6006E+3  
 1.6022E+3  
 1.6006E+3  
 1.6019E+3  
 1.6013E+3  
 1.6006E+3  
 1.6019E+3  
 1.6010E+3  
 1.6016E+3  
 1.6006E+3  
 1.6006E+3  
 1.6013E+3  
 1.6013E+3  
 1.6016E+3  
 1.6016E+3  
 1.6016E+3  
 1.6025E+3  
 1.6010E+3  
 1.6016E+3  
 1.6013E+3  
 1.6019E+3  
 1.6013E+3  
 1.6013E+3  
 1.6022E+3  
 1.6019E+3  
 1.6028E+3  
 1.6025E+3  
 1.6025E+3  
 1.6019E+3  
 1.6022E+3  
 1.6031E+3  
 1.6022E+3  
 1.6022E+3  
 1.6013E+3  
 1.6010E+3  
 1.6019E+3  
 1.6016E+3  
 1.6010E+3  
 1.6013E+3  
 1.6010E+3  
 1.6010E+3  
 1.6010E+3  
 1.6013E+3  
 1.6006E+3  
 1.6006E+3  
 1.6006E+3  
 1.6010E+3  
 1.6000E+3  
 1.5994E+3  
 1.5991E+3  
 1.5982E+3  
 1.5973E+3  
 1.5961E+3  
 1.5970E+3  
 1.5970E+3  
 1.5948E+3  
 1.5952E+3  
 1.5952E+3  
 1.5952E+3  
 1.5952E+3  
 1.5952E+3  
 1.5952E+3  
 1.5945E+3  
 1.5948E+3  
 1.5961E+3  
 1.5948E+3  
 1.5945E+3  
 1.5942E+3  
 1.5945E+3  
 1.5948E+3  
 1.5948E+3  
 1.5939E+3  
 1.5939E+3  
 1.5939E+3  
 1.5936E+3  
 1.5927E+3  
 1.5921E+3  
 1.5924E+3  
 1.5927E+3  
 1.5918E+3  
 1.5918E+3  
 1.5921E+3  
 1.5918E+3  
 1.5918E+3  
 1.5918E+3  
 1.5912E+3  
 1.5915E+3  
 1.5912E+3  
 1.5912E+3  
 1.5912E+3  
 1.5915E+3  
 1.5912E+3  
 1.5918E+3  
 1.5918E+3  
 1.5915E+3  
 1.5921E+3  
 1.5915E+3  
 1.5921E+3  
 1.5921E+3  
 1.5921E+3  
 1.5921E+3  
 1.5915E+3  
 1.5918E+3  
 1.5918E+3  
 1.5918E+3  
 1.5921E+3  
 1.5915E+3  
 1.5921E+3  
 1.5924E+3  
 1.5924E+3  
 1.5915E+3  
 1.5924E+3  
 1.5921E+3  
 1.5924E+3  
 1.5918E+3  
 1.5921E+3  
 1.5915E+3  
 1.5903E+3  
 1.5909E+3  
 1.5897E+3  
 1.5897E+3  
 1.5881E+3  
 1.5881E+3  
 1.5881E+3  
 1.5881E+3  
 1.5884E+3  
 1.5875E+3  
 1.5866E+3  
 1.5860E+3  
 1.5851E+3  
 1.5857E+3  
 1.5857E+3  
 1.5857E+3  
 1.5854E+3  
 1.5842E+3  
 1.5857E+3  
 1.5848E+3  
 1.5851E+3  
 1.5833E+3  
 1.5833E+3  
 1.5833E+3  
 1.5833E+3  
 1.5836E+3  
 1.5836E+3  
 1.5836E+3  
 1.5839E+3  
 1.5833E+3  
 1.5836E+3  
 1.5839E+3  
 1.5836E+3  
 1.5836E+3  
 1.5833E+3  
 1.5839E+3  
 1.5839E+3  
 1.5839E+3  
 1.5839E+3  
 1.5829E+3  
 1.5826E+3  
 1.5826E+3  
 1.5820E+3  
 1.5820E+3  
 1.5823E+3  
 1.5823E+3  
 1.5823E+3  
 1.5823E+3  
 1.5826E+3  
 1.5820E+3  
 1.5826E+3  
 1.5820E+3  
 1.5826E+3  
 1.5833E+3  
 1.5820E+3  
 1.5826E+3  
 1.5833E+3  
 1.5826E+3  
 1.5823E+3  
 1.5829E+3  
 1.5829E+3  
 1.5829E+3  
 1.5823E+3  
 1.5826E+3  
 1.5829E+3  
 1.5833E+3  
 1.5829E+3  
 1.5820E+3  
 1.5826E+3  
 1.5826E+3  
 1.5826E+3  
 1.5829E+3  
 1.5836E+3  
 1.5833E+3  
 1.5826E+3  
 1.5826E+3  
 1.5826E+3  
 1.5829E+3  
 1.5829E+3  
 1.5836E+3  
 1.5839E+3  
 1.5829E+3  
 1.5826E+3  
 1.5829E+3  
 1.5829E+3  
 1.5833E+3  
 1.5833E+3  
 1.5842E+3  
 1.5839E+3  
 1.5839E+3  
 1.5839E+3  
 1.5845E+3  
 1.5836E+3  
 1.5842E+3  
 1.5839E+3  
 1.5845E+3  
 1.5836E+3  
 1.5857E+3  
 1.5848E+3  
 1.5845E+3  
 1.5851E+3  
 1.5842E+3  
 1.5851E+3  
 1.5854E+3  
 1.5848E+3  
 1.5842E+3  
 1.5851E+3  
 1.5839E+3  
 1.5845E+3  
 1.5839E+3  
 1.5842E+3  
 1.5839E+3  
 1.5842E+3  
 1.5845E+3  
 1.5845E+3  
 1.5854E+3  
 1.5839E+3  
 1.5839E+3  
 1.5842E+3  
 1.5839E+3  
 1.5842E+3  
 1.5829E+3  
 1.5842E+3  
 1.5842E+3  
 1.5845E+3  
 1.5848E+3  
 1.5848E+3  
 1.5845E+3  
 1.5854E+3  
 1.5836E+3  
 1.5848E+3  
 1.5845E+3  
 1.5839E+3  
 1.5845E+3  
 1.5836E+3  
 1.5854E+3  
 1.5845E+3  
 1.5848E+3  
 1.5842E+3  
 1.5851E+3  
 1.5848E+3  
 1.5921E+3  
 1.5857E+3  
 1.5842E+3  
 1.5842E+3  
 1.5842E+3  
 1.5842E+3  
 1.5842E+3  
 1.5857E+3  
 1.5863E+3  
 1.5887E+3  
 1.5881E+3  
 1.5869E+3  
 1.5872E+3  
 1.5875E+3  
 1.5863E+3  
 1.5872E+3  
 1.5869E+3  
 1.5866E+3  
 1.5866E+3  
 1.5863E+3  
 1.5857E+3  
 1.5857E+3  
 1.5863E+3  
 1.5863E+3  
 1.5860E+3  
 1.5857E+3  
 1.5854E+3  
 1.5860E+3  
 1.5863E+3  
 1.5860E+3  
 1.5863E+3  
 1.5857E+3  
 1.5857E+3  
 1.5863E+3  
 1.5866E+3  
 1.5869E+3  
 1.5866E+3  
 1.5866E+3  
 1.5869E+3  
 1.5872E+3  
 1.5866E+3  
 1.5869E+3  
 1.5869E+3  
 1.5863E+3  
 1.5872E+3  
 1.5866E+3  
 1.5866E+3  
 1.5860E+3  
 1.5875E+3  
 1.5866E+3  
 1.5869E+3  
 1.5875E+3  
 1.5866E+3  
 1.5872E+3  
 1.5869E+3  
 1.5872E+3  
 1.5869E+3  
 1.5872E+3  
 1.5875E+3  
 1.5878E+3  
 1.5878E+3  
 1.5869E+3  
 1.5878E+3  
 1.5872E+3  
 1.5866E+3  
 1.5872E+3  
 1.5875E+3  
 1.5875E+3  
 1.5872E+3  
 1.5872E+3  
 1.5872E+3  
