 1.7572E+3  
 1.7575E+3  
 1.7578E+3  
 1.7581E+3  
 1.7578E+3  
 1.7578E+3  
 1.7581E+3  
 1.7575E+3  
 1.7575E+3  
 1.7581E+3  
 1.7578E+3  
 1.7581E+3  
 1.7575E+3  
 1.7578E+3  
 1.7578E+3  
 1.7581E+3  
 1.7581E+3  
 1.7572E+3  
 1.7575E+3  
 1.7572E+3  
 1.7584E+3  
 1.7581E+3  
 1.7581E+3  
 1.7587E+3  
 1.7578E+3  
 1.7578E+3  
 1.7590E+3  
 1.7584E+3  
 1.7590E+3  
 1.7590E+3  
 1.7596E+3  
 1.7581E+3  
 1.7593E+3  
 1.7596E+3  
 1.7590E+3  
 1.7596E+3  
 1.7599E+3  
 1.7596E+3  
 1.7603E+3  
 1.7603E+3  
 1.7606E+3  
 1.7615E+3  
 1.7603E+3  
 1.7606E+3  
 1.7615E+3  
 1.7615E+3  
 1.7612E+3  
 1.7618E+3  
 1.7612E+3  
 1.7612E+3  
 1.7609E+3  
 1.7618E+3  
 1.7621E+3  
 1.7618E+3  
 1.7615E+3  
 1.7618E+3  
 1.7615E+3  
 1.7618E+3  
 1.7618E+3  
 1.7624E+3  
 1.7621E+3  
 1.7624E+3  
 1.7624E+3  
 1.7621E+3  
 1.7630E+3  
 1.7627E+3  
 1.7627E+3  
 1.7627E+3  
 1.7630E+3  
 1.7624E+3  
 1.7630E+3  
 1.7630E+3  
 1.7627E+3  
 1.7633E+3  
 1.7636E+3  
 1.7627E+3  
 1.7639E+3  
 1.7636E+3  
 1.7639E+3  
 1.7642E+3  
 1.7639E+3  
 1.7633E+3  
 1.7636E+3  
 1.7636E+3  
 1.7636E+3  
 1.7642E+3  
 1.7639E+3  
 1.7651E+3  
 1.7633E+3  
 1.7636E+3  
 1.7642E+3  
 1.7639E+3  
 1.7639E+3  
 1.7639E+3  
 1.7642E+3  
 1.7639E+3  
 1.7642E+3  
 1.7642E+3  
 1.7645E+3  
 1.7645E+3  
 1.7642E+3  
 1.7639E+3  
 1.7642E+3  
 1.7639E+3  
 1.7642E+3  
 1.7651E+3  
 1.7648E+3  
 1.7654E+3  
 1.7645E+3  
 1.7654E+3  
 1.7679E+3  
 1.7664E+3  
 1.7648E+3  
 1.7642E+3  
 1.7642E+3  
 1.7642E+3  
 1.7648E+3  
 1.7639E+3  
 1.7651E+3  
 1.7642E+3  
 1.7642E+3  
 1.7645E+3  
 1.7633E+3  
 1.7651E+3  
 1.7654E+3  
 1.7657E+3  
 1.7661E+3  
 1.7657E+3  
 1.7661E+3  
 1.7664E+3  
 1.7667E+3  
 1.7661E+3  
 1.7667E+3  
 1.7664E+3  
 1.7667E+3  
 1.7670E+3  
 1.7676E+3  
 1.7679E+3  
 1.7673E+3  
 1.7670E+3  
 1.7670E+3  
 1.7667E+3  
 1.7673E+3  
 1.7670E+3  
 1.7673E+3  
 1.7667E+3  
 1.7676E+3  
 1.7670E+3  
 1.7673E+3  
 1.7670E+3  
 1.7691E+3  
 1.7679E+3  
 1.7688E+3  
 1.7694E+3  
 1.7694E+3  
 1.7700E+3  
 1.7703E+3  
 1.7694E+3  
 1.7706E+3  
 1.7703E+3  
 1.7697E+3  
 1.7697E+3  
 1.7697E+3  
 1.7703E+3  
 1.7703E+3  
 1.7700E+3  
 1.7697E+3  
 1.7703E+3  
 1.7706E+3  
 1.7700E+3  
 1.7700E+3  
 1.7697E+3  
 1.7691E+3  
 1.7700E+3  
 1.7697E+3  
 1.7697E+3  
 1.7691E+3  
 1.7688E+3  
 1.7688E+3  
 1.7676E+3  
 1.7688E+3  
 1.7694E+3  
 1.7700E+3  
 1.7694E+3  
 1.7685E+3  
 1.7673E+3  
 1.7676E+3  
 1.7679E+3  
 1.7676E+3  
 1.7682E+3  
 1.7688E+3  
 1.7657E+3  
 1.7664E+3  
 1.7694E+3  
 1.7697E+3  
 1.7700E+3  
 1.7697E+3  
 1.7694E+3  
 1.7697E+3  
 1.7694E+3  
 1.7688E+3  
 1.7697E+3  
 1.7697E+3  
 1.7700E+3  
 1.7688E+3  
 1.7703E+3  
 1.7694E+3  
 1.7697E+3  
 1.7691E+3  
 1.7694E+3  
 1.7697E+3  
 1.7700E+3  
 1.7688E+3  
 1.7691E+3  
 1.7691E+3  
 1.7688E+3  
 1.7691E+3  
 1.7697E+3  
 1.7694E+3  
 1.7691E+3  
 1.7697E+3  
 1.7691E+3  
 1.7700E+3  
 1.7697E+3  
 1.7694E+3  
 1.7691E+3  
 1.7694E+3  
 1.7697E+3  
 1.7688E+3  
 1.7703E+3  
 1.7700E+3  
 1.7697E+3  
 1.7700E+3  
 1.7703E+3  
 1.7694E+3  
 1.7700E+3  
 1.7688E+3  
 1.7694E+3  
 1.7694E+3  
 1.7703E+3  
 1.7694E+3  
 1.7694E+3  
 1.7703E+3  
 1.7700E+3  
 1.7694E+3  
 1.7700E+3  
 1.7700E+3  
 1.7700E+3  
 1.7694E+3  
 1.7703E+3  
 1.7694E+3  
 1.7694E+3  
 1.7697E+3  
 1.7691E+3  
 1.7703E+3  
 1.7706E+3  
 1.7706E+3  
 1.7700E+3  
 1.7700E+3  
 1.7703E+3  
 1.7697E+3  
 1.7703E+3  
 1.7703E+3  
 1.7706E+3  
 1.7697E+3  
 1.7703E+3  
 1.7703E+3  
 1.7700E+3  
 1.7706E+3  
 1.7706E+3  
 1.7706E+3  
 1.7697E+3  
 1.7703E+3  
 1.7703E+3  
 1.7700E+3  
 1.7709E+3  
 1.7703E+3  
 1.7709E+3  
 1.7706E+3  
 1.7697E+3  
 1.7700E+3  
 1.7697E+3  
 1.7706E+3  
 1.7703E+3  
 1.7697E+3  
 1.7700E+3  
 1.7703E+3  
 1.7709E+3  
 1.7694E+3  
 1.7709E+3  
 1.7703E+3  
 1.7709E+3  
 1.7700E+3  
 1.7706E+3  
 1.7706E+3  
 1.7703E+3  
 1.7709E+3  
 1.7697E+3  
 1.7706E+3  
 1.7700E+3  
 1.7694E+3  
 1.7703E+3  
 1.7703E+3  
 1.7697E+3  
 1.7703E+3  
 1.7703E+3  
 1.7703E+3  
 1.7706E+3  
 1.7700E+3  
 1.7703E+3  
 1.7700E+3  
 1.7703E+3  
 1.7709E+3  
 1.7700E+3  
 1.7700E+3  
 1.7703E+3  
 1.7706E+3  
 1.7703E+3  
 1.7700E+3  
 1.7700E+3  
 1.7706E+3  
 1.7700E+3  
 1.7697E+3  
 1.7700E+3  
 1.7700E+3  
 1.7697E+3  
 1.7700E+3  
 1.7700E+3  
 1.7709E+3  
 1.7709E+3  
 1.7709E+3  
 1.7712E+3  
 1.7706E+3  
 1.7706E+3  
 1.7709E+3  
 1.7700E+3  
 1.7703E+3  
 1.7706E+3  
 1.7709E+3  
 1.7709E+3  
 1.7709E+3  
 1.7703E+3  
 1.7700E+3  
 1.7700E+3  
 1.7703E+3  
 1.7706E+3  
 1.7709E+3  
 1.7700E+3  
 1.7700E+3  
 1.7703E+3  
 1.7703E+3  
 1.7706E+3  
 1.7706E+3  
 1.7700E+3  
 1.7703E+3  
 1.7700E+3  
 1.7712E+3  
 1.7706E+3  
 1.7700E+3  
 1.7712E+3  
 1.7700E+3  
 1.7703E+3  
 1.7700E+3  
 1.7703E+3  
 1.7703E+3  
 1.7706E+3  
 1.7703E+3  
 1.7709E+3  
 1.7703E+3  
 1.7700E+3  
 1.7706E+3  
 1.7703E+3  
 1.7703E+3  
 1.7706E+3  
 1.7703E+3  
 1.7709E+3  
 1.7703E+3  
 1.7703E+3  
 1.7703E+3  
 1.7706E+3  
 1.7712E+3  
 1.7703E+3  
 1.7700E+3  
 1.7709E+3  
 1.7703E+3  
 1.7706E+3  
 1.7703E+3  
 1.7700E+3  
 1.7703E+3  
 1.7703E+3  
 1.7706E+3  
 1.7709E+3  
 1.7703E+3  
 1.7706E+3  
 1.7709E+3  
 1.7697E+3  
 1.7700E+3  
 1.7700E+3  
 1.7703E+3  
 1.7703E+3  
 1.7709E+3  
 1.7706E+3  
 1.7703E+3  
 1.7706E+3  
 1.7700E+3  
 1.7706E+3  
 1.7706E+3  
 1.7706E+3  
 1.7712E+3  
 1.7706E+3  
 1.7703E+3  
 1.7703E+3  
 1.7700E+3  
 1.7712E+3  
 1.7706E+3  
 1.7700E+3  
 1.7706E+3  
 1.7712E+3  
 1.7706E+3  
 1.7712E+3  
 1.7706E+3  
 1.7706E+3  
 1.7703E+3  
 1.7706E+3  
 1.7703E+3  
 1.7712E+3  
 1.7700E+3  
 1.7712E+3  
 1.7709E+3  
 1.7709E+3  
 1.7715E+3  
 1.7709E+3  
 1.7703E+3  
 1.7709E+3  
 1.7709E+3  
 1.7703E+3  
 1.7709E+3  
 1.7706E+3  
 1.7712E+3  
 1.7722E+3  
 1.7722E+3  
 1.7725E+3  
 1.7722E+3  
 1.7722E+3  
 1.7715E+3  
 1.7719E+3  
 1.7715E+3  
 1.7715E+3  
 1.7715E+3  
 1.7712E+3  
 1.7725E+3  
 1.7719E+3  
 1.7715E+3  
 1.7722E+3  
 1.7715E+3  
 1.7725E+3  
 1.7728E+3  
 1.7728E+3  
 1.7725E+3  
 1.7737E+3  
 1.7737E+3  
 1.7734E+3  
 1.7731E+3  
 1.7737E+3  
 1.7734E+3  
 1.7737E+3  
 1.7728E+3  
 1.7734E+3  
 1.7731E+3  
 1.7734E+3  
 1.7731E+3  
 1.7731E+3  
 1.7743E+3  
 1.7740E+3  
 1.7731E+3  
 1.7737E+3  
 1.7725E+3  
 1.7728E+3  
 1.7731E+3  
 1.7737E+3  
 1.7737E+3  
 1.7731E+3  
 1.7740E+3  
 1.7728E+3  
 1.7734E+3  
 1.7734E+3  
 1.7734E+3  
 1.7731E+3  
 1.7731E+3  
 1.7731E+3  
 1.7728E+3  
 1.7731E+3  
 1.7737E+3  
 1.7734E+3  
 1.7737E+3  
 1.7734E+3  
 1.7743E+3  
 1.7743E+3  
 1.7749E+3  
 1.7752E+3  
 1.7743E+3  
 1.7752E+3  
 1.7743E+3  
 1.7743E+3  
 1.7743E+3  
 1.7743E+3  
 1.7740E+3  
 1.7749E+3  
 1.7755E+3  
 1.7740E+3  
 1.7743E+3  
 1.7752E+3  
 1.7749E+3  
 1.7749E+3  
 1.7749E+3  
 1.7746E+3  
 1.7743E+3  
 1.7752E+3  
 1.7749E+3  
 1.7749E+3  
 1.7746E+3  
 1.7752E+3  
 1.7752E+3  
 1.7749E+3  
 1.7746E+3  
 1.7755E+3  
 1.7746E+3  
 1.7752E+3  
 1.7767E+3  
 1.7764E+3  
 1.7761E+3  
 1.7755E+3  
 1.7758E+3  
 1.7764E+3  
 1.7755E+3  
 1.7755E+3  
 1.7761E+3  
 1.7767E+3  
 1.7758E+3  
 1.7764E+3  
 1.7767E+3  
 1.7758E+3  
 1.7767E+3  
 1.7752E+3  
 1.7767E+3  
 1.7764E+3  
 1.7764E+3  
 1.7761E+3  
 1.7755E+3  
 1.7767E+3  
 1.7761E+3  
 1.7770E+3  
 1.7764E+3  
 1.7770E+3  
 1.7773E+3  
 1.7773E+3  
 1.7773E+3  
 1.7780E+3  
 1.7770E+3  
 1.7773E+3  
 1.7770E+3  
 1.7777E+3  
 1.7773E+3  
 1.7767E+3  
 1.7777E+3  
 1.7767E+3  
 1.7764E+3  
 1.7770E+3  
 1.7773E+3  
 1.7770E+3  
 1.7770E+3  
 1.7773E+3  
 1.7770E+3  
 1.7770E+3  
 1.7773E+3  
 1.7773E+3  
 1.7770E+3  
 1.7770E+3  
 1.7764E+3  
 1.7773E+3  
 1.7767E+3  
 1.7767E+3  
 1.7764E+3  
 1.7786E+3  
 1.7786E+3  
 1.7789E+3  
 1.7773E+3  
 1.7777E+3  
 1.7783E+3  
 1.7783E+3  
 1.7786E+3  
 1.7783E+3  
 1.7777E+3  
 1.7773E+3  
 1.7777E+3  
 1.7773E+3  
 1.7786E+3  
 1.7780E+3  
 1.7777E+3  
 1.7780E+3  
 1.7777E+3  
 1.7777E+3  
 1.7773E+3  
 1.7783E+3  
 1.7773E+3  
 1.7777E+3  
 1.7777E+3  
 1.7786E+3  
 1.7792E+3  
 1.7792E+3  
 1.7795E+3  
 1.7786E+3  
 1.7789E+3  
 1.7789E+3  
 1.7789E+3  
 1.7783E+3  
 1.7792E+3  
 1.7795E+3  
 1.7792E+3  
 1.7792E+3  
 1.7795E+3  
 1.7786E+3  
 1.7789E+3  
 1.7795E+3  
 1.7786E+3  
 1.7786E+3  
 1.7786E+3  
 1.7789E+3  
 1.7783E+3  
 1.7795E+3  
 1.7789E+3  
 1.7795E+3  
 1.7795E+3  
 1.7795E+3  
 1.7792E+3  
 1.7795E+3  
 1.7783E+3  
 1.7795E+3  
 1.7783E+3  
 1.7795E+3  
 1.7798E+3  
 1.7798E+3  
 1.7798E+3  
 1.7795E+3  
 1.7795E+3  
 1.7798E+3  
 1.7798E+3  
 1.7804E+3  
 1.7801E+3  
 1.7804E+3  
 1.7798E+3  
 1.7804E+3  
 1.7804E+3  
 1.7798E+3  
 1.7807E+3  
 1.7795E+3  
 1.7792E+3  
 1.7798E+3  
 1.7795E+3  
 1.7798E+3  
 1.7798E+3  
 1.7795E+3  
 1.7801E+3  
 1.7798E+3  
 1.7798E+3  
 1.7804E+3  
 1.7816E+3  
 1.7813E+3  
 1.7813E+3  
 1.7810E+3  
 1.7807E+3  
 1.7807E+3  
 1.7813E+3  
 1.7813E+3  
 1.7813E+3  
 1.7813E+3  
 1.7807E+3  
 1.7816E+3  
 1.7810E+3  
 1.7807E+3  
 1.7825E+3  
 1.7810E+3  
 1.7816E+3  
 1.7825E+3  
 1.7825E+3  
 1.7828E+3  
 1.7819E+3  
 1.7816E+3  
 1.7819E+3  
 1.7819E+3  
 1.7816E+3  
 1.7816E+3  
 1.7828E+3  
 1.7822E+3  
 1.7822E+3  
 1.7825E+3  
 1.7822E+3  
 1.7816E+3  
 1.7816E+3  
 1.7816E+3  
 1.7828E+3  
 1.7822E+3  
 1.7819E+3  
 1.7828E+3  
 1.7822E+3  
 1.7825E+3  
 1.7834E+3  
 1.7831E+3  
 1.7828E+3  
 1.7834E+3  
 1.7838E+3  
 1.7831E+3  
 1.7834E+3  
 1.7838E+3  
 1.7834E+3  
 1.7841E+3  
 1.7831E+3  
 1.7838E+3  
 1.7841E+3  
 1.7831E+3  
 1.7834E+3  
 1.7828E+3  
 1.7834E+3  
 1.7834E+3  
 1.7831E+3  
 1.7841E+3  
 1.7834E+3  
 1.7828E+3  
 1.7844E+3  
 1.7838E+3  
 1.7841E+3  
 1.7834E+3  
 1.7844E+3  
 1.7831E+3  
 1.7834E+3  
 1.7838E+3  
 1.7834E+3  
 1.7831E+3  
 1.7834E+3  
 1.7844E+3  
 1.7847E+3  
 1.7838E+3  
 1.7841E+3  
 1.7834E+3  
 1.7844E+3  
 1.7841E+3  
 1.7838E+3  
 1.7844E+3  
 1.7838E+3  
 1.7844E+3  
 1.7841E+3  
 1.7834E+3  
 1.7847E+3  
 1.7847E+3  
 1.7831E+3  
 1.7831E+3  
 1.7834E+3  
 1.7838E+3  
 1.7838E+3  
 1.7838E+3  
 1.7838E+3  
 1.7831E+3  
 1.7838E+3  
 1.7838E+3  
 1.7831E+3  
 1.7850E+3  
 1.7847E+3  
 1.7850E+3  
 1.7841E+3  
 1.7850E+3  
 1.7844E+3  
 1.7850E+3  
 1.7838E+3  
 1.7841E+3  
 1.7841E+3  
 1.7850E+3  
 1.7850E+3  
 1.7850E+3  
 1.7847E+3  
 1.7850E+3  
 1.7838E+3  
 1.7841E+3  
 1.7841E+3  
 1.7834E+3  
 1.7847E+3  
 1.7838E+3  
 1.7847E+3  
 1.7834E+3  
 1.7838E+3  
 1.7850E+3  
 1.7847E+3  
 1.7850E+3  
 1.7847E+3  
 1.7847E+3  
 1.7850E+3  
 1.7847E+3  
 1.7853E+3  
 1.7850E+3  
 1.7859E+3  
 1.7856E+3  
 1.7862E+3  
 1.7856E+3  
 1.7859E+3  
 1.7862E+3  
 1.7856E+3  
 1.7850E+3  
 1.7862E+3  
 1.7862E+3  
 1.7856E+3  
 1.7850E+3  
 1.7856E+3  
 1.7874E+3  
 1.7862E+3  
 1.7868E+3  
 1.7868E+3  
 1.7871E+3  
 1.7862E+3  
 1.7874E+3  
 1.7862E+3  
 1.7862E+3  
 1.7868E+3  
 1.7856E+3  
 1.7862E+3  
 1.7871E+3  
 1.7871E+3  
 1.7871E+3  
 1.7868E+3  
 1.7868E+3  
 1.7859E+3  
 1.7865E+3  
 1.7865E+3  
 1.7859E+3  
 1.7865E+3  
 1.7871E+3  
 1.7862E+3  
 1.7865E+3  
 1.7871E+3  
 1.7859E+3  
 1.7865E+3  
 1.7871E+3  
 1.7871E+3  
 1.7871E+3  
 1.7871E+3  
 1.7880E+3  
 1.7868E+3  
 1.7868E+3  
 1.7865E+3  
 1.7877E+3  
 1.7874E+3  
 1.7868E+3  
 1.7877E+3  
 1.7877E+3  
 1.7886E+3  
 1.7880E+3  
 1.7880E+3  
 1.7886E+3  
 1.7883E+3  
 1.7899E+3  
 1.7886E+3  
 1.7896E+3  
 1.7883E+3  
 1.7886E+3  
 1.7889E+3  
 1.7883E+3  
 1.7883E+3  
 1.7892E+3  
 1.7902E+3  
 1.7892E+3  
 1.7896E+3  
 1.7892E+3  
 1.7899E+3  
 1.7892E+3  
 1.7899E+3  
 1.7908E+3  
 1.7902E+3  
 1.7914E+3  
 1.7911E+3  
 1.7908E+3  
 1.7911E+3  
 1.7905E+3  
 1.7908E+3  
 1.7917E+3  
 1.7926E+3  
 1.7917E+3  
 1.7911E+3  
 1.7917E+3  
 1.7917E+3  
 1.7914E+3  
 1.7926E+3  
 1.7929E+3  
 1.7932E+3  
 1.7935E+3  
 1.7929E+3  
 1.7929E+3  
 1.7929E+3  
 1.7926E+3  
 1.7935E+3  
 1.7950E+3  
 1.7947E+3  
 1.7947E+3  
 1.7938E+3  
 1.7947E+3  
 1.7944E+3  
 1.7938E+3  
 1.7935E+3  
 1.7935E+3  
 1.7941E+3  
 1.7960E+3  
 1.7957E+3  
 1.7938E+3  
 1.7954E+3  
 1.7960E+3  
 1.7954E+3  
 1.7950E+3  
 1.7960E+3  
 1.7957E+3  
 1.7963E+3  
 1.7972E+3  
 1.7966E+3  
 1.7972E+3  
 1.7969E+3  
 1.7963E+3  
 1.7963E+3  
 1.7972E+3  
 1.7960E+3  
 1.7966E+3  
 1.7963E+3  
 1.7963E+3  
 1.7957E+3  
 1.7972E+3  
 1.7978E+3  
 1.7975E+3  
 1.7972E+3  
 1.7981E+3  
 1.7972E+3  
 1.7975E+3  
 1.7972E+3  
 1.7969E+3  
 1.7975E+3  
 1.7978E+3  
 1.7972E+3  
 1.7975E+3  
 1.7972E+3  
 1.7978E+3  
 1.7969E+3  
 1.7978E+3  
 1.7966E+3  
 1.7969E+3  
 1.7966E+3  
 1.7972E+3  
 1.7972E+3  
 1.7987E+3  
 1.7981E+3  
 1.7981E+3  
 1.7978E+3  
 1.7984E+3  
 1.7981E+3  
 1.7978E+3  
 1.7984E+3  
 1.7975E+3  
 1.7978E+3  
 1.7981E+3  
 1.7978E+3  
 1.7975E+3  
 1.7987E+3  
 1.7978E+3  
 1.7984E+3  
 1.7984E+3  
 1.7981E+3  
 1.7987E+3  
 1.7969E+3  
 1.7990E+3  
 1.7975E+3  
 1.7981E+3  
 1.7981E+3  
 1.7978E+3  
 1.7975E+3  
 1.7987E+3  
 1.7981E+3  
 1.7972E+3  
 1.7978E+3  
 1.7978E+3  
 1.7975E+3  
 1.7975E+3  
 1.7975E+3  
 1.7978E+3  
 1.7984E+3  
 1.7975E+3  
 1.7972E+3  
 1.7975E+3  
 1.7975E+3  
 1.7978E+3  
 1.7981E+3  
 1.7975E+3  
 1.7984E+3  
 1.7975E+3  
 1.7984E+3  
 1.7984E+3  
 1.7984E+3  
 1.7984E+3  
 1.7972E+3  
 1.7975E+3  
 1.7978E+3  
 1.7978E+3  
 1.7981E+3  
 1.7972E+3  
 1.7981E+3  
 1.7975E+3  
 1.7981E+3  
 1.7966E+3  
 1.7978E+3  
 1.7978E+3  
 1.7978E+3  
 1.7978E+3  
 1.7975E+3  
 1.7981E+3  
 1.7978E+3  
 1.7975E+3  
 1.7978E+3  
 1.7975E+3  
 1.7984E+3  
 1.7981E+3  
 1.7978E+3  
 1.7972E+3  
 1.7975E+3  
 1.7978E+3  
 1.7978E+3  
 1.7972E+3  
 1.7981E+3  
 1.7981E+3  
 1.7978E+3  
 1.7972E+3  
 1.7975E+3  
 1.7975E+3  
 1.7972E+3  
 1.7984E+3  
 1.7975E+3  
 1.7981E+3  
 1.7978E+3  
 1.7978E+3  
 1.7981E+3  
 1.7975E+3  
 1.7978E+3  
 1.7981E+3  
 1.7972E+3  
 1.7975E+3  
 1.7978E+3  
 1.7975E+3  
 1.7978E+3  
 1.7972E+3  
 1.7972E+3  
 1.7975E+3  
 1.7972E+3  
 1.7972E+3  
 1.7978E+3  
 1.7975E+3  
 1.7984E+3  
 1.7984E+3  
 1.7972E+3  
 1.7975E+3  
 1.7984E+3  
 1.7972E+3  
 1.7975E+3  
 1.7975E+3  
 1.7978E+3  
 1.7984E+3  
 1.7975E+3  
 1.7975E+3  
 1.7981E+3  
 1.7993E+3  
 1.7990E+3  
 1.7984E+3  
 1.7990E+3  
 1.7990E+3  
 1.7987E+3  
 1.7993E+3  
 1.7993E+3  
 1.7981E+3  
 1.7981E+3  
 1.7993E+3  
 1.7981E+3  
 1.7987E+3  
 1.8002E+3  
 1.7990E+3  
 1.8002E+3  
 1.7999E+3  
 1.7999E+3  
 1.7999E+3  
 1.8002E+3  
 1.8002E+3  
 1.7993E+3  
 1.7996E+3  
 1.8005E+3  
 1.8002E+3  
 1.8011E+3  
 1.8008E+3  
 1.8005E+3  
 1.8008E+3  
 1.8002E+3  
 1.8011E+3  
 1.8002E+3  
 1.8008E+3  
 1.8002E+3  
 1.8008E+3  
 1.7999E+3  
 1.8002E+3  
 1.8002E+3  
 1.7996E+3  
 1.8008E+3  
 1.8008E+3  
 1.8008E+3  
 1.8005E+3  
 1.7999E+3  
 1.7999E+3  
 1.8002E+3  
 1.8011E+3  
 1.8018E+3  
 1.8015E+3  
 1.8015E+3  
 1.8011E+3  
 1.8011E+3  
 1.8018E+3  
 1.8015E+3  
 1.8018E+3  
 1.8008E+3  
 1.8021E+3  
 1.8015E+3  
 1.8008E+3  
 1.8015E+3  
 1.8021E+3  
 1.8030E+3  
 1.8021E+3  
 1.8021E+3  
 1.8024E+3  
 1.8030E+3  
 1.8021E+3  
 1.8021E+3  
 1.8024E+3  
 1.8021E+3  
 1.8018E+3  
 1.8015E+3  
 1.8030E+3  
 1.8018E+3  
 1.8024E+3  
 1.8021E+3  
 1.8036E+3  
 1.8024E+3  
 1.8030E+3  
 1.8033E+3  
 1.8033E+3  
 1.8030E+3  
 1.8039E+3  
 1.8033E+3  
 1.8027E+3  
 1.8027E+3  
 1.8036E+3  
 1.8036E+3  
 1.8024E+3  
 1.8027E+3  
 1.8045E+3  
 1.8045E+3  
 1.8045E+3  
 1.8045E+3  
 1.8045E+3  
 1.8036E+3  
 1.8039E+3  
 1.8042E+3  
 1.8039E+3  
 1.8042E+3  
 1.8036E+3  
 1.8036E+3  
 1.8051E+3  
 1.8042E+3  
 1.8048E+3  
 1.8054E+3  
 1.8045E+3  
 1.8045E+3  
 1.8048E+3  
 1.8042E+3  
 1.8048E+3  
 1.8048E+3  
 1.8054E+3  
 1.8051E+3  
 1.8054E+3  
 1.8054E+3  
 1.8057E+3  
 1.8057E+3  
 1.8063E+3  
 1.8057E+3  
 1.8063E+3  
 1.8051E+3  
 1.8057E+3  
 1.8063E+3  
 1.8069E+3  
 1.8060E+3  
 1.8066E+3  
 1.8069E+3  
 1.8073E+3  
 1.8069E+3  
 1.8066E+3  
 1.8066E+3  
 1.8060E+3  
 1.8079E+3  
 1.8073E+3  
 1.8079E+3  
 1.8085E+3  
 1.8082E+3  
 1.8085E+3  
 1.8076E+3  
 1.8082E+3  
 1.8082E+3  
 1.8091E+3  
 1.8082E+3  
 1.8085E+3  
 1.8091E+3  
 1.8091E+3  
 1.8079E+3  
 1.8082E+3  
 1.8094E+3  
 1.8091E+3  
 1.8085E+3  
 1.8088E+3  
 1.8088E+3  
 1.8094E+3  
 1.8100E+3  
 1.8097E+3  
 1.8106E+3  
 1.8103E+3  
 1.8100E+3  
 1.8103E+3  
 1.8097E+3  
 1.8094E+3  
 1.8094E+3  
 1.8106E+3  
 1.8097E+3  
 1.8100E+3  
 1.8097E+3  
 1.8106E+3  
 1.8097E+3  
 1.8103E+3  
 1.8100E+3  
 1.8106E+3  
 1.8097E+3  
 1.8103E+3  
 1.8106E+3  
 1.8103E+3  
 1.8103E+3  
 1.8097E+3  
 1.8103E+3  
 1.8103E+3  
 1.8097E+3  
 1.8106E+3  
 1.8103E+3  
 1.8100E+3  
 1.8097E+3  
 1.8094E+3  
 1.8094E+3  
 1.8097E+3  
 1.8097E+3  
 1.8094E+3  
 1.8100E+3  
 1.8097E+3  
 1.8097E+3  
 1.8094E+3  
 1.8106E+3  
 1.8097E+3  
 1.8103E+3  
 1.8094E+3  
 1.8094E+3  
 1.8097E+3  
 1.8109E+3  
 1.8109E+3  
 1.8103E+3  
 1.8097E+3  
 1.8106E+3  
 1.8106E+3  
 1.8103E+3  
 1.8106E+3  
 1.8097E+3  
 1.8103E+3  
 1.8106E+3  
 1.8100E+3  
 1.8100E+3  
 1.8103E+3  
 1.8106E+3  
 1.8109E+3  
 1.8094E+3  
 1.8097E+3  
 1.8097E+3  
 1.8103E+3  
 1.8100E+3  
 1.8097E+3  
 1.8097E+3  
 1.8106E+3  
 1.8103E+3  
 1.8106E+3  
 1.8109E+3  
 1.8112E+3  
 1.8103E+3  
 1.8100E+3  
 1.8100E+3  
 1.8097E+3  
 1.8118E+3  
 1.8109E+3  
 1.8115E+3  
 1.8109E+3  
 1.8109E+3  
 1.8112E+3  
 1.8109E+3  
 1.8112E+3  
 1.8112E+3  
 1.8106E+3  
 1.8109E+3  
 1.8118E+3  
 1.8118E+3  
 1.8118E+3  
 1.8118E+3  
 1.8115E+3  
 1.8121E+3  
 1.8127E+3  
 1.8124E+3  
 1.8140E+3  
 1.8134E+3  
 1.8131E+3  
 1.8131E+3  
 1.8131E+3  
 1.8137E+3  
 1.8131E+3  
 1.8134E+3  
 1.8131E+3  
 1.8127E+3  
 1.8131E+3  
 1.8127E+3  
 1.8134E+3  
 1.8131E+3  
 1.8124E+3  
 1.8134E+3  
 1.8131E+3  
 1.8131E+3  
 1.8134E+3  
 1.8127E+3  
 1.8134E+3  
 1.8131E+3  
 1.8137E+3  
 1.8137E+3  
 1.8140E+3  
 1.8140E+3  
 1.8137E+3  
 1.8137E+3  
 1.8140E+3  
 1.8143E+3  
 1.8137E+3  
 1.8140E+3  
 1.8158E+3  
 1.8152E+3  
 1.8149E+3  
 1.8143E+3  
 1.8146E+3  
 1.8146E+3  
 1.8152E+3  
 1.8152E+3  
 1.8155E+3  
 1.8155E+3  
 1.8167E+3  
 1.8161E+3  
 1.8164E+3  
 1.8158E+3  
 1.8167E+3  
 1.8167E+3  
 1.8170E+3  
 1.8170E+3  
 1.8170E+3  
 1.8182E+3  
 1.8176E+3  
 1.8173E+3  
 1.8179E+3  
 1.8173E+3  
 1.8185E+3  
 1.8198E+3  
 1.8198E+3  
 1.8188E+3  
 1.8192E+3  
 1.8201E+3  
 1.8207E+3  
 1.8198E+3  
 1.8216E+3  
 1.8210E+3  
 1.8216E+3  
 1.8207E+3  
 1.8204E+3  
 1.8210E+3  
 1.8207E+3  
 1.8213E+3  
 1.8207E+3  
 1.8207E+3  
 1.8204E+3  
 1.8216E+3  
 1.8219E+3  
 1.8216E+3  
 1.8219E+3  
 1.8216E+3  
 1.8210E+3  
 1.8216E+3  
 1.8213E+3  
 1.8222E+3  
 1.8216E+3  
 1.8228E+3  
 1.8228E+3  
 1.8228E+3  
 1.8231E+3  
 1.8225E+3  
 1.8234E+3  
 1.8234E+3  
 1.8228E+3  
 1.8225E+3  
 1.8231E+3  
 1.8228E+3  
 1.8228E+3  
 1.8231E+3  
 1.8234E+3  
 1.8231E+3  
 1.8228E+3  
 1.8228E+3  
 1.8231E+3  
 1.8234E+3  
 1.8228E+3  
 1.8234E+3  
 1.8240E+3  
 1.8234E+3  
 1.8240E+3  
 1.8234E+3  
 1.8231E+3  
 1.8240E+3  
 1.8234E+3  
 1.8234E+3  
 1.8228E+3  
 1.8237E+3  
 1.8237E+3  
 1.8228E+3  
 1.8231E+3  
 1.8234E+3  
 1.8243E+3  
 1.8243E+3  
 1.8240E+3  
 1.8234E+3  
 1.8240E+3  
 1.8240E+3  
 1.8234E+3  
 1.8237E+3  
 1.8240E+3  
 1.8246E+3  
 1.8246E+3  
 1.8234E+3  
 1.8246E+3  
 1.8246E+3  
 1.8234E+3  
 1.8240E+3  
 1.8237E+3  
 1.8246E+3  
 1.8237E+3  
 1.8237E+3  
 1.8246E+3  
 1.8240E+3  
 1.8237E+3  
 1.8237E+3  
 1.8246E+3  
 1.8237E+3  
 1.8243E+3  
 1.8240E+3  
 1.8246E+3  
 1.8243E+3  
 1.8237E+3  
 1.8237E+3  
 1.8250E+3  
 1.8256E+3  
 1.8259E+3  
 1.8253E+3  
 1.8253E+3  
 1.8259E+3  
 1.8253E+3  
 1.8253E+3  
 1.8246E+3  
 1.8250E+3  
 1.8250E+3  
 1.8250E+3  
 1.8265E+3  
 1.8268E+3  
 1.8274E+3  
 1.8265E+3  
 1.8265E+3  
 1.8265E+3  
 1.8265E+3  
 1.8271E+3  
 1.8277E+3  
 1.8271E+3  
 1.8271E+3  
 1.8283E+3  
 1.8274E+3  
 1.8277E+3  
 1.8283E+3  
 1.8286E+3  
 1.8286E+3  
 1.8292E+3  
 1.8286E+3  
 1.8286E+3  
 1.8286E+3  
 1.8292E+3  
 1.8286E+3  
 1.8304E+3  
 1.8298E+3  
 1.8298E+3  
 1.8301E+3  
 1.8304E+3  
 1.8308E+3  
 1.8298E+3  
 1.8298E+3  
 1.8304E+3  
 1.8317E+3  
 1.8320E+3  
 1.8317E+3  
 1.8320E+3  
 1.8317E+3  
 1.8314E+3  
 1.8317E+3  
 1.8311E+3  
 1.8317E+3  
 1.8311E+3  
 1.8317E+3  
 1.8317E+3  
 1.8320E+3  
 1.8326E+3  
 1.8326E+3  
 1.8320E+3  
 1.8335E+3  
 1.8329E+3  
 1.8326E+3  
 1.8332E+3  
 1.8320E+3  
 1.8338E+3  
 1.8338E+3  
 1.8338E+3  
 1.8338E+3  
 1.8338E+3  
 1.8335E+3  
 1.8338E+3  
 1.8335E+3  
 1.8344E+3  
 1.8347E+3  
 1.8350E+3  
 1.8350E+3  
 1.8344E+3  
 1.8347E+3  
 1.8347E+3  
 1.8344E+3  
 1.8347E+3  
 1.8353E+3  
 1.8350E+3  
 1.8344E+3  
 1.8353E+3  
 1.8362E+3  
 1.8362E+3  
 1.8353E+3  
 1.8350E+3  
 1.8362E+3  
 1.8353E+3  
 1.8353E+3  
 1.8356E+3  
 1.8359E+3  
 1.8362E+3  
 1.8365E+3  
 1.8353E+3  
 1.8356E+3  
 1.8362E+3  
 1.8369E+3  
 1.8362E+3  
 1.8369E+3  
 1.8369E+3  
 1.8365E+3  
 1.8372E+3  
 1.8365E+3  
 1.8378E+3  
 1.8372E+3  
 1.8359E+3  
 1.8375E+3  
 1.8372E+3  
 1.8375E+3  
 1.8362E+3  
 1.8365E+3  
 1.8375E+3  
 1.8365E+3  
 1.8369E+3  
 1.8375E+3  
 1.8372E+3  
 1.8362E+3  
 1.8362E+3  
 1.8375E+3  
 1.8378E+3  
 1.8362E+3  
 1.8372E+3  
 1.8365E+3  
 1.8369E+3  
 1.8365E+3  
 1.8369E+3  
 1.8362E+3  
 1.8372E+3  
 1.8372E+3  
 1.8365E+3  
 1.8375E+3  
 1.8375E+3  
 1.8375E+3  
 1.8369E+3  
 1.8372E+3  
 1.8375E+3  
 1.8365E+3  
 1.8372E+3  
 1.8378E+3  
 1.8372E+3  
 1.8369E+3  
 1.8372E+3  
 1.8375E+3  
 1.8372E+3  
 1.8369E+3  
 1.8369E+3  
 1.8381E+3  
 1.8372E+3  
 1.8375E+3  
 1.8381E+3  
 1.8387E+3  
 1.8387E+3  
 1.8390E+3  
 1.8384E+3  
 1.8381E+3  
 1.8390E+3  
 1.8384E+3  
 1.8384E+3  
 1.8381E+3  
 1.8387E+3  
 1.8393E+3  
 1.8396E+3  
 1.8396E+3  
 1.8399E+3  
 1.8393E+3  
 1.8399E+3  
 1.8402E+3  
 1.8396E+3  
 1.8408E+3  
 1.8399E+3  
 1.8411E+3  
 1.8399E+3  
 1.8411E+3  
 1.8414E+3  
 1.8414E+3  
 1.8411E+3  
 1.8414E+3  
 1.8420E+3  
 1.8408E+3  
 1.8411E+3  
 1.8411E+3  
 1.8414E+3  
 1.8411E+3  
 1.8423E+3  
 1.8423E+3  
 1.8420E+3  
 1.8427E+3  
 1.8427E+3  
 1.8439E+3  
 1.8430E+3  
 1.8439E+3  
 1.8433E+3  
 1.8442E+3  
 1.8439E+3  
 1.8442E+3  
 1.8442E+3  
 1.8445E+3  
 1.8451E+3  
 1.8466E+3  
 1.8463E+3  
 1.8451E+3  
 1.8457E+3  
 1.8463E+3  
 1.8463E+3  
 1.8466E+3  
 1.8466E+3  
 1.8475E+3  
 1.8466E+3  
 1.8488E+3  
 1.8478E+3  
 1.8475E+3  
 1.8485E+3  
 1.8478E+3  
 1.8478E+3  
 1.8478E+3  
 1.8472E+3  
 1.8488E+3  
 1.8485E+3  
 1.8488E+3  
 1.8488E+3  
 1.8494E+3  
 1.8497E+3  
 1.8488E+3  
 1.8481E+3  
 1.8494E+3  
 1.8494E+3  
 1.8500E+3  
 1.8494E+3  
 1.8500E+3  
 1.8500E+3  
 1.8497E+3  
 1.8512E+3  
 1.8497E+3  
 1.8503E+3  
 1.8500E+3  
 1.8503E+3  
 1.8503E+3  
 1.8491E+3  
 1.8509E+3  
 1.8509E+3  
 1.8509E+3  
 1.8515E+3  
 1.8524E+3  
 1.8524E+3  
 1.8524E+3  
 1.8530E+3  
 1.8533E+3  
 1.8533E+3  
 1.8524E+3  
 1.8536E+3  
 1.8524E+3  
 1.8533E+3  
 1.8527E+3  
 1.8527E+3  
 1.8533E+3  
 1.8527E+3  
 1.8530E+3  
 1.8527E+3  
 1.8527E+3  
 1.8527E+3  
 1.8524E+3  
 1.8524E+3  
 1.8536E+3  
 1.8524E+3  
 1.8533E+3  
 1.8539E+3  
 1.8536E+3  
 1.8530E+3  
 1.8536E+3  
 1.8527E+3  
 1.8527E+3  
 1.8527E+3  
 1.8536E+3  
 1.8533E+3  
 1.8533E+3  
 1.8536E+3  
 1.8530E+3  
 1.8536E+3  
 1.8527E+3  
 1.8530E+3  
 1.8527E+3  
 1.8536E+3  
 1.8533E+3  
 1.8527E+3  
 1.8530E+3  
 1.8539E+3  
 1.8542E+3  
 1.8530E+3  
 1.8539E+3  
 1.8533E+3  
 1.8533E+3  
 1.8530E+3  
 1.8530E+3  
 1.8533E+3  
 1.8530E+3  
 1.8527E+3  
 1.8539E+3  
 1.8533E+3  
 1.8536E+3  
 1.8539E+3  
 1.8542E+3  
 1.8536E+3  
 1.8530E+3  
 1.8536E+3  
 1.8549E+3  
 1.8552E+3  
 1.8542E+3  
 1.8549E+3  
 1.8552E+3  
 1.8555E+3  
 1.8552E+3  
 1.8542E+3  
 1.8546E+3  
 1.8546E+3  
 1.8558E+3  
 1.8552E+3  
 1.8546E+3  
 1.8549E+3  
 1.8552E+3  
 1.8567E+3  
 1.8564E+3  
 1.8561E+3  
 1.8564E+3  
 1.8561E+3  
 1.8558E+3  
 1.8564E+3  
 1.8573E+3  
 1.8570E+3  
 1.8567E+3  
 1.8564E+3  
 1.8573E+3  
 1.8573E+3  
 1.8585E+3  
 1.8582E+3  
 1.8579E+3  
 1.8585E+3  
 1.8582E+3  
 1.8588E+3  
 1.8585E+3  
 1.8582E+3  
 1.8579E+3  
 1.8585E+3  
 1.8588E+3  
 1.8582E+3  
 1.8579E+3  
 1.8582E+3  
 1.8585E+3  
 1.8582E+3  
 1.8582E+3  
 1.8582E+3  
 1.8597E+3  
 1.8597E+3  
 1.8591E+3  
 1.8591E+3  
 1.8594E+3  
 1.8600E+3  
 1.8600E+3  
 1.8610E+3  
 1.8610E+3  
 1.8604E+3  
 1.8604E+3  
 1.8610E+3  
 1.8610E+3  
 1.8607E+3  
 1.8622E+3  
 1.8625E+3  
 1.8619E+3  
 1.8619E+3  
 1.8616E+3  
 1.8631E+3  
 1.8634E+3  
 1.8631E+3  
 1.8628E+3  
 1.8628E+3  
 1.8634E+3  
 1.8643E+3  
 1.8646E+3  
 1.8646E+3  
 1.8637E+3  
 1.8637E+3  
 1.8643E+3  
 1.8640E+3  
 1.8640E+3  
 1.8655E+3  
 1.8652E+3  
 1.8646E+3  
 1.8655E+3  
 1.8658E+3  
 1.8655E+3  
 1.8655E+3  
 1.8643E+3  
 1.8655E+3  
 1.8646E+3  
 1.8649E+3  
 1.8662E+3  
 1.8662E+3  
 1.8658E+3  
 1.8662E+3  
 1.8662E+3  
 1.8662E+3  
 1.8662E+3  
 1.8662E+3  
 1.8668E+3  
 1.8671E+3  
 1.8668E+3  
 1.8674E+3  
 1.8689E+3  
 1.8674E+3  
 1.8677E+3  
 1.8683E+3  
 1.8680E+3  
 1.8686E+3  
 1.8695E+3  
 1.8689E+3  
 1.8695E+3  
 1.8698E+3  
 1.8695E+3  
 1.8686E+3  
 1.8689E+3  
 1.8695E+3  
 1.8695E+3  
 1.8689E+3  
 1.8686E+3  
 1.8695E+3  
 1.8692E+3  
 1.8689E+3  
 1.8689E+3  
 1.8689E+3  
 1.8689E+3  
 1.8686E+3  
 1.8692E+3  
 1.8689E+3  
 1.8695E+3  
 1.8695E+3  
 1.8692E+3  
 1.8686E+3  
 1.8686E+3  
 1.8689E+3  
 1.8686E+3  
 1.8689E+3  
 1.8686E+3  
 1.8695E+3  
 1.8689E+3  
 1.8698E+3  
 1.8689E+3  
 1.8689E+3  
 1.8692E+3  
 1.8695E+3  
 1.8686E+3  
 1.8686E+3  
 1.8686E+3  
 1.8689E+3  
 1.8686E+3  
 1.8692E+3  
 1.8698E+3  
 1.8704E+3  
 1.8698E+3  
 1.8704E+3  
 1.8698E+3  
 1.8695E+3  
 1.8698E+3  
 1.8695E+3  
 1.8710E+3  
 1.8716E+3  
 1.8710E+3  
 1.8710E+3  
 1.8713E+3  
 1.8719E+3  
 1.8719E+3  
 1.8723E+3  
 1.8716E+3  
 1.8723E+3  
 1.8713E+3  
 1.8719E+3  
 1.8719E+3  
 1.8719E+3  
 1.8732E+3  
 1.8735E+3  
 1.8723E+3  
 1.8738E+3  
 1.8732E+3  
 1.8735E+3  
 1.8726E+3  
 1.8741E+3  
 1.8738E+3  
 1.8750E+3  
 1.8738E+3  
 1.8738E+3  
 1.8750E+3  
 1.8762E+3  
 1.8750E+3  
 1.8759E+3  
 1.8750E+3  
 1.8750E+3  
 1.8753E+3  
 1.8765E+3  
 1.8765E+3  
 1.8765E+3  
 1.8768E+3  
 1.8777E+3  
 1.8781E+3  
 1.8774E+3  
 1.8771E+3  
 1.8784E+3  
 1.8784E+3  
 1.8787E+3  
 1.8784E+3  
 1.8802E+3  
 1.8802E+3  
 1.8796E+3  
 1.8793E+3  
 1.8805E+3  
 1.8790E+3  
 1.8814E+3  
 1.8814E+3  
 1.8811E+3  
 1.8802E+3  
 1.8805E+3  
 1.8805E+3  
 1.8808E+3  
 1.8811E+3  
 1.8817E+3  
 1.8811E+3  
 1.8811E+3  
 1.8823E+3  
 1.8811E+3  
 1.8814E+3  
 1.8814E+3  
 1.8832E+3  
 1.8829E+3  
 1.8823E+3  
 1.8829E+3  
 1.8835E+3  
 1.8848E+3  
 1.8845E+3  
 1.8845E+3  
 1.8842E+3  
 1.8851E+3  
 1.8854E+3  
 1.8860E+3  
 1.8851E+3  
 1.8857E+3  
 1.8872E+3  
 1.8884E+3  
 1.8875E+3  
 1.8875E+3  
 1.8875E+3  
 1.8884E+3  
 1.8881E+3  
 1.8875E+3  
 1.8878E+3  
 1.8872E+3  
 1.8875E+3  
 1.8881E+3  
 1.8878E+3  
 1.8878E+3  
 1.8878E+3  
 1.8884E+3  
 1.8881E+3  
 1.8881E+3  
 1.8872E+3  
 1.8881E+3  
 1.8872E+3  
 1.8884E+3  
 1.8887E+3  
 1.8875E+3  
 1.8884E+3  
 1.8878E+3  
 1.8875E+3  
 1.8875E+3  
 1.8878E+3  
 1.8872E+3  
 1.8881E+3  
 1.8878E+3  
 1.8875E+3  
 1.8875E+3  
 1.8884E+3  
 1.8878E+3  
 1.8875E+3  
 1.8875E+3  
 1.8881E+3  
 1.8872E+3  
 1.8872E+3  
 1.8875E+3  
 1.8869E+3  
 1.8872E+3  
 1.8881E+3  
 1.8869E+3  
 1.8875E+3  
 1.8872E+3  
 1.8872E+3  
 1.8866E+3  
 1.8887E+3  
 1.8875E+3  
 1.8890E+3  
 1.8887E+3  
 1.8881E+3  
 1.8881E+3  
 1.8881E+3  
 1.8887E+3  
 1.8881E+3  
 1.8875E+3  
 1.8890E+3  
 1.8896E+3  
 1.8884E+3  
 1.8890E+3  
 1.8887E+3  
 1.8884E+3  
 1.8893E+3  
 1.8906E+3  
 1.8900E+3  
 1.8896E+3  
 1.8896E+3  
 1.8903E+3  
 1.8896E+3  
 1.8893E+3  
 1.8900E+3  
 1.8896E+3  
 1.8903E+3  
 1.8896E+3  
 1.8909E+3  
 1.8909E+3  
 1.8903E+3  
 1.8915E+3  
 1.8912E+3  
 1.8903E+3  
 1.8903E+3  
 1.8909E+3  
 1.8915E+3  
 1.8906E+3  
 1.8918E+3  
 1.8924E+3  
 1.8912E+3  
 1.8921E+3  
 1.8912E+3  
 1.8912E+3  
 1.8927E+3  
 1.8918E+3  
 1.8930E+3  
 1.8933E+3  
 1.8927E+3  
 1.8933E+3  
 1.8921E+3  
 1.8924E+3  
 1.8933E+3  
 1.8942E+3  
 1.8933E+3  
 1.8942E+3  
 1.8939E+3  
 1.8939E+3  
 1.8936E+3  
 1.8936E+3  
 1.8939E+3  
 1.8951E+3  
 1.8945E+3  
 1.8951E+3  
 1.8942E+3  
 1.8948E+3  
 1.8945E+3  
 1.8948E+3  
 1.8954E+3  
 1.8954E+3  
 1.8958E+3  
 1.8951E+3  
 1.8961E+3  
 1.8954E+3  
 1.8961E+3  
 1.8961E+3  
 1.8961E+3  
 1.8967E+3  
 1.8961E+3  
 1.8958E+3  
 1.8973E+3  
 1.8970E+3  
 1.8979E+3  
 1.8967E+3  
 1.8976E+3  
 1.8979E+3  
 1.8988E+3  
 1.8982E+3  
 1.8982E+3  
 1.8991E+3  
 1.8997E+3  
 1.8991E+3  
 1.8997E+3  
 1.8994E+3  
 1.8997E+3  
 1.8994E+3  
 1.9000E+3  
 1.9000E+3  
 1.9006E+3  
 1.9009E+3  
 1.9006E+3  
 1.9003E+3  
 1.9000E+3  
 1.9003E+3  
 1.9000E+3  
 1.9000E+3  
 1.9009E+3  
 1.9000E+3  
 1.9003E+3  
 1.9000E+3  
 1.9006E+3  
 1.9003E+3  
 1.9006E+3  
 1.9000E+3  
 1.9003E+3  
 1.9003E+3  
 1.9006E+3  
 1.9000E+3  
 1.9000E+3  
 1.8997E+3  
 1.9006E+3  
 1.9006E+3  
 1.9003E+3  
 1.9003E+3  
 1.8997E+3  
 1.9006E+3  
 1.8997E+3  
 1.9003E+3  
 1.9009E+3  
 1.9003E+3  
 1.8994E+3  
 1.9003E+3  
 1.9003E+3  
 1.9006E+3  
 1.9003E+3  
 1.9003E+3  
 1.9003E+3  
 1.9000E+3  
 1.9009E+3  
 1.9003E+3  
 1.9006E+3  
 1.9006E+3  
 1.9000E+3  
 1.9003E+3  
 1.9000E+3  
 1.9006E+3  
 1.9012E+3  
 1.9012E+3  
 1.9016E+3  
 1.9012E+3  
 1.9009E+3  
 1.9019E+3  
 1.9016E+3  
 1.9016E+3  
 1.9016E+3  
 1.9019E+3  
 1.9012E+3  
 1.9016E+3  
 1.9012E+3  
 1.9016E+3  
 1.9016E+3  
 1.9012E+3  
 1.9019E+3  
 1.9016E+3  
 1.9006E+3  
 1.9012E+3  
 1.9019E+3  
 1.9019E+3  
 1.9025E+3  
 1.9019E+3  
 1.9019E+3  
 1.9016E+3  
 1.9028E+3  
 1.9022E+3  
 1.9022E+3  
 1.9034E+3  
 1.9031E+3  
 1.9028E+3  
 1.9031E+3  
 1.9028E+3  
 1.9037E+3  
 1.9022E+3  
 1.9043E+3  
 1.9043E+3  
 1.9043E+3  
 1.9046E+3  
 1.9043E+3  
 1.9043E+3  
 1.9043E+3  
 1.9034E+3  
 1.9040E+3  
 1.9046E+3  
 1.9049E+3  
 1.9055E+3  
 1.9046E+3  
 1.9055E+3  
 1.9058E+3  
 1.9067E+3  
 1.9055E+3  
 1.9064E+3  
 1.9058E+3  
 1.9067E+3  
 1.9077E+3  
 1.9070E+3  
 1.9073E+3  
 1.9064E+3  
 1.9070E+3  
 1.9070E+3  
 1.9070E+3  
 1.9080E+3  
 1.9083E+3  
 1.9086E+3  
 1.9086E+3  
 1.9083E+3  
 1.9080E+3  
 1.9077E+3  
 1.9086E+3  
 1.9095E+3  
 1.9095E+3  
 1.9089E+3  
 1.9092E+3  
 1.9092E+3  
 1.9098E+3  
 1.9092E+3  
 1.9101E+3  
 1.9098E+3  
 1.9104E+3  
 1.9098E+3  
 1.9098E+3  
 1.9113E+3  
 1.9116E+3  
 1.9116E+3  
 1.9110E+3  
 1.9113E+3  
 1.9116E+3  
 1.9107E+3  
 1.9119E+3  
 1.9116E+3  
 1.9116E+3  
 1.9125E+3  
 1.9119E+3  
 1.9135E+3  
 1.9135E+3  
 1.9141E+3  
 1.9138E+3  
 1.9131E+3  
 1.9150E+3  
 1.9147E+3  
 1.9144E+3  
 1.9138E+3  
 1.9144E+3  
 1.9150E+3  
 1.9150E+3  
 1.9144E+3  
 1.9141E+3  
 1.9144E+3  
 1.9147E+3  
 1.9144E+3  
 1.9147E+3  
 1.9150E+3  
 1.9141E+3  
 1.9141E+3  
 1.9141E+3  
 1.9150E+3  
 1.9150E+3  
 1.9147E+3  
 1.9141E+3  
 1.9150E+3  
 1.9141E+3  
 1.9147E+3  
 1.9144E+3  
 1.9147E+3  
 1.9144E+3  
 1.9147E+3  
 1.9144E+3  
 1.9138E+3  
 1.9150E+3  
 1.9147E+3  
 1.9147E+3  
 1.9144E+3  
 1.9141E+3  
 1.9138E+3  
 1.9141E+3  
 1.9147E+3  
 1.9147E+3  
 1.9147E+3  
 1.9144E+3  
 1.9147E+3  
 1.9141E+3  
 1.9138E+3  
 1.9144E+3  
 1.9144E+3  
 1.9141E+3  
 1.9144E+3  
 1.9147E+3  
 1.9141E+3  
 1.9147E+3  
 1.9144E+3  
 1.9141E+3  
 1.9141E+3  
 1.9156E+3  
 1.9147E+3  
 1.9159E+3  
 1.9150E+3  
 1.9147E+3  
 1.9162E+3  
 1.9165E+3  
 1.9168E+3  
 1.9171E+3  
 1.9168E+3  
 1.9165E+3  
 1.9196E+3  
 1.9199E+3  
 1.9193E+3  
 1.9193E+3  
 1.9193E+3  
 1.9196E+3  
 1.9208E+3  
 1.9205E+3  
 1.9199E+3  
 1.9202E+3  
 1.9205E+3  
 1.9202E+3  
 1.9202E+3  
 1.9196E+3  
 1.9208E+3  
 1.9208E+3  
 1.9202E+3  
 1.9211E+3  
 1.9214E+3  
 1.9211E+3  
 1.9214E+3  
 1.9208E+3  
 1.9208E+3  
 1.9211E+3  
 1.9208E+3  
 1.9223E+3  
 1.9226E+3  
 1.9226E+3  
 1.9220E+3  
 1.9217E+3  
 1.9226E+3  
 1.9235E+3  
 1.9235E+3  
 1.9238E+3  
 1.9229E+3  
 1.9235E+3  
 1.9226E+3  
 1.9235E+3  
 1.9238E+3  
 1.9235E+3  
 1.9235E+3  
 1.9235E+3  
 1.9244E+3  
 1.9244E+3  
 1.9247E+3  
 1.9257E+3  
 1.9251E+3  
 1.9254E+3  
 1.9257E+3  
 1.9269E+3  
 1.9269E+3  
 1.9269E+3  
 1.9263E+3  
 1.9260E+3  
 1.9263E+3  
 1.9266E+3  
 1.9269E+3  
 1.9269E+3  
 1.9275E+3  
 1.9269E+3  
 1.9278E+3  
 1.9278E+3  
 1.9275E+3  
 1.9278E+3  
 1.9278E+3  
 1.9290E+3  
 1.9287E+3  
 1.9284E+3  
 1.9293E+3  
 1.9287E+3  
 1.9296E+3  
 1.9296E+3  
 1.9299E+3  
 1.9305E+3  
 1.9305E+3  
 1.9302E+3  
 1.9299E+3  
 1.9302E+3  
 1.9296E+3  
 1.9296E+3  
 1.9299E+3  
 1.9296E+3  
 1.9296E+3  
 1.9296E+3  
 1.9296E+3  
 1.9293E+3  
 1.9296E+3  
 1.9296E+3  
 1.9299E+3  
 1.9290E+3  
 1.9296E+3  
 1.9299E+3  
 1.9296E+3  
 1.9293E+3  
 1.9299E+3  
 1.9302E+3  
 1.9302E+3  
 1.9293E+3  
 1.9290E+3  
 1.9293E+3  
 1.9296E+3  
 1.9293E+3  
 1.9302E+3  
 1.9296E+3  
 1.9293E+3  
 1.9299E+3  
 1.9293E+3  
 1.9302E+3  
 1.9299E+3  
 1.9293E+3  
 1.9296E+3  
 1.9305E+3  
 1.9293E+3  
 1.9302E+3  
 1.9293E+3  
 1.9293E+3  
 1.9296E+3  
 1.9299E+3  
 1.9296E+3  
 1.9296E+3  
 1.9290E+3  
 1.9299E+3  
 1.9299E+3  
 1.9302E+3  
 1.9312E+3  
 1.9302E+3  
 1.9305E+3  
 1.9299E+3  
 1.9305E+3  
 1.9305E+3  
 1.9302E+3  
 1.9305E+3  
 1.9318E+3  
 1.9318E+3  
 1.9318E+3  
 1.9321E+3  
 1.9321E+3  
 1.9327E+3  
 1.9321E+3  
 1.9330E+3  
 1.9327E+3  
 1.9336E+3  
 1.9336E+3  
 1.9333E+3  
 1.9342E+3  
 1.9342E+3  
 1.9336E+3  
 1.9336E+3  
 1.9336E+3  
 1.9339E+3  
 1.9345E+3  
 1.9339E+3  
 1.9339E+3  
 1.9336E+3  
 1.9339E+3  
 1.9351E+3  
 1.9354E+3  
 1.9351E+3  
 1.9348E+3  
 1.9351E+3  
 1.9348E+3  
 1.9354E+3  
 1.9351E+3  
 1.9351E+3  
 1.9370E+3  
 1.9360E+3  
 1.9366E+3  
 1.9357E+3  
 1.9360E+3  
 1.9370E+3  
 1.9379E+3  
 1.9376E+3  
 1.9379E+3  
 1.9385E+3  
 1.9382E+3  
 1.9379E+3  
 1.9385E+3  
 1.9391E+3  
 1.9388E+3  
 1.9391E+3  
 1.9391E+3  
 1.9400E+3  
 1.9406E+3  
 1.9418E+3  
 1.9412E+3  
 1.9412E+3  
 1.9431E+3  
 1.9418E+3  
 1.9421E+3  
 1.9418E+3  
 1.9428E+3  
 1.9421E+3  
 1.9421E+3  
 1.9428E+3  
 1.9434E+3  
 1.9434E+3  
 1.9440E+3  
 1.9437E+3  
 1.9434E+3  
 1.9434E+3  
 1.9434E+3  
 1.9446E+3  
 1.9440E+3  
 1.9449E+3  
 1.9446E+3  
 1.9449E+3  
 1.9455E+3  
 1.9452E+3  
 1.9455E+3  
 1.9455E+3  
 1.9458E+3  
 1.9449E+3  
 1.9455E+3  
 1.9452E+3  
 1.9452E+3  
 1.9458E+3  
 1.9449E+3  
 1.9455E+3  
 1.9461E+3  
 1.9455E+3  
 1.9458E+3  
 1.9452E+3  
 1.9461E+3  
 1.9458E+3  
 1.9461E+3  
 1.9461E+3  
 1.9458E+3  
 1.9452E+3  
 1.9455E+3  
 1.9458E+3  
 1.9458E+3  
 1.9455E+3  
 1.9461E+3  
 1.9461E+3  
 1.9461E+3  
 1.9458E+3  
 1.9455E+3  
 1.9464E+3  
 1.9452E+3  
 1.9452E+3  
 1.9470E+3  
 1.9464E+3  
 1.9470E+3  
 1.9470E+3  
 1.9473E+3  
 1.9461E+3  
 1.9449E+3  
 1.9458E+3  
 1.9470E+3  
 1.9473E+3  
 1.9464E+3  
 1.9467E+3  
 1.9464E+3  
 1.9461E+3  
 1.9470E+3  
 1.9492E+3  
 1.9482E+3  
 1.9489E+3  
 1.9485E+3  
 1.9492E+3  
 1.9482E+3  
 1.9482E+3  
 1.9489E+3  
 1.9482E+3  
 1.9495E+3  
 1.9495E+3  
 1.9495E+3  
 1.9501E+3  
 1.9495E+3  
 1.9498E+3  
 1.9501E+3  
 1.9489E+3  
 1.9501E+3  
 1.9510E+3  
 1.9507E+3  
 1.9507E+3  
 1.9498E+3  
 1.9501E+3  
 1.9507E+3  
 1.9498E+3  
 1.9519E+3  
 1.9513E+3  
 1.9519E+3  
 1.9513E+3  
 1.9510E+3  
 1.9522E+3  
 1.9534E+3  
 1.9528E+3  
 1.9528E+3  
 1.9525E+3  
 1.9534E+3  
 1.9534E+3  
 1.9537E+3  
 1.9534E+3  
 1.9540E+3  
 1.9547E+3  
 1.9537E+3  
 1.9556E+3  
 1.9556E+3  
 1.9556E+3  
 1.9550E+3  
 1.9553E+3  
 1.9559E+3  
 1.9562E+3  
 1.9553E+3  
 1.9550E+3  
 1.9562E+3  
 1.9565E+3  
 1.9571E+3  
 1.9571E+3  
 1.9562E+3  
 1.9565E+3  
 1.9562E+3  
 1.9574E+3  
 1.9577E+3  
 1.9571E+3  
 1.9580E+3  
 1.9571E+3  
 1.9592E+3  
 1.9589E+3  
 1.9592E+3  
 1.9583E+3  
 1.9589E+3  
 1.9580E+3  
 1.9583E+3  
 1.9589E+3  
 1.9598E+3  
 1.9592E+3  
 1.9592E+3  
 1.9589E+3  
 1.9589E+3  
 1.9598E+3  
 1.9589E+3  
 1.9586E+3  
 1.9592E+3  
 1.9598E+3  
 1.9595E+3  
 1.9592E+3  
 1.9595E+3  
 1.9595E+3  
 1.9598E+3  
 1.9589E+3  
 1.9592E+3  
 1.9592E+3  
 1.9589E+3  
 1.9592E+3  
 1.9589E+3  
 1.9589E+3  
 1.9595E+3  
 1.9589E+3  
 1.9589E+3  
 1.9586E+3  
 1.9592E+3  
 1.9595E+3  
 1.9595E+3  
 1.9605E+3  
 1.9601E+3  
 1.9608E+3  
 1.9601E+3  
 1.9601E+3  
 1.9598E+3  
 1.9611E+3  
 1.9598E+3  
 1.9608E+3  
 1.9614E+3  
 1.9589E+3  
 1.9608E+3  
 1.9608E+3  
 1.9605E+3  
 1.9601E+3  
 1.9611E+3  
 1.9611E+3  
 1.9605E+3  
 1.9608E+3  
 1.9605E+3  
 1.9614E+3  
 1.9614E+3  
 1.9608E+3  
 1.9614E+3  
 1.9608E+3  
 1.9617E+3  
 1.9605E+3  
 1.9614E+3  
 1.9611E+3  
 1.9611E+3  
 1.9614E+3  
 1.9617E+3  
 1.9617E+3  
 1.9614E+3  
 1.9608E+3  
 1.9617E+3  
 1.9611E+3  
 1.9617E+3  
 1.9608E+3  
 1.9617E+3  
 1.9611E+3  
 1.9620E+3  
 1.9614E+3  
 1.9617E+3  
 1.9617E+3  
 1.9611E+3  
 1.9620E+3  
 1.9611E+3  
 1.9620E+3  
 1.9614E+3  
 1.9614E+3  
 1.9611E+3  
 1.9623E+3  
 1.9620E+3  
 1.9611E+3  
 1.9620E+3  
 1.9611E+3  
 1.9617E+3  
 1.9601E+3  
 1.9601E+3  
 1.9601E+3  
 1.9601E+3  
 1.9611E+3  
 1.9605E+3  
 1.9595E+3  
 1.9592E+3  
 1.9592E+3  
 1.9598E+3  
 1.9598E+3  
 1.9598E+3  
 1.9589E+3  
 1.9589E+3  
 1.9580E+3  
 1.9586E+3  
 1.9589E+3  
 1.9589E+3  
 1.9586E+3  
 1.9574E+3  
 1.9583E+3  
 1.9571E+3  
 1.9586E+3  
 1.9571E+3  
 1.9574E+3  
 1.9562E+3  
 1.9568E+3  
 1.9562E+3  
 1.9565E+3  
 1.9571E+3  
 1.9568E+3  
 1.9562E+3  
 1.9562E+3  
 1.9562E+3  
 1.9562E+3  
 1.9562E+3  
 1.9565E+3  
 1.9556E+3  
 1.9543E+3  
 1.9553E+3  
 1.9543E+3  
 1.9550E+3  
 1.9547E+3  
 1.9553E+3  
 1.9540E+3  
 1.9540E+3  
 1.9540E+3  
 1.9540E+3  
 1.9531E+3  
 1.9540E+3  
 1.9537E+3  
 1.9534E+3  
 1.9525E+3  
 1.9531E+3  
 1.9531E+3  
 1.9528E+3  
 1.9528E+3  
 1.9522E+3  
 1.9534E+3  
 1.9534E+3  
 1.9531E+3  
 1.9525E+3  
 1.9534E+3  
 1.9528E+3  
 1.9537E+3  
 1.9525E+3  
 1.9522E+3  
 1.9522E+3  
 1.9525E+3  
 1.9525E+3  
 1.9516E+3  
 1.9519E+3  
 1.9510E+3  
 1.9507E+3  
 1.9513E+3  
 1.9507E+3  
 1.9501E+3  
 1.9507E+3  
 1.9507E+3  
 1.9507E+3  
 1.9507E+3  
 1.9501E+3  
 1.9504E+3  
 1.9507E+3  
 1.9501E+3  
 1.9501E+3  
 1.9510E+3  
 1.9504E+3  
 1.9504E+3  
 1.9485E+3  
 1.9495E+3  
 1.9482E+3  
 1.9495E+3  
 1.9498E+3  
 1.9492E+3  
 1.9479E+3  
 1.9489E+3  
 1.9476E+3  
 1.9470E+3  
 1.9473E+3  
 1.9473E+3  
 1.9458E+3  
 1.9461E+3  
 1.9461E+3  
 1.9464E+3  
 1.9458E+3  
 1.9449E+3  
 1.9458E+3  
 1.9449E+3  
 1.9446E+3  
 1.9455E+3  
 1.9446E+3  
 1.9443E+3  
 1.9455E+3  
 1.9443E+3  
 1.9437E+3  
 1.9437E+3  
 1.9443E+3  
 1.9434E+3  
 1.9446E+3  
 1.9446E+3  
 1.9440E+3  
 1.9443E+3  
 1.9446E+3  
 1.9449E+3  
 1.9440E+3  
 1.9446E+3  
 1.9437E+3  
 1.9440E+3  
 1.9446E+3  
 1.9440E+3  
 1.9440E+3  
 1.9440E+3  
 1.9446E+3  
 1.9443E+3  
 1.9443E+3  
 1.9434E+3  
 1.9443E+3  
 1.9443E+3  
 1.9446E+3  
 1.9443E+3  
 1.9440E+3  
 1.9443E+3  
 1.9440E+3  
 1.9440E+3  
 1.9437E+3  
 1.9437E+3  
 1.9437E+3  
 1.9446E+3  
 1.9440E+3  
 1.9446E+3  
 1.9440E+3  
 1.9440E+3  
 1.9440E+3  
 1.9446E+3  
 1.9443E+3  
 1.9443E+3  
 1.9437E+3  
 1.9440E+3  
 1.9431E+3  
 1.9443E+3  
 1.9443E+3  
 1.9446E+3  
 1.9449E+3  
 1.9446E+3  
 1.9443E+3  
 1.9446E+3  
 1.9443E+3  
 1.9434E+3  
 1.9446E+3  
 1.9434E+3  
 1.9428E+3  
 1.9437E+3  
 1.9431E+3  
 1.9434E+3  
 1.9437E+3  
 1.9434E+3  
 1.9431E+3  
 1.9434E+3  
 1.9437E+3  
 1.9434E+3  
 1.9431E+3  
 1.9428E+3  
 1.9431E+3  
 1.9437E+3  
 1.9437E+3  
 1.9434E+3  
 1.9434E+3  
 1.9437E+3  
 1.9443E+3  
 1.9431E+3  
 1.9437E+3  
 1.9431E+3  
 1.9424E+3  
 1.9431E+3  
 1.9421E+3  
 1.9421E+3  
 1.9424E+3  
 1.9431E+3  
 1.9415E+3  
 1.9415E+3  
 1.9412E+3  
 1.9412E+3  
 1.9412E+3  
 1.9406E+3  
 1.9397E+3  
 1.9400E+3  
 1.9412E+3  
 1.9406E+3  
 1.9400E+3  
 1.9391E+3  
 1.9400E+3  
 1.9391E+3  
 1.9403E+3  
 1.9388E+3  
 1.9388E+3  
 1.9385E+3  
 1.9382E+3  
 1.9388E+3  
 1.9391E+3  
 1.9370E+3  
 1.9370E+3  
 1.9373E+3  
 1.9376E+3  
 1.9360E+3  
 1.9357E+3  
 1.9363E+3  
 1.9370E+3  
 1.9360E+3  
 1.9363E+3  
 1.9363E+3  
 1.9363E+3  
 1.9360E+3  
 1.9357E+3  
 1.9351E+3  
 1.9348E+3  
 1.9354E+3  
 1.9351E+3  
 1.9351E+3  
 1.9357E+3  
 1.9360E+3  
 1.9354E+3  
 1.9348E+3  
 1.9357E+3  
 1.9357E+3  
 1.9348E+3  
 1.9354E+3  
 1.9354E+3  
 1.9345E+3  
 1.9357E+3  
 1.9357E+3  
 1.9354E+3  
 1.9345E+3  
 1.9351E+3  
 1.9354E+3  
 1.9357E+3  
 1.9354E+3  
 1.9354E+3  
 1.9351E+3  
 1.9348E+3  
 1.9354E+3  
 1.9354E+3  
 1.9345E+3  
 1.9348E+3  
 1.9357E+3  
 1.9345E+3  
 1.9354E+3  
 1.9354E+3  
 1.9348E+3  
 1.9354E+3  
 1.9354E+3  
 1.9348E+3  
 1.9348E+3  
 1.9351E+3  
 1.9354E+3  
 1.9345E+3  
 1.9357E+3  
 1.9345E+3  
 1.9360E+3  
 1.9351E+3  
 1.9351E+3  
 1.9345E+3  
 1.9333E+3  
 1.9336E+3  
 1.9339E+3  
 1.9345E+3  
 1.9339E+3  
 1.9333E+3  
 1.9345E+3  
 1.9339E+3  
 1.9342E+3  
 1.9342E+3  
 1.9339E+3  
 1.9345E+3  
 1.9342E+3  
 1.9336E+3  
 1.9330E+3  
 1.9333E+3  
 1.9333E+3  
 1.9330E+3  
 1.9336E+3  
 1.9339E+3  
 1.9327E+3  
 1.9315E+3  
 1.9321E+3  
 1.9321E+3  
 1.9321E+3  
 1.9315E+3  
 1.9321E+3  
 1.9308E+3  
 1.9312E+3  
 1.9312E+3  
 1.9308E+3  
 1.9315E+3  
 1.9308E+3  
 1.9302E+3  
 1.9305E+3  
 1.9296E+3  
 1.9302E+3  
 1.9290E+3  
 1.9293E+3  
 1.9290E+3  
 1.9287E+3  
 1.9293E+3  
 1.9290E+3  
 1.9278E+3  
 1.9281E+3  
 1.9284E+3  
 1.9275E+3  
 1.9278E+3  
 1.9272E+3  
 1.9275E+3  
 1.9263E+3  
 1.9269E+3  
 1.9275E+3  
 1.9266E+3  
 1.9275E+3  
 1.9269E+3  
 1.9269E+3  
 1.9263E+3  
 1.9272E+3  
 1.9266E+3  
 1.9272E+3  
 1.9275E+3  
 1.9269E+3  
 1.9263E+3  
 1.9263E+3  
 1.9266E+3  
 1.9275E+3  
 1.9269E+3  
 1.9272E+3  
 1.9275E+3  
 1.9266E+3  
 1.9269E+3  
 1.9266E+3  
 1.9263E+3  
 1.9275E+3  
 1.9269E+3  
 1.9260E+3  
 1.9272E+3  
 1.9272E+3  
 1.9269E+3  
 1.9266E+3  
 1.9269E+3  
 1.9269E+3  
 1.9269E+3  
 1.9269E+3  
 1.9266E+3  
 1.9272E+3  
 1.9272E+3  
 1.9269E+3  
 1.9278E+3  
 1.9272E+3  
 1.9269E+3  
 1.9275E+3  
 1.9266E+3  
 1.9275E+3  
 1.9272E+3  
 1.9266E+3  
 1.9269E+3  
 1.9263E+3  
 1.9269E+3  
 1.9260E+3  
 1.9275E+3  
 1.9269E+3  
 1.9269E+3  
 1.9269E+3  
 1.9272E+3  
 1.9266E+3  
 1.9272E+3  
 1.9272E+3  
 1.9272E+3  
 1.9272E+3  
 1.9272E+3  
 1.9260E+3  
 1.9269E+3  
 1.9257E+3  
 1.9257E+3  
 1.9260E+3  
 1.9257E+3  
 1.9251E+3  
 1.9260E+3  
 1.9257E+3  
 1.9263E+3  
 1.9247E+3  
 1.9244E+3  
 1.9251E+3  
 1.9244E+3  
 1.9254E+3  
 1.9251E+3  
 1.9241E+3  
 1.9238E+3  
 1.9241E+3  
 1.9235E+3  
 1.9232E+3  
 1.9232E+3  
 1.9232E+3  
 1.9226E+3  
 1.9226E+3  
 1.9217E+3  
 1.9211E+3  
 1.9214E+3  
 1.9220E+3  
 1.9214E+3  
 1.9217E+3  
 1.9214E+3  
 1.9220E+3  
 1.9214E+3  
 1.9217E+3  
 1.9226E+3  
 1.9208E+3  
 1.9202E+3  
 1.9202E+3  
 1.9205E+3  
 1.9202E+3  
 1.9214E+3  
 1.9211E+3  
 1.9211E+3  
 1.9205E+3  
 1.9205E+3  
 1.9196E+3  
 1.9199E+3  
 1.9205E+3  
 1.9199E+3  
 1.9202E+3  
 1.9196E+3  
 1.9180E+3  
 1.9183E+3  
 1.9180E+3  
 1.9174E+3  
 1.9171E+3  
 1.9189E+3  
 1.9180E+3  
 1.9180E+3  
 1.9174E+3  
 1.9162E+3  
 1.9171E+3  
 1.9168E+3  
 1.9174E+3  
 1.9171E+3  
 1.9165E+3  
 1.9168E+3  
 1.9162E+3  
 1.9174E+3  
 1.9168E+3  
 1.9171E+3  
 1.9168E+3  
 1.9168E+3  
 1.9174E+3  
 1.9171E+3  
 1.9165E+3  
 1.9159E+3  
 1.9168E+3  
 1.9171E+3  
 1.9171E+3  
 1.9165E+3  
 1.9165E+3  
 1.9171E+3  
 1.9165E+3  
 1.9171E+3  
 1.9171E+3  
 1.9174E+3  
 1.9171E+3  
 1.9168E+3  
 1.9177E+3  
 1.9168E+3  
 1.9168E+3  
 1.9177E+3  
 1.9168E+3  
 1.9162E+3  
 1.9165E+3  
 1.9168E+3  
 1.9171E+3  
 1.9162E+3  
 1.9174E+3  
 1.9171E+3  
 1.9168E+3  
 1.9165E+3  
 1.9165E+3  
 1.9159E+3  
 1.9168E+3  
 1.9165E+3  
 1.9147E+3  
 1.9156E+3  
 1.9147E+3  
 1.9144E+3  
 1.9156E+3  
 1.9141E+3  
 1.9135E+3  
 1.9138E+3  
 1.9138E+3  
 1.9135E+3  
 1.9122E+3  
 1.9122E+3  
 1.9128E+3  
 1.9119E+3  
 1.9116E+3  
 1.9113E+3  
 1.9119E+3  
 1.9125E+3  
 1.9122E+3  
 1.9107E+3  
 1.9110E+3  
 1.9107E+3  
 1.9104E+3  
 1.9107E+3  
 1.9107E+3  
 1.9101E+3  
 1.9107E+3  
 1.9113E+3  
 1.9098E+3  
 1.9101E+3  
 1.9101E+3  
 1.9098E+3  
 1.9104E+3  
 1.9101E+3  
 1.9092E+3  
 1.9098E+3  
 1.9092E+3  
 1.9086E+3  
 1.9089E+3  
 1.9092E+3  
 1.9089E+3  
 1.9086E+3  
 1.9089E+3  
 1.9083E+3  
 1.9086E+3  
 1.9089E+3  
 1.9077E+3  
 1.9077E+3  
 1.9080E+3  
 1.9073E+3  
 1.9073E+3  
 1.9086E+3  
 1.9086E+3  
 1.9083E+3  
 1.9064E+3  
 1.9070E+3  
 1.9073E+3  
 1.9067E+3  
 1.9061E+3  
 1.9070E+3  
 1.9073E+3  
 1.9070E+3  
 1.9052E+3  
 1.9052E+3  
 1.9058E+3  
 1.9064E+3  
 1.9055E+3  
 1.9049E+3  
 1.9049E+3  
 1.9052E+3  
 1.9055E+3  
 1.9064E+3  
 1.9064E+3  
 1.9061E+3  
 1.9061E+3  
 1.9052E+3  
 1.9061E+3  
 1.9055E+3  
 1.9061E+3  
 1.9046E+3  
 1.9055E+3  
 1.9052E+3  
 1.9055E+3  
 1.9058E+3  
 1.9055E+3  
 1.9058E+3  
 1.9058E+3  
 1.9058E+3  
 1.9055E+3  
 1.9055E+3  
 1.9058E+3  
 1.9052E+3  
 1.9052E+3  
 1.9055E+3  
 1.9064E+3  
 1.9058E+3  
 1.9055E+3  
 1.9052E+3  
 1.9052E+3  
 1.9052E+3  
 1.9055E+3  
 1.9058E+3  
 1.9058E+3  
 1.9058E+3  
 1.9055E+3  
 1.9040E+3  
 1.9052E+3  
 1.9049E+3  
 1.9040E+3  
 1.9046E+3  
 1.9046E+3  
 1.9043E+3  
 1.9052E+3  
 1.9043E+3  
 1.9046E+3  
 1.9040E+3  
 1.9040E+3  
 1.9043E+3  
 1.9049E+3  
 1.9049E+3  
 1.9043E+3  
 1.9049E+3  
 1.9046E+3  
 1.9052E+3  
 1.9043E+3  
 1.9046E+3  
 1.9049E+3  
 1.9034E+3  
 1.9034E+3  
 1.9034E+3  
 1.9037E+3  
 1.9037E+3  
 1.9037E+3  
 1.9037E+3  
 1.9043E+3  
 1.9037E+3  
 1.9028E+3  
 1.9031E+3  
 1.9022E+3  
 1.9028E+3  
 1.9028E+3  
 1.9025E+3  
 1.9022E+3  
 1.9031E+3  
 1.9028E+3  
 1.9022E+3  
 1.9025E+3  
 1.9025E+3  
 1.9022E+3  
 1.9019E+3  
 1.9012E+3  
 1.9012E+3  
 1.9016E+3  
 1.9019E+3  
 1.9016E+3  
 1.9012E+3  
 1.9016E+3  
 1.9012E+3  
 1.9009E+3  
 1.9022E+3  
 1.9016E+3  
 1.9019E+3  
 1.9022E+3  
 1.9009E+3  
 1.9022E+3  
 1.9016E+3  
 1.9006E+3  
 1.9016E+3  
 1.9019E+3  
 1.9006E+3  
 1.9006E+3  
 1.9003E+3  
 1.9003E+3  
 1.9000E+3  
 1.9003E+3  
 1.9003E+3  
 1.9003E+3  
 1.9000E+3  
 1.9006E+3  
 1.9006E+3  
 1.9009E+3  
 1.9012E+3  
 1.9009E+3  
 1.9016E+3  
 1.9006E+3  
 1.9003E+3  
 1.9003E+3  
 1.9012E+3  
 1.9006E+3  
 1.9000E+3  
 1.9006E+3  
 1.9009E+3  
 1.9006E+3  
 1.9000E+3  
 1.9009E+3  
 1.9009E+3  
 1.8991E+3  
 1.8997E+3  
 1.8997E+3  
 1.8991E+3  
 1.8994E+3  
 1.8997E+3  
 1.8982E+3  
 1.8985E+3  
 1.8991E+3  
 1.8994E+3  
 1.8991E+3  
 1.8988E+3  
 1.8973E+3  
 1.8970E+3  
 1.8979E+3  
 1.8976E+3  
 1.8982E+3  
 1.8964E+3  
 1.8970E+3  
 1.8964E+3  
 1.8961E+3  
 1.8961E+3  
 1.8967E+3  
 1.8970E+3  
 1.8964E+3  
 1.8964E+3  
 1.8973E+3  
 1.8970E+3  
 1.8970E+3  
 1.8964E+3  
 1.8970E+3  
 1.8967E+3  
 1.8976E+3  
 1.8961E+3  
 1.8961E+3  
 1.8976E+3  
 1.8964E+3  
 1.8964E+3  
 1.8967E+3  
 1.8970E+3  
 1.8970E+3  
 1.8964E+3  
 1.8964E+3  
 1.8964E+3  
 1.8961E+3  
 1.8970E+3  
 1.8964E+3  
 1.8964E+3  
 1.8964E+3  
 1.8970E+3  
 1.8961E+3  
 1.8973E+3  
 1.8970E+3  
 1.8973E+3  
 1.8964E+3  
 1.8961E+3  
 1.8964E+3  
 1.8961E+3  
 1.8967E+3  
 1.8970E+3  
 1.8970E+3  
 1.8964E+3  
 1.8964E+3  
 1.8967E+3  
 1.8964E+3  
 1.8973E+3  
 1.8964E+3  
 1.8964E+3  
 1.8970E+3  
 1.8964E+3  
 1.8967E+3  
 1.8967E+3  
 1.8973E+3  
 1.8964E+3  
 1.8964E+3  
 1.8964E+3  
 1.8961E+3  
 1.8970E+3  
 1.8973E+3  
 1.8954E+3  
 1.8964E+3  
 1.8958E+3  
 1.8961E+3  
 1.8958E+3  
 1.8954E+3  
 1.8951E+3  
 1.8961E+3  
 1.8958E+3  
 1.8958E+3  
 1.8951E+3  
 1.8951E+3  
 1.8958E+3  
 1.8951E+3  
 1.8945E+3  
 1.8942E+3  
 1.8942E+3  
 1.8942E+3  
 1.8951E+3  
 1.8948E+3  
 1.8954E+3  
 1.8948E+3  
 1.8948E+3  
 1.8939E+3  
 1.8939E+3  
 1.8933E+3  
 1.8936E+3  
 1.8936E+3  
 1.8939E+3  
 1.8930E+3  
 1.8921E+3  
 1.8921E+3  
 1.8924E+3  
 1.8927E+3  
 1.8927E+3  
 1.8918E+3  
 1.8924E+3  
 1.8924E+3  
 1.8930E+3  
 1.8924E+3  
 1.8927E+3  
 1.8924E+3  
 1.8924E+3  
 1.8927E+3  
 1.8921E+3  
 1.8924E+3  
 1.8918E+3  
 1.8930E+3  
 1.8918E+3  
 1.8927E+3  
 1.8924E+3  
 1.8933E+3  
 1.8918E+3  
 1.8933E+3  
 1.8924E+3  
 1.8918E+3  
 1.8930E+3  
 1.8933E+3  
 1.8924E+3  
 1.8921E+3  
 1.8924E+3  
 1.8927E+3  
 1.8930E+3  
 1.8921E+3  
 1.8924E+3  
 1.8924E+3  
 1.8927E+3  
 1.8930E+3  
 1.8918E+3  
 1.8912E+3  
 1.8915E+3  
 1.8918E+3  
 1.8918E+3  
 1.8912E+3  
 1.8921E+3  
 1.8921E+3  
 1.8915E+3  
 1.8918E+3  
 1.8915E+3  
 1.8909E+3  
 1.8906E+3  
 1.8909E+3  
 1.8900E+3  
 1.8896E+3  
 1.8909E+3  
 1.8900E+3  
 1.8900E+3  
 1.8890E+3  
 1.8890E+3  
 1.8893E+3  
 1.8900E+3  
 1.8893E+3  
 1.8903E+3  
 1.8893E+3  
 1.8887E+3  
 1.8887E+3  
 1.8900E+3  
 1.8896E+3  
 1.8900E+3  
 1.8896E+3  
 1.8903E+3  
 1.8887E+3  
 1.8881E+3  
 1.8878E+3  
 1.8878E+3  
 1.8881E+3  
 1.8881E+3  
 1.8884E+3  
 1.8887E+3  
 1.8890E+3  
 1.8881E+3  
 1.8869E+3  
 1.8875E+3  
 1.8869E+3  
 1.8866E+3  
 1.8869E+3  
 1.8869E+3  
 1.8866E+3  
 1.8869E+3  
 1.8869E+3  
 1.8869E+3  
 1.8872E+3  
 1.8872E+3  
 1.8869E+3  
 1.8866E+3  
 1.8875E+3  
 1.8872E+3  
 1.8866E+3  
 1.8866E+3  
 1.8860E+3  
 1.8860E+3  
 1.8860E+3  
 1.8863E+3  
 1.8857E+3  
 1.8860E+3  
 1.8839E+3  
 1.8845E+3  
 1.8839E+3  
 1.8845E+3  
 1.8835E+3  
 1.8832E+3  
 1.8832E+3  
 1.8826E+3  
 1.8829E+3  
 1.8826E+3  
 1.8829E+3  
 1.8829E+3  
 1.8835E+3  
 1.8829E+3  
 1.8829E+3  
 1.8835E+3  
 1.8826E+3  
 1.8826E+3  
 1.8839E+3  
 1.8829E+3  
 1.8823E+3  
 1.8823E+3  
 1.8835E+3  
 1.8829E+3  
 1.8829E+3  
 1.8829E+3  
 1.8835E+3  
 1.8832E+3  
 1.8832E+3  
 1.8826E+3  
 1.8829E+3  
 1.8835E+3  
 1.8835E+3  
 1.8826E+3  
 1.8835E+3  
 1.8829E+3  
 1.8826E+3  
 1.8829E+3  
 1.8832E+3  
 1.8826E+3  
 1.8835E+3  
 1.8826E+3  
 1.8835E+3  
 1.8829E+3  
 1.8829E+3  
 1.8826E+3  
 1.8832E+3  
 1.8835E+3  
 1.8826E+3  
 1.8820E+3  
 1.8823E+3  
 1.8826E+3  
 1.8817E+3  
 1.8814E+3  
 1.8820E+3  
 1.8814E+3  
 1.8808E+3  
 1.8814E+3  
 1.8805E+3  
 1.8808E+3  
 1.8799E+3  
 1.8811E+3  
 1.8808E+3  
 1.8811E+3  
 1.8811E+3  
 1.8802E+3  
 1.8805E+3  
 1.8814E+3  
 1.8811E+3  
 1.8814E+3  
 1.8805E+3  
 1.8811E+3  
 1.8805E+3  
 1.8805E+3  
 1.8802E+3  
 1.8799E+3  
 1.8805E+3  
 1.8805E+3  
 1.8805E+3  
 1.8805E+3  
 1.8787E+3  
 1.8793E+3  
 1.8784E+3  
 1.8793E+3  
 1.8784E+3  
 1.8793E+3  
 1.8777E+3  
 1.8777E+3  
 1.8777E+3  
 1.8777E+3  
 1.8774E+3  
 1.8784E+3  
 1.8762E+3  
 1.8768E+3  
 1.8768E+3  
 1.8765E+3  
 1.8774E+3  
 1.8768E+3  
 1.8765E+3  
 1.8771E+3  
 1.8765E+3  
 1.8759E+3  
 1.8753E+3  
 1.8750E+3  
 1.8768E+3  
 1.8762E+3  
 1.8753E+3  
 1.8753E+3  
 1.8759E+3  
 1.8753E+3  
 1.8750E+3  
 1.8762E+3  
 1.8756E+3  
 1.8762E+3  
 1.8753E+3  
 1.8762E+3  
 1.8747E+3  
 1.8756E+3  
 1.8762E+3  
 1.8759E+3  
 1.8753E+3  
 1.8750E+3  
 1.8765E+3  
 1.8756E+3  
 1.8753E+3  
 1.8762E+3  
 1.8750E+3  
 1.8756E+3  
 1.8753E+3  
 1.8756E+3  
 1.8756E+3  
 1.8756E+3  
 1.8750E+3  
 1.8753E+3  
 1.8753E+3  
 1.8753E+3  
 1.8759E+3  
 1.8765E+3  
 1.8750E+3  
 1.8744E+3  
 1.8744E+3  
 1.8753E+3  
 1.8747E+3  
 1.8735E+3  
 1.8738E+3  
 1.8735E+3  
 1.8744E+3  
 1.8732E+3  
 1.8729E+3  
 1.8741E+3  
 1.8726E+3  
 1.8726E+3  
 1.8719E+3  
 1.8723E+3  
 1.8729E+3  
 1.8726E+3  
 1.8723E+3  
 1.8726E+3  
 1.8719E+3  
 1.8716E+3  
 1.8707E+3  
 1.8719E+3  
 1.8710E+3  
 1.8710E+3  
 1.8698E+3  
 1.8707E+3  
 1.8698E+3  
 1.8704E+3  
 1.8707E+3  
 1.8704E+3  
 1.8698E+3  
 1.8695E+3  
 1.8689E+3  
 1.8692E+3  
 1.8695E+3  
 1.8695E+3  
 1.8692E+3  
 1.8689E+3  
 1.8692E+3  
 1.8692E+3  
 1.8698E+3  
 1.8689E+3  
 1.8689E+3  
 1.8686E+3  
 1.8698E+3  
 1.8704E+3  
 1.8698E+3  
 1.8695E+3  
 1.8689E+3  
 1.8692E+3  
 1.8692E+3  
 1.8701E+3  
 1.8689E+3  
 1.8692E+3  
 1.8698E+3  
 1.8689E+3  
 1.8695E+3  
 1.8698E+3  
 1.8695E+3  
 1.8689E+3  
 1.8698E+3  
 1.8701E+3  
 1.8695E+3  
 1.8689E+3  
 1.8686E+3  
 1.8686E+3  
 1.8701E+3  
 1.8686E+3  
 1.8689E+3  
 1.8686E+3  
 1.8698E+3  
 1.8692E+3  
 1.8698E+3  
 1.8692E+3  
 1.8692E+3  
 1.8698E+3  
 1.8689E+3  
 1.8683E+3  
 1.8692E+3  
 1.8683E+3  
 1.8677E+3  
 1.8680E+3  
 1.8677E+3  
 1.8674E+3  
 1.8674E+3  
 1.8677E+3  
 1.8668E+3  
 1.8677E+3  
 1.8671E+3  
 1.8674E+3  
 1.8655E+3  
 1.8658E+3  
 1.8655E+3  
 1.8662E+3  
 1.8665E+3  
 1.8658E+3  
 1.8655E+3  
 1.8655E+3  
 1.8665E+3  
 1.8655E+3  
 1.8655E+3  
 1.8652E+3  
 1.8655E+3  
 1.8646E+3  
 1.8652E+3  
 1.8649E+3  
 1.8655E+3  
 1.8658E+3  
 1.8640E+3  
 1.8631E+3  
 1.8643E+3  
 1.8643E+3  
 1.8640E+3  
 1.8643E+3  
 1.8637E+3  
 1.8628E+3  
 1.8628E+3  
 1.8637E+3  
 1.8634E+3  
 1.8625E+3  
 1.8619E+3  
 1.8625E+3  
 1.8619E+3  
 1.8625E+3  
 1.8619E+3  
 1.8619E+3  
 1.8619E+3  
 1.8616E+3  
 1.8622E+3  
 1.8619E+3  
 1.8616E+3  
 1.8628E+3  
 1.8613E+3  
 1.8610E+3  
 1.8607E+3  
 1.8607E+3  
 1.8604E+3  
 1.8607E+3  
 1.8613E+3  
 1.8600E+3  
 1.8607E+3  
 1.8607E+3  
 1.8610E+3  
 1.8613E+3  
 1.8613E+3  
 1.8613E+3  
 1.8607E+3  
 1.8610E+3  
 1.8610E+3  
 1.8604E+3  
 1.8607E+3  
 1.8600E+3  
 1.8610E+3  
 1.8616E+3  
 1.8600E+3  
 1.8613E+3  
 1.8604E+3  
 1.8616E+3  
 1.8610E+3  
 1.8607E+3  
 1.8616E+3  
 1.8604E+3  
 1.8613E+3  
 1.8613E+3  
 1.8604E+3  
 1.8604E+3  
 1.8607E+3  
 1.8616E+3  
 1.8610E+3  
 1.8604E+3  
 1.8600E+3  
 1.8613E+3  
 1.8610E+3  
 1.8610E+3  
 1.8607E+3  
 1.8607E+3  
 1.8610E+3  
 1.8607E+3  
 1.8610E+3  
 1.8616E+3  
 1.8594E+3  
 1.8597E+3  
 1.8600E+3  
 1.8591E+3  
 1.8600E+3  
 1.8591E+3  
 1.8597E+3  
 1.8582E+3  
 1.8594E+3  
 1.8582E+3  
 1.8582E+3  
 1.8585E+3  
 1.8591E+3  
 1.8591E+3  
 1.8585E+3  
 1.8585E+3  
 1.8579E+3  
 1.8585E+3  
 1.8591E+3  
 1.8591E+3  
 1.8582E+3  
 1.8591E+3  
 1.8579E+3  
 1.8579E+3  
 1.8585E+3  
 1.8582E+3  
 1.8579E+3  
 1.8591E+3  
 1.8579E+3  
 1.8570E+3  
 1.8573E+3  
 1.8585E+3  
 1.8570E+3  
 1.8573E+3  
 1.8576E+3  
 1.8579E+3  
 1.8582E+3  
 1.8567E+3  
 1.8570E+3  
 1.8573E+3  
 1.8561E+3  
 1.8561E+3  
 1.8567E+3  
 1.8552E+3  
 1.8558E+3  
 1.8555E+3  
 1.8567E+3  
 1.8555E+3  
 1.8555E+3  
 1.8555E+3  
 1.8558E+3  
 1.8561E+3  
 1.8555E+3  
 1.8558E+3  
 1.8561E+3  
 1.8552E+3  
 1.8561E+3  
 1.8555E+3  
 1.8558E+3  
 1.8558E+3  
 1.8549E+3  
 1.8558E+3  
 1.8555E+3  
 1.8558E+3  
 1.8555E+3  
 1.8549E+3  
 1.8555E+3  
 1.8555E+3  
 1.8549E+3  
 1.8564E+3  
 1.8555E+3  
 1.8555E+3  
 1.8549E+3  
 1.8561E+3  
 1.8555E+3  
 1.8555E+3  
 1.8564E+3  
 1.8558E+3  
 1.8546E+3  
 1.8549E+3  
 1.8561E+3  
 1.8558E+3  
 1.8552E+3  
 1.8539E+3  
 1.8539E+3  
 1.8542E+3  
 1.8536E+3  
 1.8539E+3  
 1.8546E+3  
 1.8546E+3  
 1.8539E+3  
 1.8539E+3  
 1.8530E+3  
 1.8539E+3  
 1.8539E+3  
 1.8515E+3  
 1.8518E+3  
 1.8515E+3  
 1.8512E+3  
 1.8506E+3  
 1.8509E+3  
 1.8497E+3  
 1.8509E+3  
 1.8503E+3  
 1.8497E+3  
 1.8503E+3  
 1.8497E+3  
 1.8481E+3  
 1.8491E+3  
 1.8491E+3  
 1.8488E+3  
 1.8494E+3  
 1.8494E+3  
 1.8503E+3  
 1.8488E+3  
 1.8478E+3  
 1.8485E+3  
 1.8481E+3  
 1.8488E+3  
 1.8485E+3  
 1.8478E+3  
 1.8475E+3  
 1.8469E+3  
 1.8466E+3  
 1.8472E+3  
 1.8472E+3  
 1.8478E+3  
 1.8460E+3  
 1.8460E+3  
 1.8454E+3  
 1.8460E+3  
 1.8466E+3  
 1.8463E+3  
 1.8454E+3  
 1.8454E+3  
 1.8454E+3  
 1.8466E+3  
 1.8457E+3  
 1.8463E+3  
 1.8463E+3  
 1.8460E+3  
 1.8451E+3  
 1.8463E+3  
 1.8460E+3  
 1.8463E+3  
 1.8454E+3  
 1.8460E+3  
 1.8460E+3  
 1.8463E+3  
 1.8469E+3  
 1.8454E+3  
 1.8451E+3  
 1.8460E+3  
 1.8454E+3  
 1.8463E+3  
 1.8457E+3  
 1.8463E+3  
 1.8457E+3  
 1.8457E+3  
 1.8457E+3  
 1.8454E+3  
 1.8463E+3  
 1.8454E+3  
 1.8454E+3  
 1.8463E+3  
 1.8463E+3  
 1.8460E+3  
 1.8460E+3  
 1.8457E+3  
 1.8457E+3  
 1.8460E+3  
 1.8460E+3  
 1.8463E+3  
 1.8457E+3  
 1.8451E+3  
 1.8463E+3  
 1.8454E+3  
 1.8448E+3  
 1.8451E+3  
 1.8442E+3  
 1.8445E+3  
 1.8448E+3  
 1.8445E+3  
 1.8454E+3  
 1.8436E+3  
 1.8436E+3  
 1.8433E+3  
 1.8433E+3  
 1.8427E+3  
 1.8427E+3  
 1.8430E+3  
 1.8423E+3  
 1.8417E+3  
 1.8420E+3  
 1.8427E+3  
 1.8414E+3  
 1.8417E+3  
 1.8414E+3  
 1.8414E+3  
 1.8408E+3  
 1.8411E+3  
 1.8408E+3  
 1.8396E+3  
 1.8402E+3  
 1.8396E+3  
 1.8393E+3  
 1.8393E+3  
 1.8399E+3  
 1.8399E+3  
 1.8396E+3  
 1.8390E+3  
 1.8393E+3  
 1.8384E+3  
 1.8384E+3  
 1.8387E+3  
 1.8387E+3  
 1.8387E+3  
 1.8384E+3  
 1.8384E+3  
 1.8387E+3  
 1.8387E+3  
 1.8396E+3  
 1.8381E+3  
 1.8387E+3  
 1.8384E+3  
 1.8387E+3  
 1.8384E+3  
 1.8393E+3  
 1.8384E+3  
 1.8384E+3  
 1.8390E+3  
 1.8384E+3  
 1.8384E+3  
 1.8387E+3  
 1.8378E+3  
 1.8393E+3  
 1.8387E+3  
 1.8387E+3  
 1.8390E+3  
 1.8390E+3  
 1.8384E+3  
 1.8384E+3  
 1.8393E+3  
 1.8387E+3  
 1.8390E+3  
 1.8381E+3  
 1.8390E+3  
 1.8396E+3  
 1.8393E+3  
 1.8381E+3  
 1.8387E+3  
 1.8381E+3  
 1.8387E+3  
 1.8393E+3  
 1.8393E+3  
 1.8387E+3  
 1.8375E+3  
 1.8375E+3  
 1.8372E+3  
 1.8378E+3  
 1.8378E+3  
 1.8378E+3  
 1.8369E+3  
 1.8381E+3  
 1.8378E+3  
 1.8378E+3  
 1.8378E+3  
 1.8375E+3  
 1.8372E+3  
 1.8372E+3  
 1.8362E+3  
 1.8369E+3  
 1.8372E+3  
 1.8359E+3  
 1.8353E+3  
 1.8356E+3  
 1.8356E+3  
 1.8350E+3  
 1.8350E+3  
 1.8359E+3  
 1.8359E+3  
 1.8350E+3  
 1.8350E+3  
 1.8344E+3  
 1.8335E+3  
 1.8338E+3  
 1.8347E+3  
 1.8350E+3  
 1.8347E+3  
 1.8353E+3  
 1.8329E+3  
 1.8341E+3  
 1.8329E+3  
 1.8332E+3  
 1.8341E+3  
 1.8335E+3  
 1.8332E+3  
 1.8338E+3  
 1.8338E+3  
 1.8329E+3  
 1.8338E+3  
 1.8332E+3  
 1.8329E+3  
 1.8338E+3  
 1.8326E+3  
 1.8326E+3  
 1.8323E+3  
 1.8326E+3  
 1.8323E+3  
 1.8329E+3  
 1.8323E+3  
 1.8326E+3  
 1.8326E+3  
 1.8323E+3  
 1.8323E+3  
 1.8326E+3  
 1.8323E+3  
 1.8326E+3  
 1.8320E+3  
 1.8323E+3  
 1.8326E+3  
 1.8317E+3  
 1.8317E+3  
 1.8311E+3  
 1.8308E+3  
 1.8317E+3  
 1.8320E+3  
 1.8317E+3  
 1.8308E+3  
 1.8314E+3  
 1.8308E+3  
 1.8308E+3  
 1.8314E+3  
 1.8308E+3  
 1.8314E+3  
 1.8317E+3  
 1.8304E+3  
 1.8317E+3  
 1.8311E+3  
 1.8308E+3  
 1.8311E+3  
 1.8311E+3  
 1.8320E+3  
 1.8314E+3  
 1.8311E+3  
 1.8314E+3  
 1.8308E+3  
 1.8308E+3  
 1.8317E+3  
 1.8314E+3  
 1.8320E+3  
 1.8308E+3  
 1.8311E+3  
 1.8317E+3  
 1.8314E+3  
 1.8311E+3  
 1.8311E+3  
 1.8308E+3  
 1.8308E+3  
 1.8304E+3  
 1.8304E+3  
 1.8308E+3  
 1.8308E+3  
 1.8314E+3  
 1.8311E+3  
 1.8323E+3  
 1.8311E+3  
 1.8311E+3  
 1.8314E+3  
 1.8320E+3  
 1.8311E+3  
 1.8311E+3  
 1.8320E+3  
 1.8311E+3  
 1.8301E+3  
 1.8308E+3  
 1.8311E+3  
 1.8311E+3  
 1.8320E+3  
 1.8311E+3  
 1.8308E+3  
 1.8311E+3  
 1.8314E+3  
 1.8320E+3  
 1.8314E+3  
 1.8317E+3  
 1.8311E+3  
 1.8317E+3  
 1.8314E+3  
 1.8314E+3  
 1.8317E+3  
 1.8317E+3  
 1.8317E+3  
 1.8317E+3  
 1.8317E+3  
 1.8311E+3  
 1.8317E+3  
 1.8311E+3  
 1.8320E+3  
 1.8317E+3  
 1.8314E+3  
 1.8317E+3  
 1.8308E+3  
 1.8314E+3  
 1.8308E+3  
 1.8304E+3  
 1.8311E+3  
 1.8298E+3  
 1.8308E+3  
 1.8304E+3  
 1.8304E+3  
 1.8304E+3  
 1.8308E+3  
 1.8317E+3  
 1.8289E+3  
 1.8301E+3  
 1.8295E+3  
 1.8292E+3  
 1.8298E+3  
 1.8295E+3  
 1.8298E+3  
 1.8304E+3  
 1.8286E+3  
 1.8298E+3  
 1.8298E+3  
 1.8292E+3  
 1.8292E+3  
 1.8295E+3  
 1.8298E+3  
 1.8286E+3  
 1.8295E+3  
 1.8280E+3  
 1.8286E+3  
 1.8280E+3  
 1.8283E+3  
 1.8280E+3  
 1.8274E+3  
 1.8274E+3  
 1.8268E+3  
 1.8280E+3  
 1.8277E+3  
 1.8262E+3  
 1.8265E+3  
 1.8265E+3  
 1.8268E+3  
 1.8265E+3  
 1.8262E+3  
 1.8268E+3  
 1.8268E+3  
 1.8268E+3  
 1.8265E+3  
 1.8268E+3  
 1.8253E+3  
 1.8256E+3  
 1.8262E+3  
 1.8253E+3  
 1.8246E+3  
 1.8246E+3  
 1.8243E+3  
 1.8259E+3  
 1.8259E+3  
 1.8240E+3  
 1.8253E+3  
 1.8246E+3  
 1.8250E+3  
 1.8243E+3  
 1.8243E+3  
 1.8234E+3  
 1.8231E+3  
 1.8240E+3  
 1.8237E+3  
 1.8231E+3  
 1.8240E+3  
 1.8228E+3  
 1.8228E+3  
 1.8231E+3  
 1.8228E+3  
 1.8228E+3  
 1.8222E+3  
 1.8219E+3  
 1.8231E+3  
 1.8225E+3  
 1.8216E+3  
 1.8216E+3  
 1.8219E+3  
 1.8219E+3  
 1.8219E+3  
 1.8219E+3  
 1.8222E+3  
 1.8225E+3  
 1.8216E+3  
 1.8222E+3  
 1.8222E+3  
 1.8216E+3  
 1.8222E+3  
 1.8222E+3  
 1.8216E+3  
 1.8210E+3  
 1.8216E+3  
 1.8219E+3  
 1.8216E+3  
 1.8219E+3  
 1.8210E+3  
 1.8216E+3  
 1.8213E+3  
 1.8222E+3  
 1.8213E+3  
 1.8213E+3  
 1.8210E+3  
 1.8219E+3  
 1.8210E+3  
 1.8216E+3  
 1.8210E+3  
 1.8213E+3  
 1.8213E+3  
 1.8216E+3  
 1.8213E+3  
 1.8204E+3  
 1.8213E+3  
 1.8210E+3  
 1.8219E+3  
 1.8210E+3  
 1.8210E+3  
 1.8204E+3  
 1.8207E+3  
 1.8207E+3  
 1.8201E+3  
 1.8213E+3  
 1.8207E+3  
 1.8207E+3  
 1.8201E+3  
 1.8204E+3  
 1.8207E+3  
 1.8192E+3  
 1.8198E+3  
 1.8201E+3  
 1.8192E+3  
 1.8201E+3  
 1.8195E+3  
 1.8188E+3  
 1.8192E+3  
 1.8179E+3  
 1.8179E+3  
 1.8188E+3  
 1.8188E+3  
 1.8179E+3  
 1.8179E+3  
 1.8185E+3  
 1.8170E+3  
 1.8179E+3  
 1.8167E+3  
 1.8164E+3  
 1.8167E+3  
 1.8173E+3  
 1.8173E+3  
 1.8161E+3  
 1.8155E+3  
 1.8164E+3  
 1.8158E+3  
 1.8161E+3  
 1.8164E+3  
 1.8161E+3  
 1.8164E+3  
 1.8167E+3  
 1.8155E+3  
 1.8164E+3  
 1.8161E+3  
 1.8155E+3  
 1.8143E+3  
 1.8152E+3  
 1.8146E+3  
 1.8143E+3  
 1.8155E+3  
 1.8146E+3  
 1.8146E+3  
 1.8143E+3  
 1.8152E+3  
 1.8155E+3  
 1.8149E+3  
 1.8131E+3  
 1.8134E+3  
 1.8143E+3  
 1.8140E+3  
 1.8140E+3  
 1.8140E+3  
 1.8127E+3  
 1.8131E+3  
 1.8143E+3  
 1.8143E+3  
 1.8131E+3  
 1.8134E+3  
 1.8131E+3  
 1.8140E+3  
 1.8131E+3  
 1.8137E+3  
 1.8134E+3  
 1.8134E+3  
 1.8127E+3  
 1.8127E+3  
 1.8124E+3  
 1.8121E+3  
 1.8118E+3  
 1.8115E+3  
 1.8118E+3  
 1.8118E+3  
 1.8127E+3  
 1.8121E+3  
 1.8127E+3  
 1.8124E+3  
 1.8115E+3  
 1.8124E+3  
 1.8115E+3  
 1.8124E+3  
 1.8127E+3  
 1.8115E+3  
 1.8118E+3  
 1.8115E+3  
 1.8124E+3  
 1.8121E+3  
 1.8121E+3  
 1.8127E+3  
 1.8127E+3  
 1.8115E+3  
 1.8127E+3  
 1.8124E+3  
 1.8124E+3  
 1.8121E+3  
 1.8118E+3  
 1.8118E+3  
 1.8121E+3  
 1.8118E+3  
 1.8124E+3  
 1.8121E+3  
 1.8118E+3  
 1.8115E+3  
 1.8118E+3  
 1.8115E+3  
 1.8115E+3  
 1.8121E+3  
 1.8118E+3  
 1.8115E+3  
 1.8112E+3  
 1.8124E+3  
 1.8121E+3  
 1.8121E+3  
 1.8118E+3  
 1.8118E+3  
 1.8121E+3  
 1.8115E+3  
 1.8118E+3  
 1.8118E+3  
 1.8118E+3  
 1.8115E+3  
 1.8118E+3  
 1.8127E+3  
 1.8121E+3  
 1.8118E+3  
 1.8112E+3  
 1.8112E+3  
 1.8109E+3  
 1.8115E+3  
 1.8109E+3  
 1.8115E+3  
 1.8109E+3  
 1.8100E+3  
 1.8097E+3  
 1.8106E+3  
 1.8097E+3  
 1.8097E+3  
 1.8091E+3  
 1.8091E+3  
 1.8094E+3  
 1.8069E+3  
 1.8079E+3  
 1.8073E+3  
 1.8073E+3  
 1.8069E+3  
 1.8069E+3  
 1.8063E+3  
 1.8063E+3  
 1.8060E+3  
 1.8060E+3  
 1.8060E+3  
 1.8060E+3  
 1.8054E+3  
 1.8057E+3  
 1.8054E+3  
 1.8054E+3  
 1.8042E+3  
 1.8045E+3  
 1.8051E+3  
 1.8042E+3  
 1.8042E+3  
 1.8042E+3  
 1.8042E+3  
 1.8042E+3  
 1.8054E+3  
 1.8045E+3  
 1.8045E+3  
 1.8048E+3  
 1.8042E+3  
 1.8045E+3  
 1.8048E+3  
 1.8048E+3  
 1.8036E+3  
 1.8042E+3  
 1.8039E+3  
 1.8045E+3  
 1.8045E+3  
 1.8042E+3  
 1.8039E+3  
 1.8042E+3  
 1.8045E+3  
 1.8039E+3  
 1.8045E+3  
 1.8048E+3  
 1.8045E+3  
 1.8039E+3  
 1.8036E+3  
 1.8042E+3  
 1.8039E+3  
 1.8039E+3  
 1.8042E+3  
 1.8045E+3  
 1.8048E+3  
 1.8045E+3  
 1.8036E+3  
 1.8039E+3  
 1.8048E+3  
 1.8042E+3  
 1.8042E+3  
 1.8036E+3  
 1.8039E+3  
 1.8027E+3  
 1.8030E+3  
 1.8033E+3  
 1.8033E+3  
 1.8036E+3  
 1.8033E+3  
 1.8024E+3  
 1.8033E+3  
 1.8011E+3  
 1.8024E+3  
 1.8018E+3  
 1.8015E+3  
 1.8005E+3  
 1.8011E+3  
 1.8008E+3  
 1.8008E+3  
 1.8011E+3  
 1.8008E+3  
 1.8011E+3  
 1.8008E+3  
 1.8015E+3  
 1.8005E+3  
 1.7993E+3  
 1.7993E+3  
 1.8002E+3  
 1.7996E+3  
 1.8005E+3  
 1.8002E+3  
 1.7999E+3  
 1.7996E+3  
 1.7996E+3  
 1.7984E+3  
 1.7984E+3  
 1.7996E+3  
 1.7990E+3  
 1.7984E+3  
 1.7987E+3  
 1.7984E+3  
 1.7990E+3  
 1.7993E+3  
 1.7984E+3  
 1.7975E+3  
 1.7975E+3  
 1.7981E+3  
 1.7984E+3  
 1.7978E+3  
 1.7978E+3  
 1.7981E+3  
 1.7975E+3  
 1.7981E+3  
 1.7972E+3  
 1.7972E+3  
 1.7975E+3  
 1.7972E+3  
 1.7978E+3  
 1.7975E+3  
 1.7978E+3  
 1.7972E+3  
 1.7981E+3  
 1.7975E+3  
 1.7978E+3  
 1.7972E+3  
 1.7981E+3  
 1.7981E+3  
 1.7972E+3  
 1.7972E+3  
 1.7978E+3  
 1.7978E+3  
 1.7984E+3  
 1.7978E+3  
 1.7975E+3  
 1.7975E+3  
 1.7975E+3  
 1.7984E+3  
 1.7984E+3  
 1.7975E+3  
 1.7981E+3  
 1.7972E+3  
 1.7975E+3  
 1.7981E+3  
 1.7978E+3  
 1.7981E+3  
 1.7975E+3  
 1.7984E+3  
 1.7978E+3  
 1.7978E+3  
 1.7981E+3  
 1.7975E+3  
 1.7978E+3  
 1.7981E+3  
 1.7972E+3  
 1.7984E+3  
 1.7984E+3  
 1.7972E+3  
 1.7981E+3  
 1.7981E+3  
 1.7981E+3  
 1.7960E+3  
 1.7975E+3  
 1.7966E+3  
 1.7972E+3  
 1.7972E+3  
 1.7966E+3  
 1.7963E+3  
 1.7969E+3  
 1.7972E+3  
 1.7963E+3  
 1.7960E+3  
 1.7966E+3  
 1.7954E+3  
 1.7954E+3  
 1.7950E+3  
 1.7954E+3  
 1.7954E+3  
 1.7957E+3  
 1.7941E+3  
 1.7932E+3  
 1.7941E+3  
 1.7935E+3  
 1.7935E+3  
 1.7932E+3  
 1.7923E+3  
 1.7929E+3  
 1.7920E+3  
 1.7911E+3  
 1.7914E+3  
 1.7911E+3  
 1.7892E+3  
 1.7902E+3  
 1.7892E+3  
 1.7880E+3  
 1.7892E+3  
 1.7889E+3  
 1.7880E+3  
 1.7877E+3  
 1.7880E+3  
 1.7877E+3  
 1.7874E+3  
 1.7874E+3  
 1.7874E+3  
 1.7862E+3  
 1.7862E+3  
 1.7865E+3  
 1.7868E+3  
 1.7862E+3  
 1.7871E+3  
 1.7865E+3  
 1.7862E+3  
 1.7868E+3  
 1.7862E+3  
 1.7868E+3  
 1.7865E+3  
 1.7859E+3  
 1.7868E+3  
 1.7865E+3  
 1.7865E+3  
 1.7865E+3  
 1.7865E+3  
 1.7868E+3  
 1.7868E+3  
 1.7862E+3  
 1.7862E+3  
 1.7859E+3  
 1.7865E+3  
 1.7859E+3  
 1.7859E+3  
 1.7865E+3  
 1.7859E+3  
 1.7862E+3  
 1.7862E+3  
 1.7856E+3  
 1.7862E+3  
 1.7859E+3  
 1.7865E+3  
 1.7856E+3  
 1.7865E+3  
 1.7856E+3  
 1.7871E+3  
 1.7859E+3  
 1.7856E+3  
 1.7865E+3  
 1.7850E+3  
 1.7844E+3  
 1.7850E+3  
 1.7844E+3  
 1.7856E+3  
 1.7853E+3  
 1.7847E+3  
 1.7850E+3  
 1.7847E+3  
 1.7853E+3  
 1.7838E+3  
 1.7838E+3  
 1.7834E+3  
 1.7838E+3  
 1.7838E+3  
 1.7838E+3  
 1.7831E+3  
 1.7831E+3  
 1.7825E+3  
 1.7828E+3  
 1.7831E+3  
 1.7819E+3  
 1.7813E+3  
 1.7807E+3  
 1.7804E+3  
 1.7807E+3  
 1.7792E+3  
 1.7789E+3  
 1.7798E+3  
 1.7789E+3  
 1.7786E+3  
 1.7789E+3  
 1.7777E+3  
 1.7773E+3  
 1.7786E+3  
 1.7795E+3  
 1.7786E+3  
 1.7780E+3  
 1.7780E+3  
 1.7783E+3  
 1.7780E+3  
 1.7792E+3  
 1.7783E+3  
 1.7780E+3  
 1.7786E+3  
 1.7792E+3  
 1.7780E+3  
 1.7780E+3  
 1.7789E+3  
 1.7780E+3  
 1.7777E+3  
 1.7780E+3  
 1.7786E+3  
 1.7786E+3  
 1.7783E+3  
 1.7780E+3  
 1.7780E+3  
 1.7773E+3  
 1.7789E+3  
 1.7780E+3  
 1.7780E+3  
 1.7783E+3  
 1.7786E+3  
 1.7767E+3  
 1.7770E+3  
 1.7777E+3  
 1.7767E+3  
 1.7770E+3  
 1.7773E+3  
 1.7758E+3  
 1.7758E+3  
 1.7764E+3  
 1.7764E+3  
 1.7761E+3  
 1.7764E+3  
 1.7755E+3  
 1.7752E+3  
 1.7761E+3  
 1.7749E+3  
 1.7749E+3  
 1.7743E+3  
 1.7740E+3  
 1.7743E+3  
 1.7737E+3  
 1.7749E+3  
 1.7731E+3  
 1.7731E+3  
 1.7737E+3  
 1.7731E+3  
 1.7740E+3  
 1.7731E+3  
 1.7731E+3  
 1.7737E+3  
 1.7731E+3  
 1.7737E+3  
 1.7728E+3  
 1.7737E+3  
 1.7731E+3  
 1.7731E+3  
 1.7731E+3  
 1.7737E+3  
 1.7734E+3  
 1.7734E+3  
 1.7725E+3  
 1.7734E+3  
 1.7725E+3  
 1.7737E+3  
 1.7734E+3  
 1.7737E+3  
 1.7740E+3  
 1.7740E+3  
 1.7731E+3  
 1.7731E+3  
 1.7719E+3  
 1.7728E+3  
 1.7728E+3  
 1.7725E+3  
 1.7728E+3  
 1.7725E+3  
 1.7728E+3  
 1.7725E+3  
 1.7728E+3  
 1.7719E+3  
 1.7715E+3  
 1.7709E+3  
 1.7712E+3  
 1.7715E+3  
 1.7709E+3  
 1.7709E+3  
 1.7719E+3  
 1.7715E+3  
 1.7706E+3  
 1.7697E+3  
 1.7700E+3  
 1.7697E+3  
 1.7697E+3  
 1.7688E+3  
 1.7697E+3  
 1.7697E+3  
 1.7688E+3  
 1.7682E+3  
 1.7688E+3  
 1.7685E+3  
 1.7682E+3  
 1.7673E+3  
 1.7676E+3  
 1.7673E+3  
 1.7670E+3  
 1.7676E+3  
 1.7670E+3  
 1.7667E+3  
 1.7667E+3  
 1.7673E+3  
 1.7673E+3  
 1.7673E+3  
 1.7676E+3  
 1.7676E+3  
 1.7679E+3  
 1.7667E+3  
 1.7676E+3  
 1.7676E+3  
 1.7670E+3  
 1.7676E+3  
 1.7676E+3  
 1.7670E+3  
 1.7673E+3  
 1.7676E+3  
 1.7679E+3  
 1.7670E+3  
 1.7676E+3  
 1.7676E+3  
 1.7679E+3  
 1.7657E+3  
 1.7657E+3  
 1.7661E+3  
 1.7661E+3  
 1.7661E+3  
 1.7657E+3  
 1.7664E+3  
 1.7651E+3  
 1.7657E+3  
 1.7661E+3  
 1.7664E+3  
 1.7654E+3  
 1.7654E+3  
 1.7661E+3  
 1.7654E+3  
 1.7657E+3  
 1.7654E+3  
 1.7657E+3  
 1.7657E+3  
 1.7667E+3  
 1.7667E+3  
 1.7667E+3  
 1.7657E+3  
 1.7664E+3  
 1.7661E+3  
 1.7657E+3  
 1.7657E+3  
 1.7657E+3  
 1.7664E+3  
 1.7661E+3  
 1.7657E+3  
 1.7664E+3  
 1.7667E+3  
 1.7654E+3  
 1.7654E+3  
 1.7654E+3  
 1.7657E+3  
 1.7661E+3  
 1.7661E+3  
 1.7654E+3  
 1.7657E+3  
 1.7661E+3  
 1.7654E+3  
 1.7661E+3  
 1.7657E+3  
 1.7651E+3  
 1.7645E+3  
 1.7654E+3  
 1.7645E+3  
 1.7648E+3  
 1.7645E+3  
 1.7654E+3  
 1.7639E+3  
 1.7633E+3  
 1.7636E+3  
 1.7630E+3  
 1.7633E+3  
 1.7642E+3  
 1.7636E+3  
 1.7624E+3  
 1.7624E+3  
 1.7627E+3  
 1.7624E+3  
 1.7624E+3  
 1.7618E+3  
 1.7627E+3  
 1.7621E+3  
 1.7621E+3  
 1.7624E+3  
 1.7618E+3  
 1.7612E+3  
 1.7593E+3  
 1.7599E+3  
 1.7606E+3  
 1.7590E+3  
 1.7587E+3  
 1.7584E+3  
 1.7578E+3  
 1.7578E+3  
 1.7572E+3  
 1.7563E+3  
 1.7560E+3  
 1.7557E+3  
 1.7551E+3  
 1.7508E+3  
 1.7551E+3  
 1.7557E+3  
 1.7545E+3  
 1.7532E+3  
 1.7484E+3  
 1.7447E+3  
 1.7441E+3  
 1.7471E+3  
 1.7526E+3  
 1.7511E+3  
 1.7529E+3  
 1.7435E+3  
 1.7493E+3  
 1.7462E+3  
 1.7422E+3  
 1.7368E+3  
 1.7401E+3  
 1.7438E+3  
 1.7419E+3  
 1.7432E+3  
 1.7429E+3  
 1.7419E+3  
 1.7416E+3  
 1.7410E+3  
 1.7404E+3  
 1.7404E+3  
 1.7407E+3  
 1.7398E+3  
 1.7398E+3  
 1.7395E+3  
 1.7392E+3  
 1.7380E+3  
 1.7361E+3  
 1.7358E+3  
 1.7352E+3  
 1.7319E+3  
 1.7377E+3  
 1.7334E+3  
 1.7395E+3  
 1.7392E+3  
 1.7380E+3  
 1.7398E+3  
 1.7413E+3  
 1.7419E+3  
 1.7413E+3  
 1.7410E+3  
 1.7413E+3  
 1.7419E+3  
 1.7422E+3  
 1.7416E+3  
 1.7419E+3  
 1.7422E+3  
 1.7426E+3  
 1.7419E+3  
 1.7422E+3  
 1.7422E+3  
 1.7432E+3  
 1.7413E+3  
 1.7416E+3  
 1.7404E+3  
 1.7386E+3  
 1.7392E+3  
 1.7377E+3  
 1.7450E+3  
 1.7432E+3  
 1.7456E+3  
 1.7426E+3  
 1.7447E+3  
 1.7453E+3  
 1.7456E+3  
 1.7447E+3  
 1.7471E+3  
 1.7487E+3  
 1.7493E+3  
 1.7487E+3  
 1.7484E+3  
 1.7484E+3  
 1.7493E+3  
 1.7490E+3  
 1.7474E+3  
 1.7462E+3  
 1.7462E+3  
 1.7471E+3  
 1.7468E+3  
 1.7456E+3  
 1.7453E+3  
 1.7462E+3  
 1.7459E+3  
 1.7459E+3  
 1.7456E+3  
 1.7447E+3  
 1.7453E+3  
 1.7459E+3  
 1.7447E+3  
 1.7447E+3  
 1.7453E+3  
 1.7435E+3  
 1.7435E+3  
 1.7422E+3  
 1.7429E+3  
 1.7447E+3  
 1.7456E+3  
 1.7450E+3  
 1.7450E+3  
 1.7435E+3  
 1.7435E+3  
 1.7435E+3  
 1.7444E+3  
 1.7450E+3  
 1.7444E+3  
 1.7444E+3  
 1.7444E+3  
 1.7435E+3  
 1.7447E+3  
 1.7438E+3  
 1.7426E+3  
 1.7416E+3  
 1.7422E+3  
 1.7429E+3  
 1.7438E+3  
 1.7438E+3  
 1.7426E+3  
 1.7432E+3  
 1.7432E+3  
 1.7438E+3  
 1.7438E+3  
 1.7432E+3  
 1.7432E+3  
 1.7426E+3  
 1.7429E+3  
 1.7426E+3  
 1.7426E+3  
 1.7432E+3  
 1.7432E+3  
 1.7432E+3  
 1.7432E+3  
 1.7432E+3  
 1.7426E+3  
 1.7435E+3  
 1.7432E+3  
 1.7429E+3  
 1.7435E+3  
 1.7432E+3  
 1.7432E+3  
 1.7441E+3  
 1.7429E+3  
 1.7432E+3  
 1.7422E+3  
 1.7429E+3  
 1.7429E+3  
 1.7426E+3  
 1.7426E+3  
 1.7438E+3  
 1.7435E+3  
 1.7432E+3  
 1.7432E+3  
 1.7429E+3  
 1.7432E+3  
 1.7432E+3  
 1.7432E+3  
 1.7435E+3  
 1.7438E+3  
 1.7444E+3  
 1.7444E+3  
 1.7444E+3  
 1.7444E+3  
 1.7444E+3  
 1.7438E+3  
 1.7444E+3  
 1.7435E+3  
 1.7438E+3  
 1.7432E+3  
 1.7444E+3  
 1.7441E+3  
 1.7435E+3  
 1.7438E+3  
 1.7432E+3  
 1.7432E+3  
 1.7432E+3  
 1.7426E+3  
 1.7422E+3  
 1.7416E+3  
 1.7416E+3  
 1.7416E+3  
 1.7410E+3  
 1.7404E+3  
 1.7404E+3  
 1.7410E+3  
 1.7413E+3  
 1.7410E+3  
 1.7413E+3  
 1.7416E+3  
 1.7404E+3  
 1.7398E+3  
 1.7401E+3  
 1.7410E+3  
 1.7398E+3  
 1.7407E+3  
 1.7410E+3  
 1.7407E+3  
 1.7401E+3  
 1.7395E+3  
 1.7401E+3  
 1.7395E+3  
 1.7401E+3  
 1.7395E+3  
 1.7395E+3  
 1.7404E+3  
 1.7404E+3  
 1.7398E+3  
 1.7401E+3  
 1.7401E+3  
 1.7410E+3  
 1.7401E+3  
 1.7398E+3  
 1.7398E+3  
 1.7392E+3  
 1.7392E+3  
 1.7398E+3  
 1.7401E+3  
 1.7395E+3  
 1.7392E+3  
 1.7386E+3  
 1.7392E+3  
 1.7380E+3  
 1.7380E+3  
 1.7377E+3  
 1.7371E+3  
 1.7380E+3  
 1.7371E+3  
 1.7371E+3  
 1.7374E+3  
 1.7361E+3  
 1.7358E+3  
 1.7361E+3  
 1.7361E+3  
 1.7352E+3  
 1.7365E+3  
 1.7358E+3  
 1.7365E+3  
 1.7361E+3  
 1.7355E+3  
 1.7365E+3  
 1.7365E+3  
 1.7355E+3  
 1.7358E+3  
 1.7361E+3  
 1.7358E+3  
 1.7361E+3  
 1.7355E+3  
 1.7365E+3  
 1.7365E+3  
 1.7361E+3  
 1.7361E+3  
 1.7355E+3  
 1.7365E+3  
 1.7365E+3  
 1.7355E+3  
 1.7355E+3  
 1.7355E+3  
 1.7358E+3  
 1.7358E+3  
 1.7352E+3  
 1.7358E+3  
 1.7340E+3  
 1.7352E+3  
 1.7358E+3  
 1.7352E+3  
 1.7355E+3  
 1.7358E+3  
 1.7346E+3  
 1.7349E+3  
 1.7349E+3  
 1.7352E+3  
 1.7343E+3  
 1.7352E+3  
 1.7349E+3  
 1.7352E+3  
 1.7337E+3  
 1.7334E+3  
 1.7337E+3  
 1.7334E+3  
 1.7337E+3  
 1.7340E+3  
 1.7343E+3  
 1.7340E+3  
 1.7346E+3  
 1.7346E+3  
 1.7331E+3  
 1.7331E+3  
 1.7331E+3  
 1.7331E+3  
 1.7337E+3  
 1.7322E+3  
 1.7328E+3  
 1.7322E+3  
 1.7322E+3  
 1.7319E+3  
 1.7322E+3  
 1.7316E+3  
 1.7316E+3  
 1.7319E+3  
 1.7322E+3  
 1.7310E+3  
 1.7319E+3  
 1.7297E+3  
 1.7297E+3  
 1.7297E+3  
 1.7291E+3  
 1.7291E+3  
 1.7294E+3  
 1.7294E+3  
 1.7294E+3  
 1.7291E+3  
 1.7279E+3  
 1.7279E+3  
