1 2016/1/16 15 8 35.002 -0.100033 -0.017382582
2 2016/1/16 15 8 35.034 -0.105657 0.01737339
3 2016/1/16 15 8 35.067 -0.100667 -0.003654269
4 2016/1/16 15 8 35.1 -0.094594 -0.008476881
5 2016/1/16 15 8 35.134 -0.092615 0.002937701
6 2016/1/16 15 8 35.167 -0.090383 0.005914046
7 2016/1/16 15 8 35.2 -0.095816 -0.006465884
8 2016/1/16 15 8 35.234 -0.092872 -0.013913392
9 2016/1/16 15 8 35.267 -0.090651 0.00758176
10 2016/1/16 15 8 35.301 -0.090511 -0.012572873
11 2016/1/16 15 8 35.334 -0.092455 0.000261294
12 2016/1/16 15 8 35.367 -0.093342 0.009386785
13 2016/1/16 15 8 35.402 -0.106966 -0.010955354
14 2016/1/16 15 8 35.434 -0.095543 -0.026420361
15 2016/1/16 15 8 35.467 -0.101244 0.004565644
16 2016/1/16 15 8 35.5 -0.095708 -0.002096953
17 2016/1/16 15 8 35.534 -0.090151 0.005512104
18 2016/1/16 15 8 35.567 -0.090197 0.010453286
19 2016/1/16 15 8 35.601 -0.092352 0.00393316
20 2016/1/16 15 8 35.634 -0.084444 -0.005430601
21 2016/1/16 15 8 35.667 -0.079918 0.000121828
22 2016/1/16 15 8 35.7 -0.081191 -0.006854493
23 2016/1/16 15 8 35.734 -0.075552 0.000894803
24 2016/1/16 15 8 35.767 -0.07867 0.003217939
25 2016/1/16 15 8 35.806 -0.073505 0.007650542
26 2016/1/16 15 8 35.838 -0.085954 0.008823962
27 2016/1/16 15 8 35.868 -0.084387 -0.004438826
28 2016/1/16 15 8 35.9 -0.076077 -0.011711886
29 2016/1/16 15 8 35.934 -0.081176 -0.01180102
30 2016/1/16 15 8 35.968 -0.087424 0.007855898
31 2016/1/16 15 8 36 -0.095759 -0.008170834
32 2016/1/16 15 8 36.035 -0.087846 0.005925859
33 2016/1/16 15 8 36.067 -0.090047 -0.005775532
34 2016/1/16 15 8 36.101 -0.084315 0.001179155
35 2016/1/16 15 8 36.134 -0.087965 0.000991624
36 2016/1/16 15 8 36.168 -0.085289 -0.00315025
37 2016/1/16 15 8 36.201 -0.085016 0.001796873
38 2016/1/16 15 8 36.234 -0.082062 0.016455642
39 2016/1/16 15 8 36.267 -0.08829 -0.003394041
40 2016/1/16 15 8 36.301 -0.09096 0.001569248
41 2016/1/16 15 8 36.334 -0.085542 0.00090437
42 2016/1/16 15 8 36.367 -0.089331 -0.011712754
43 2016/1/16 15 8 36.401 -0.080433 0.012224346
44 2016/1/16 15 8 36.434 -0.085166 -0.006636616
45 2016/1/16 15 8 36.467 -0.083361 -0.004159454
46 2016/1/16 15 8 36.501 -0.091826 0.014812912
47 2016/1/16 15 8 36.534 -0.078598 -0.013780336
48 2016/1/16 15 8 36.567 -0.087011 0.002335501
49 2016/1/16 15 8 36.6 -0.088037 0.016888929
50 2016/1/16 15 8 36.634 -0.077887 -0.018618761
51 2016/1/16 15 8 36.667 -0.079665 -0.011405829
52 2016/1/16 15 8 36.701 -0.08148 0.000475778
53 2016/1/16 15 8 36.734 -0.078789 -0.00530724
54 2016/1/16 15 8 36.767 -0.082439 -0.017731889
55 2016/1/16 15 8 36.801 -0.087186 0.004006704
56 2016/1/16 15 8 36.836 -0.08798 0.007586879
57 2016/1/16 15 8 36.869 -0.087094 0.019541819
58 2016/1/16 15 8 36.9 -0.083068 -0.002751228
59 2016/1/16 15 8 36.934 -0.090676 -0.009738904
60 2016/1/16 15 8 36.968 -0.087439 -0.002040945
61 2016/1/16 15 8 37.001 -0.089671 0.003444951
62 2016/1/16 15 8 37.034 -0.081789 0.006370166
63 2016/1/16 15 8 37.067 -0.090749 0.003253079
64 2016/1/16 15 8 37.101 -0.086279 0.003504509
65 2016/1/16 15 8 37.134 -0.086738 0.003649129
66 2016/1/16 15 8 37.167 -0.097038 -0.0035218
67 2016/1/16 15 8 37.2 -0.08846 0.005147651
68 2016/1/16 15 8 37.234 -0.09247 -0.0040616
69 2016/1/16 15 8 37.267 -0.092836 0.018269988
70 2016/1/16 15 8 37.3 -0.094331 0.001212869
71 2016/1/16 15 8 37.334 -0.094754 0.00935499
72 2016/1/16 15 8 37.367 -0.09246 -0.016880718
73 2016/1/16 15 8 37.4 -0.083233 -0.004076699
74 2016/1/16 15 8 37.433 -0.091027 -0.018699528
75 2016/1/16 15 8 37.468 -0.096976 0.007453505
76 2016/1/16 15 8 37.5 -0.09446 0.006050057
77 2016/1/16 15 8 37.534 -0.095795 0.019091195
78 2016/1/16 15 8 37.568 -0.095491 0.017902047
79 2016/1/16 15 8 37.601 -0.096404 -0.002213609
80 2016/1/16 15 8 37.634 -0.092486 -0.009514426
81 2016/1/16 15 8 37.668 -0.091048 -0.01794292
82 2016/1/16 15 8 37.7 -0.089614 0.008647435
83 2016/1/16 15 8 37.734 -0.084965 0.002799423
84 2016/1/16 15 8 37.768 -0.087841 -0.007992095
85 2016/1/16 15 8 37.8 -0.087712 -0.004533872
86 2016/1/16 15 8 37.833 -0.094233 0.003388114
87 2016/1/16 15 8 37.867 -0.091919 0.005381779
88 2016/1/16 15 8 37.9 -0.101703 -0.007872806
89 2016/1/16 15 8 37.933 -0.085027 -0.001417529
90 2016/1/16 15 8 37.967 -0.092939 0.001963001
91 2016/1/16 15 8 38 -0.090635 -0.019822226
92 2016/1/16 15 8 38.033 -0.094275 -0.0050857
93 2016/1/16 15 8 38.067 -0.078258 -0.018212355
94 2016/1/16 15 8 38.1 -0.074851 -0.003207125
95 2016/1/16 15 8 38.134 -0.081836 -0.001096834
96 2016/1/16 15 8 38.168 -0.085439 -0.013483826
97 2016/1/16 15 8 38.2 -0.082887 0.000185377
98 2016/1/16 15 8 38.234 -0.080717 -0.013422201
99 2016/1/16 15 8 38.267 -0.075134 0.011710478
100 2016/1/16 15 8 38.3 -0.073804 -0.001094878
101 2016/1/16 15 8 38.334 -0.075892 0.003448287
102 2016/1/16 15 8 38.367 -0.070242 0.013671362
103 2016/1/16 15 8 38.401 -0.076624 -0.002851965
104 2016/1/16 15 8 38.434 -0.083104 -0.020054373
105 2016/1/16 15 8 38.467 -0.085563 -0.003100997
106 2016/1/16 15 8 38.5 -0.084929 -0.003152089
107 2016/1/16 15 8 38.533 -0.087496 -0.007285122
108 2016/1/16 15 8 38.566 -0.0843 0.017385532
109 2016/1/16 15 8 38.6 -0.08347 -0.004149098
110 2016/1/16 15 8 38.633 -0.083702 -0.016020205
111 2016/1/16 15 8 38.667 -0.082619 0.002008599
112 2016/1/16 15 8 38.7 -0.085975 -0.012644007
113 2016/1/16 15 8 38.733 -0.089083 0.007934813
114 2016/1/16 15 8 38.768 -0.096486 0.023757849
115 2016/1/16 15 8 38.801 -0.091532 -0.000532527
116 2016/1/16 15 8 38.833 -0.089331 0.015069164
117 2016/1/16 15 8 38.867 -0.094403 0.015573815
118 2016/1/16 15 8 38.901 -0.089944 0.009649049
119 2016/1/16 15 8 38.934 -0.0918 -0.003749253
120 2016/1/16 15 8 38.968 -0.087573 -0.000648937
121 2016/1/16 15 8 39.001 -0.087754 0.002864722
122 2016/1/16 15 8 39.033 -0.100559 0.009217126
123 2016/1/16 15 8 39.067 -0.100352 0.01342869
124 2016/1/16 15 8 39.1 -0.074392 -0.010275827
125 2016/1/16 15 8 39.133 -0.091517 0.004346561
126 2016/1/16 15 8 39.167 -0.090955 -0.00990247
127 2016/1/16 15 8 39.2 -0.07798 0.007294118
128 2016/1/16 15 8 39.233 -0.070366 0.015626899
129 2016/1/16 15 8 39.266 -0.084315 -0.001898945
130 2016/1/16 15 8 39.3 -0.085619 -0.001800878
131 2016/1/16 15 8 39.332 -0.082578 0.009686899
132 2016/1/16 15 8 39.367 -0.085243 0.000625593
133 2016/1/16 15 8 39.399 -0.094651 -0.005613157
134 2016/1/16 15 8 39.434 -0.094816 0.00097038
135 2016/1/16 15 8 39.466 -0.091027 -0.002584028
136 2016/1/16 15 8 39.5 -0.089269 -0.000955603
137 2016/1/16 15 8 39.533 -0.09446 0.003378435
138 2016/1/16 15 8 39.567 -0.080707 0.004780446
139 2016/1/16 15 8 39.6 -0.093728 -0.004641887
140 2016/1/16 15 8 39.633 -0.090831 0.003087596
141 2016/1/16 15 8 39.667 -0.098404 -0.002599081
142 2016/1/16 15 8 39.7 -0.101682 0.007234183
143 2016/1/16 15 8 39.733 -0.094187 0.002944884
144 2016/1/16 15 8 39.767 -0.093012 0.001737971
145 2016/1/16 15 8 39.8 -0.097058 -0.007740573
146 2016/1/16 15 8 39.833 -0.099244 -0.006145916
147 2016/1/16 15 8 39.866 -0.097739 -0.007042275
148 2016/1/16 15 8 39.899 -0.095326 -0.008261653
149 2016/1/16 15 8 39.933 -0.097151 0.002362825
150 2016/1/16 15 8 39.966 -0.096373 -0.006186438
151 2016/1/16 15 8 40 -0.090254 0.001307337
152 2016/1/16 15 8 40.033 -0.093723 -0.002325345
153 2016/1/16 15 8 40.066 -0.090316 -0.004070883
154 2016/1/16 15 8 40.1 -0.096569 0.002402086
155 2016/1/16 15 8 40.133 -0.103631 0.009151474
156 2016/1/16 15 8 40.167 -0.099022 0.006846866
157 2016/1/16 15 8 40.2 -0.09694 0.012763628
158 2016/1/16 15 8 40.234 -0.091135 0.006447479
159 2016/1/16 15 8 40.279 -0.102502 0.017303851
160 2016/1/16 15 8 40.3 -0.097579 0.013935649
161 2016/1/16 15 8 40.334 -0.0986 0.005789888
162 2016/1/16 15 8 40.367 -0.099316 -0.009174272
163 2016/1/16 15 8 40.4 -0.094151 -0.001697686
164 2016/1/16 15 8 40.434 -0.090218 0.000394318
165 2016/1/16 15 8 40.467 -0.088187 -0.014702641
166 2016/1/16 15 8 40.5 -0.089913 -0.011035103
167 2016/1/16 15 8 40.533 -0.099373 0.00484399
168 2016/1/16 15 8 40.566 -0.098852 -0.004059921
169 2016/1/16 15 8 40.599 -0.10644 0.010607513
170 2016/1/16 15 8 40.633 -0.096378 -0.000321709
171 2016/1/16 15 8 40.666 -0.094604 0.005654972
172 2016/1/16 15 8 40.699 -0.09146 0.00638635
173 2016/1/16 15 8 40.733 -0.089496 -0.003746063
174 2016/1/16 15 8 40.766 -0.083532 -0.003274817
175 2016/1/16 15 8 40.803 -0.091027 0.01890774
176 2016/1/16 15 8 40.838 -0.086918 0.003149274
177 2016/1/16 15 8 40.867 -0.085047 0.01570458
178 2016/1/16 15 8 40.9 -0.07016 -0.006312831
179 2016/1/16 15 8 40.933 -0.085609 -0.001774277
180 2016/1/16 15 8 40.966 -0.091228 -0.002592761
181 2016/1/16 15 8 41 -0.096223 -0.012427002
182 2016/1/16 15 8 41.033 -0.090321 -0.001786243
183 2016/1/16 15 8 41.067 -0.083227 0.010821106
184 2016/1/16 15 8 41.1 -0.096471 0.013864798
185 2016/1/16 15 8 41.133 -0.079186 0.016616227
186 2016/1/16 15 8 41.167 -0.078387 0.00069448
187 2016/1/16 15 8 41.199 -0.082011 0.003831371
188 2016/1/16 15 8 41.233 -0.082392 0.007248918
189 2016/1/16 15 8 41.266 -0.080506 -0.017052495
190 2016/1/16 15 8 41.299 -0.08548 0.008906136
191 2016/1/16 15 8 41.333 -0.082464 4.83E-05
192 2016/1/16 15 8 41.365 -0.078485 0.012250403
193 2016/1/16 15 8 41.399 -0.087418 -0.00438611
194 2016/1/16 15 8 41.433 -0.084459 -0.002241586
195 2016/1/16 15 8 41.465 -0.08232 -0.005551593
196 2016/1/16 15 8 41.499 -0.079289 -0.010502781
197 2016/1/16 15 8 41.533 -0.088269 -0.024439067
198 2016/1/16 15 8 41.565 -0.092522 -0.006799998
199 2016/1/16 15 8 41.6 -0.084624 0.010698409
200 2016/1/16 15 8 41.632 -0.086712 0.027052921
201 2016/1/16 15 8 41.666 -0.087377 -0.005216604
202 2016/1/16 15 8 41.698 -0.088991 0.022127854
203 2016/1/16 15 8 41.733 -0.088274 0.001932344
204 2016/1/16 15 8 41.766 -0.089578 0.014875549
205 2016/1/16 15 8 41.799 -0.099703 -0.009897589
206 2016/1/16 15 8 41.833 -0.097079 -0.008116404
207 2016/1/16 15 8 41.866 -0.09113 0.015732452
208 2016/1/16 15 8 41.898 -0.087563 0.008243424
209 2016/1/16 15 8 41.933 -0.087166 0.005540705
210 2016/1/16 15 8 41.964 -0.087496 -0.003904155
211 2016/1/16 15 8 41.998 -0.090017 -0.012159329
212 2016/1/16 15 8 42.032 -0.085882 -0.010119427
213 2016/1/16 15 8 42.064 -0.08264 0.008798006
214 2016/1/16 15 8 42.098 -0.084155 0.013441228
215 2016/1/16 15 8 42.132 -0.087568 0.001369299
216 2016/1/16 15 8 42.164 -0.085537 0.005540298
217 2016/1/16 15 8 42.198 -0.081763 -0.006420738
218 2016/1/16 15 8 42.232 -0.086506 -0.000782621
219 2016/1/16 15 8 42.264 -0.086398 0.007357937
220 2016/1/16 15 8 42.299 -0.083733 -0.001100288
221 2016/1/16 15 8 42.332 -0.088109 -0.010045137
222 2016/1/16 15 8 42.365 -0.089408 -0.001012165
223 2016/1/16 15 8 42.399 -0.084774 0.012461859
224 2016/1/16 15 8 42.433 -0.08514 -0.002494066
225 2016/1/16 15 8 42.465 -0.084243 0.004063267
226 2016/1/16 15 8 42.499 -0.087161 -0.012300744
227 2016/1/16 15 8 42.532 -0.089702 0.00956364
228 2016/1/16 15 8 42.566 -0.088228 0.002892797
229 2016/1/16 15 8 42.598 -0.076706 0.008552852
230 2016/1/16 15 8 42.631 -0.07981 0.011993818
231 2016/1/16 15 8 42.665 -0.083753 -0.011002044
232 2016/1/16 15 8 42.697 -0.080846 0.008416734
233 2016/1/16 15 8 42.731 -0.079542 0.00085111
234 2016/1/16 15 8 42.764 -0.081562 -0.005823611
235 2016/1/16 15 8 42.798 -0.079444 0.002151499
236 2016/1/16 15 8 42.831 -0.086083 -0.006123584
237 2016/1/16 15 8 42.864 -0.086449 -0.000665718
238 2016/1/16 15 8 42.897 -0.092048 0.001347056
239 2016/1/16 15 8 42.931 -0.088944 -0.002186193
240 2016/1/16 15 8 42.964 -0.089635 0.008190258
241 2016/1/16 15 8 42.997 -0.087326 -0.020714729
242 2016/1/16 15 8 43.031 -0.086341 -0.00029961
243 2016/1/16 15 8 43.066 -0.09113 0.009200082
244 2016/1/16 15 8 43.099 -0.094027 -0.01219711
245 2016/1/16 15 8 43.132 -0.09679 0.012102911
246 2016/1/16 15 8 43.165 -0.09595 -0.004546365
247 2016/1/16 15 8 43.199 -0.098594 -0.008824221
248 2016/1/16 15 8 43.231 -0.096141 0.004355547
249 2016/1/16 15 8 43.264 -0.101079 -0.006081212
250 2016/1/16 15 8 43.298 -0.092976 0.005645653
251 2016/1/16 15 8 43.331 -0.093878 -0.014552366
252 2016/1/16 15 8 43.364 -0.093393 0.009798935
253 2016/1/16 15 8 43.397 -0.097775 0.01238823
254 2016/1/16 15 8 43.43 -0.097785 0.000552673
255 2016/1/16 15 8 43.464 -0.098347 -0.006972985
256 2016/1/16 15 8 43.497 -0.095646 -0.013991167
257 2016/1/16 15 8 43.53 -0.08613 -0.001495488
258 2016/1/16 15 8 43.564 -0.089089 -0.00052599
259 2016/1/16 15 8 43.597 -0.085506 -0.000768742
260 2016/1/16 15 8 43.63 -0.087573 0.002483294
261 2016/1/16 15 8 43.664 -0.092475 0.012370582
262 2016/1/16 15 8 43.698 -0.089254 0.004692848
263 2016/1/16 15 8 43.732 -0.08913 0.008618677
264 2016/1/16 15 8 43.764 -0.096491 0.00493116
265 2016/1/16 15 8 43.797 -0.086058 -0.006378402
266 2016/1/16 15 8 43.832 -0.102961 -0.014067763
267 2016/1/16 15 8 43.864 -0.082815 0.002705093
268 2016/1/16 15 8 43.898 -0.092465 0.016093904
269 2016/1/16 15 8 43.931 -0.086094 -0.010991744
270 2016/1/16 15 8 43.965 -0.089233 -0.002329862
271 2016/1/16 15 8 43.997 -0.087609 0.000769776
272 2016/1/16 15 8 44.031 -0.100218 0.000578718
273 2016/1/16 15 8 44.064 -0.085253 0.013850917
274 2016/1/16 15 8 44.098 -0.094522 -0.001328956
275 2016/1/16 15 8 44.131 -0.090929 -0.006091042
276 2016/1/16 15 8 44.164 -0.104064 -0.0017933
277 2016/1/16 15 8 44.197 -0.100626 -0.003565438
278 2016/1/16 15 8 44.231 -0.09696 -0.018878776
279 2016/1/16 15 8 44.264 -0.095625 -0.004663477
280 2016/1/16 15 8 44.297 -0.106415 -0.00864297
281 2016/1/16 15 8 44.33 -0.112884 -0.014234535
282 2016/1/16 15 8 44.364 -0.113797 0.01265488
283 2016/1/16 15 8 44.397 -0.111863 0.00278219
284 2016/1/16 15 8 44.43 -0.113683 0.005408768
285 2016/1/16 15 8 44.464 -0.095568 -0.011172
286 2016/1/16 15 8 44.498 -0.102059 0.003015652
287 2016/1/16 15 8 44.532 -0.107667 0.005235572
288 2016/1/16 15 8 44.565 -0.101517 -0.019536157
289 2016/1/16 15 8 44.598 -0.089862 -0.000718602
290 2016/1/16 15 8 44.631 -0.093584 0.003937214
291 2016/1/16 15 8 44.664 -0.09945 0.006801416
292 2016/1/16 15 8 44.697 -0.091259 0.007031187
293 2016/1/16 15 8 44.731 -0.097213 0.00332088
294 2016/1/16 15 8 44.764 -0.102672 -0.013581362
295 2016/1/16 15 8 44.797 -0.096692 0.009259381
296 2016/1/16 15 8 44.83 -0.09796 -0.01025586
297 2016/1/16 15 8 44.864 -0.100605 0.085047
298 2016/1/16 15 8 44.897 -0.1011 0.090609
299 2016/1/16 15 8 44.931 -0.108353 0.084702
300 2016/1/16 15 8 44.963 -0.109064 0.086076
301 2016/1/16 15 8 44.997 -0.100022 0.092816
302 2016/1/16 15 8 45.03 -0.320646 0.130537
303 2016/1/16 15 8 45.063 -0.358844 -0.689182
304 2016/1/16 15 8 45.097 -0.38797 -0.227513
305 2016/1/16 15 8 45.131 -0.30264 0.365376
306 2016/1/16 15 8 45.164 -0.293422 -0.061004
307 2016/1/16 15 8 45.197 -0.380464 1.925123
308 2016/1/16 15 8 45.231 -0.308269 -0.921059
309 2016/1/16 15 8 45.264 -0.381959 1.375835
310 2016/1/16 15 8 45.298 -0.26574 -0.443724
311 2016/1/16 15 8 45.332 -0.315006 0.784632
312 2016/1/16 15 8 45.365 -0.304552 0.171543
313 2016/1/16 15 8 45.398 -0.286546 0.169813
314 2016/1/16 15 8 45.431 -0.31728 0.306498
315 2016/1/16 15 8 45.463 -0.32926 0.216822
316 2016/1/16 15 8 45.497 -0.276055 -0.296608
317 2016/1/16 15 8 45.531 -0.320053 0.62916
318 2016/1/16 15 8 45.564 -0.280509 -0.049931
319 2016/1/16 15 8 45.597 -0.305186 0.407745
320 2016/1/16 15 8 45.63 -0.299711 0.215858
321 2016/1/16 15 8 45.663 -0.283839 -0.050073
322 2016/1/16 15 8 45.697 -0.319048 0.135845
323 2016/1/16 15 8 45.731 -0.293056 -0.011338
324 2016/1/16 15 8 45.763 -0.298593 0.144095
325 2016/1/16 15 8 45.802 -0.283494 0.369673
326 2016/1/16 15 8 45.837 -0.289536 0.096932
327 2016/1/16 15 8 45.863 -0.298005 0.087599
328 2016/1/16 15 8 45.898 -0.293608 0.065752
329 2016/1/16 15 8 45.931 -0.275519 -0.036804
330 2016/1/16 15 8 45.964 -0.267034 0.193349
331 2016/1/16 15 8 45.997 -0.277071 0.174154
332 2016/1/16 15 8 46.031 -0.266895 0.145876
333 2016/1/16 15 8 46.065 -0.279514 0.045158
334 2016/1/16 15 8 46.098 -0.284968 -0.033147
335 2016/1/16 15 8 46.13 -0.284968 -0.025953
336 2016/1/16 15 8 46.164 -0.283066 0.10708
337 2016/1/16 15 8 46.197 -0.280458 0.198101
338 2016/1/16 15 8 46.23 -0.286329 0.138932
339 2016/1/16 15 8 46.264 -0.281334 0.096331
340 2016/1/16 15 8 46.297 -0.288278 -0.043928
341 2016/1/16 15 8 46.33 -0.299021 -0.029438
342 2016/1/16 15 8 46.364 -0.294459 0.121658
343 2016/1/16 15 8 46.398 -0.264147 0.100827
344 2016/1/16 15 8 46.43 -0.269436 0.136138
345 2016/1/16 15 8 46.464 -0.285937 0.114369
346 2016/1/16 15 8 46.497 -0.294654 -0.014779
347 2016/1/16 15 8 46.53 -0.303624 -0.031497
348 2016/1/16 15 8 46.564 -0.286241 0.043704
349 2016/1/16 15 8 46.597 -0.29002 0.121524
350 2016/1/16 15 8 46.631 -0.27572 0.143683
351 2016/1/16 15 8 46.664 -0.277854 0.061089
352 2016/1/16 15 8 46.697 -0.29452 0.00749
353 2016/1/16 15 8 46.731 -0.301552 -0.032946
354 2016/1/16 15 8 46.764 -0.285922 -0.005552
355 2016/1/16 15 8 46.797 -0.278143 0.101564
356 2016/1/16 15 8 46.831 -0.263147 0.137128
357 2016/1/16 15 8 46.864 -0.289365 0.088975
358 2016/1/16 15 8 46.897 -0.292005 0.006964
359 2016/1/16 15 8 46.931 -0.287726 -0.032577
360 2016/1/16 15 8 46.964 -0.298227 0.019257
361 2016/1/16 15 8 46.997 -0.295948 0.109758
362 2016/1/16 15 8 47.031 -0.274998 0.121823
363 2016/1/16 15 8 47.064 -0.274849 0.111289
364 2016/1/16 15 8 47.097 -0.286602 0.035531
365 2016/1/16 15 8 47.13 -0.296711 0.012777
366 2016/1/16 15 8 47.164 -0.292505 0.030072
367 2016/1/16 15 8 47.198 -0.285834 0.106964
368 2016/1/16 15 8 47.231 -0.292953 0.162323
369 2016/1/16 15 8 47.264 -0.29502 0.133734
370 2016/1/16 15 8 47.298 -0.295716 0.078377
371 2016/1/16 15 8 47.331 -0.300753 0.024337
372 2016/1/16 15 8 47.364 -0.295886 0.040508
373 2016/1/16 15 8 47.398 -0.305284 0.120158
374 2016/1/16 15 8 47.432 -0.297876 0.163805
375 2016/1/16 15 8 47.464 -0.295773 0.137502
376 2016/1/16 15 8 47.498 -0.304789 0.10509
377 2016/1/16 15 8 47.53 -0.312352 0.053813
378 2016/1/16 15 8 47.564 -0.311408 0.031345
379 2016/1/16 15 8 47.597 -0.28801 0.091385
380 2016/1/16 15 8 47.631 -0.296 0.147624
381 2016/1/16 15 8 47.664 -0.295938 0.151271
382 2016/1/16 15 8 47.697 -0.294665 0.083575
383 2016/1/16 15 8 47.731 -0.302 0.038206
384 2016/1/16 15 8 47.764 -0.293773 0.029734
385 2016/1/16 15 8 47.797 -0.303511 0.069221
386 2016/1/16 15 8 47.831 -0.294783 0.130507
387 2016/1/16 15 8 47.865 -0.294062 0.135499
388 2016/1/16 15 8 47.897 -0.300804 0.085542
389 2016/1/16 15 8 47.931 -0.310903 0.012699
390 2016/1/16 15 8 47.964 -0.308408 0.010155
391 2016/1/16 15 8 47.997 -0.305176 0.036428
392 2016/1/16 15 8 48.031 -0.308573 0.077727
393 2016/1/16 15 8 48.064 -0.304026 0.094834
394 2016/1/16 15 8 48.098 -0.296371 0.064533
395 2016/1/16 15 8 48.131 -0.30098 0.001848
396 2016/1/16 15 8 48.164 -0.310166 -0.019349
397 2016/1/16 15 8 48.197 -0.300944 -0.001577
398 2016/1/16 15 8 48.231 -0.30184 0.036446
399 2016/1/16 15 8 48.264 -0.299557 0.076681
400 2016/1/16 15 8 48.297 -0.29717 0.064693
401 2016/1/16 15 8 48.33 -0.299119 0.011326
402 2016/1/16 15 8 48.364 -0.302078 -0.005962
403 2016/1/16 15 8 48.397 -0.302779 0.006462
404 2016/1/16 15 8 48.431 -0.292799 0.058486
405 2016/1/16 15 8 48.464 -0.29884 0.071474
406 2016/1/16 15 8 48.498 -0.300748 0.076846
407 2016/1/16 15 8 48.531 -0.308717 0.042186
408 2016/1/16 15 8 48.564 -0.307892 0.008771
409 2016/1/16 15 8 48.597 -0.303851 0.00848
410 2016/1/16 15 8 48.631 -0.303634 0.054707
411 2016/1/16 15 8 48.664 -0.296984 0.082782
412 2016/1/16 15 8 48.697 -0.294928 0.078828
413 2016/1/16 15 8 48.731 -0.29733 0.038889
414 2016/1/16 15 8 48.764 -0.295706 -0.005248
415 2016/1/16 15 8 48.798 -0.308645 0.011645
416 2016/1/16 15 8 48.831 -0.307882 0.045769
417 2016/1/16 15 8 48.864 -0.297557 0.067464
418 2016/1/16 15 8 48.898 -0.298526 0.085756
419 2016/1/16 15 8 48.931 -0.302923 0.060391
420 2016/1/16 15 8 48.965 -0.297108 0.012828
421 2016/1/16 15 8 48.997 -0.304944 0.017867
422 2016/1/16 15 8 49.031 -0.31115 0.05663
423 2016/1/16 15 8 49.064 -0.30582 0.058638
424 2016/1/16 15 8 49.097 -0.301237 0.066146
425 2016/1/16 15 8 49.13 -0.30016 0.059257
426 2016/1/16 15 8 49.164 -0.30116 0.013862
427 2016/1/16 15 8 49.197 -0.303841 0.002456
428 2016/1/16 15 8 49.23 -0.300866 0.024442
429 2016/1/16 15 8 49.265 -0.298907 0.049772
430 2016/1/16 15 8 49.298 -0.300263 0.051919
431 2016/1/16 15 8 49.331 -0.299175 0.043696
432 2016/1/16 15 8 49.364 -0.302959 0.031064
433 2016/1/16 15 8 49.398 -0.30034 0.011555
434 2016/1/16 15 8 49.431 -0.300655 0.020293
435 2016/1/16 15 8 49.464 -0.296144 0.064151
436 2016/1/16 15 8 49.497 -0.291974 0.068402
437 2016/1/16 15 8 49.531 -0.299088 0.06253
438 2016/1/16 15 8 49.565 -0.294572 0.044449
439 2016/1/16 15 8 49.597 -0.294067 0.038067
440 2016/1/16 15 8 49.63 -0.304145 0.053107
441 2016/1/16 15 8 49.664 -0.304263 0.0903
442 2016/1/16 15 8 49.698 -0.300784 0.090999
443 2016/1/16 15 8 49.73 -0.307269 0.081413
444 2016/1/16 15 8 49.764 -0.305707 0.085047
445 2016/1/16 15 8 49.797 -0.30298 0.069005
446 2016/1/16 15 8 49.831 -0.304305 0.065311
447 2016/1/16 15 8 49.864 -0.299495 0.094473
448 2016/1/16 15 8 49.897 -0.294752 0.114841
449 2016/1/16 15 8 49.93 -0.303103 0.107977
450 2016/1/16 15 8 49.964 -0.294376 0.081464
451 2016/1/16 15 8 49.997 -0.299846 0.070353
452 2016/1/16 15 8 50.031 -0.303124 0.055439
453 2016/1/16 15 8 50.064 -0.291505 0.078877
454 2016/1/16 15 8 50.099 -0.298237 0.097569
455 2016/1/16 15 8 50.131 -0.290484 0.088354
456 2016/1/16 15 8 50.165 -0.289747 0.059409
457 2016/1/16 15 8 50.198 -0.29153 0.041194
458 2016/1/16 15 8 50.231 -0.293495 0.041542
459 2016/1/16 15 8 50.264 -0.303758 0.05414
460 2016/1/16 15 8 50.297 -0.29867 0.070461
461 2016/1/16 15 8 50.331 -0.30382 0.068147
462 2016/1/16 15 8 50.364 -0.296057 0.026922
463 2016/1/16 15 8 50.397 -0.290123 0.022154
464 2016/1/16 15 8 50.431 -0.298119 0.014723
465 2016/1/16 15 8 50.464 -0.289639 0.0212
466 2016/1/16 15 8 50.497 -0.296763 0.043562
467 2016/1/16 15 8 50.53 -0.296417 0.039776
468 2016/1/16 15 8 50.564 -0.284138 0.020264
469 2016/1/16 15 8 50.597 -0.292381 0.004029
470 2016/1/16 15 8 50.631 -0.285277 0.011862
471 2016/1/16 15 8 50.664 -0.293294 0.036951
472 2016/1/16 15 8 50.697 -0.280122 0.044831
473 2016/1/16 15 8 50.731 -0.292773 0.037036
474 2016/1/16 15 8 50.764 -0.283597 0.008026
475 2016/1/16 15 8 50.804 -0.250146 -0.040031
476 2016/1/16 15 8 50.837 -0.259482 -0.022347
477 2016/1/16 15 8 50.864 -0.263915 -0.006214
478 2016/1/16 15 8 50.898 -0.271251 -0.011715
479 2016/1/16 15 8 50.931 -0.25925 -0.000149
480 2016/1/16 15 8 50.964 -0.258482 -0.012153
481 2016/1/16 15 8 50.998 -0.245589 -0.037518
482 2016/1/16 15 8 51.031 -0.243599 -0.026125
483 2016/1/16 15 8 51.064 -0.237537 0.011333
484 2016/1/16 15 8 51.097 -0.247131 0.01571
485 2016/1/16 15 8 51.131 -0.247909 0.023563244
486 2016/1/16 15 8 51.164 -0.244001 -0.018732356
487 2016/1/16 15 8 51.198 -0.245115 -0.017639926
488 2016/1/16 15 8 51.231 -0.241496 -0.006946752
489 2016/1/16 15 8 51.264 -0.238496 -0.030109145
490 2016/1/16 15 8 51.297 -0.241491 0.009481179
491 2016/1/16 15 8 51.331 -0.237279 -0.030016771
492 2016/1/16 15 8 51.365 -0.23681 0.025685905
493 2016/1/16 15 8 51.397 -0.240393 0.041839423
494 2016/1/16 15 8 51.431 -0.241496 -0.037712114
495 2016/1/16 15 8 51.465 -0.229222 -0.072235583
496 2016/1/16 15 8 51.499 -0.228593 -0.020569762
497 2016/1/16 15 8 51.531 -0.239398 -0.020778763
498 2016/1/16 15 8 51.564 -0.235068 0.046718185
499 2016/1/16 15 8 51.598 -0.238218 0.029483378
500 2016/1/16 15 8 51.631 -0.239109 0.016298625
501 2016/1/16 15 8 51.664 -0.226949 -0.011823565
502 2016/1/16 15 8 51.698 -0.242171 0.020318456
503 2016/1/16 15 8 51.731 -0.241171 -0.002818308
504 2016/1/16 15 8 51.764 -0.244976 0.024713753
505 2016/1/16 15 8 51.798 -0.24479 -0.039707703
506 2016/1/16 15 8 51.831 -0.245053 -0.012152678
507 2016/1/16 15 8 51.864 -0.238692 0.025428871
508 2016/1/16 15 8 51.898 -0.240403 -0.041015011
509 2016/1/16 15 8 51.931 -0.236243 -0.01257905
510 2016/1/16 15 8 51.965 -0.230341 -0.002043689
511 2016/1/16 15 8 51.997 -0.236996 -0.023783402
512 2016/1/16 15 8 52.031 -0.239671 -0.065713833
513 2016/1/16 15 8 52.064 -0.238857 -0.047921678
514 2016/1/16 15 8 52.098 -0.242001 0.007586622
515 2016/1/16 15 8 52.131 -0.241651 0.011142165
516 2016/1/16 15 8 52.165 -0.240223 -0.025471464
517 2016/1/16 15 8 52.198 -0.241909 -0.034534581
518 2016/1/16 15 8 52.231 -0.239506 -0.033066896
519 2016/1/16 15 8 52.265 -0.243986 -0.027394175
520 2016/1/16 15 8 52.298 -0.240847 0.03298498
521 2016/1/16 15 8 52.331 -0.220943 -0.015499716
522 2016/1/16 15 8 52.365 -0.239413 -0.030833998
523 2016/1/16 15 8 52.398 -0.246558 0.05802472
524 2016/1/16 15 8 52.431 -0.233722 0.000443302
525 2016/1/16 15 8 52.464 -0.246172 -0.085867948
526 2016/1/16 15 8 52.498 -0.235027 -0.033245593
527 2016/1/16 15 8 52.531 -0.223737 0.000690109
528 2016/1/16 15 8 52.564 -0.230042 -0.014898635
529 2016/1/16 15 8 52.598 -0.22682 0.0173296
530 2016/1/16 15 8 52.631 -0.222923 0.011925554
531 2016/1/16 15 8 52.664 -0.243084 -0.049347949
532 2016/1/16 15 8 52.698 -0.236279 -0.009782757
533 2016/1/16 15 8 52.731 -0.242543 0.022707774
534 2016/1/16 15 8 52.766 -0.236661 -0.038106845
535 2016/1/16 15 8 52.798 -0.232511 -0.031967807
536 2016/1/16 15 8 52.831 -0.227583 -0.068584125
537 2016/1/16 15 8 52.865 -0.245445 0.041051732
538 2016/1/16 15 8 52.898 -0.234083 -0.012700471
539 2016/1/16 15 8 52.932 -0.2378 0.004392531
540 2016/1/16 15 8 52.965 -0.226835 -0.015095255
541 2016/1/16 15 8 52.998 -0.236295 -0.000286667
542 2016/1/16 15 8 53.033 -0.239702 0.018478695
543 2016/1/16 15 8 53.065 -0.243821 0.011699411
544 2016/1/16 15 8 53.098 -0.240774 0.003453002
545 2016/1/16 15 8 53.131 -0.234161 0.003576868
546 2016/1/16 15 8 53.166 -0.243171 0.074918026
547 2016/1/16 15 8 53.197 -0.246424 -0.006804456
548 2016/1/16 15 8 53.231 -0.234826 0.004762875
549 2016/1/16 15 8 53.265 -0.245295 0.034388317
550 2016/1/16 15 8 53.298 -0.239919 -0.07418677
551 2016/1/16 15 8 53.331 -0.243548 0.068631801
552 2016/1/16 15 8 53.364 -0.239738 0.040796469
553 2016/1/16 15 8 53.397 -0.23548 0.00736311
554 2016/1/16 15 8 53.432 -0.241331 0.003044294
555 2016/1/16 15 8 53.464 -0.236346 -0.017861422
556 2016/1/16 15 8 53.498 -0.239697 0.068801149
557 2016/1/16 15 8 53.532 -0.237233 0.003109963
558 2016/1/16 15 8 53.565 -0.239852 -0.090198788
559 2016/1/16 15 8 53.598 -0.225913 0.043416018
560 2016/1/16 15 8 53.632 -0.236888 -0.039887481
561 2016/1/16 15 8 53.665 -0.241336 0.082096254
562 2016/1/16 15 8 53.698 -0.237728 -0.005452196
563 2016/1/16 15 8 53.732 -0.234908 0.016019389
564 2016/1/16 15 8 53.765 -0.237826 0.006548771
565 2016/1/16 15 8 53.798 -0.23615 0.014822658
566 2016/1/16 15 8 53.832 -0.230562 0.027327523
567 2016/1/16 15 8 53.865 -0.229459 -0.0347714
568 2016/1/16 15 8 53.898 -0.233923 0.065591255
569 2016/1/16 15 8 53.931 -0.23363 -0.008941558
570 2016/1/16 15 8 53.965 -0.237841 0.048081333
571 2016/1/16 15 8 53.999 -0.232635 0.024251401
572 2016/1/16 15 8 54.032 -0.236501 -0.001551553
573 2016/1/16 15 8 54.065 -0.229449 -0.039323
574 2016/1/16 15 8 54.098 -1.201413 0.051382
575 2016/1/16 15 8 54.131 -1.138919 -0.622283
576 2016/1/16 15 8 54.164 -1.160617 -0.782848
577 2016/1/16 15 8 54.198 -1.17919 0.94989
578 2016/1/16 15 8 54.232 -1.087044 0.60208
579 2016/1/16 15 8 54.264 -1.126624 1.69887
580 2016/1/16 15 8 54.298 -1.04066 0.411549
581 2016/1/16 15 8 54.332 -1.127898 0.428522
582 2016/1/16 15 8 54.366 -1.165751 0.012155
583 2016/1/16 15 8 54.398 -1.101695 0.086049
584 2016/1/16 15 8 54.432 -1.199846 0.688336
585 2016/1/16 15 8 54.465 -1.144043 0.690192
586 2016/1/16 15 8 54.498 -1.113392 -0.029984
587 2016/1/16 15 8 54.531 -1.194799 0.482296
588 2016/1/16 15 8 54.565 -1.137867 -0.820562
589 2016/1/16 15 8 54.597 -1.179963 0.273709
590 2016/1/16 15 8 54.632 -1.108077 -0.035451
591 2016/1/16 15 8 54.664 -1.145693 0.575173
592 2016/1/16 15 8 54.697 -1.159183 0.710634
593 2016/1/16 15 8 54.731 -1.113139 -0.23836
594 2016/1/16 15 8 54.765 -1.152405 -0.132118
595 2016/1/16 15 8 54.797 -1.131883 -0.36119
596 2016/1/16 15 8 54.831 -1.127078 -0.04763
597 2016/1/16 15 8 54.866 -1.13079 0.320107
598 2016/1/16 15 8 54.898 -1.125459 0.493606
599 2016/1/16 15 8 54.931 -1.12032 0.124171
600 2016/1/16 15 8 54.965 -1.127722 -0.093455
601 2016/1/16 15 8 54.998 -1.149822 -0.428399
602 2016/1/16 15 8 55.032 -1.129609 -0.089991
603 2016/1/16 15 8 55.066 -1.125903 0.298623
604 2016/1/16 15 8 55.099 -1.105422 0.269634
605 2016/1/16 15 8 55.132 -1.130506 0.310779
606 2016/1/16 15 8 55.165 -1.129119 -0.009326
607 2016/1/16 15 8 55.197 -1.14625 -0.403402
608 2016/1/16 15 8 55.231 -1.13079 -0.111977
609 2016/1/16 15 8 55.265 -1.116567 0.065589
610 2016/1/16 15 8 55.299 -1.125934 0.334646
611 2016/1/16 15 8 55.331 -1.119263 0.363213
612 2016/1/16 15 8 55.364 -1.107814 -0.056922
613 2016/1/16 15 8 55.398 -1.13331 -0.09769
614 2016/1/16 15 8 55.431 -1.154683 -0.260284
615 2016/1/16 15 8 55.465 -1.130042 0.007175
616 2016/1/16 15 8 55.498 -1.126795 0.326579
617 2016/1/16 15 8 55.531 -1.118861 0.308418
618 2016/1/16 15 8 55.565 -1.12248 0.104378
619 2016/1/16 15 8 55.598 -1.113649 -0.105668
620 2016/1/16 15 8 55.631 -1.129228 -0.224168
621 2016/1/16 15 8 55.665 -1.130671 -0.036583
622 2016/1/16 15 8 55.699 -1.106504 0.147837
623 2016/1/16 15 8 55.732 -1.117557 0.311397
624 2016/1/16 15 8 55.765 -1.115588 0.163565
625 2016/1/16 15 8 55.805 -1.119464 -0.072936
626 2016/1/16 15 8 55.837 -1.121712 -0.191413
627 2016/1/16 15 8 55.865 -1.123547 -0.097621
628 2016/1/16 15 8 55.898 -1.11582 0.102813
629 2016/1/16 15 8 55.931 -1.117866 0.256231
630 2016/1/16 15 8 55.965 -1.101643 0.189737
631 2016/1/16 15 8 55.997 -1.106783 0.001572
632 2016/1/16 15 8 56.03 -1.117696 -0.173384
633 2016/1/16 15 8 56.063 -1.095452 -0.132053
634 2016/1/16 15 8 56.097 -1.094937 0.032365
635 2016/1/16 15 8 56.129 -1.10287 0.20373
636 2016/1/16 15 8 56.163 -1.095669 0.196727
637 2016/1/16 15 8 56.196 -1.091421 0.00841
638 2016/1/16 15 8 56.229 -1.089246 -0.11747
639 2016/1/16 15 8 56.263 -1.107144 -0.137306
640 2016/1/16 15 8 56.296 -1.092302 -0.024353
641 2016/1/16 15 8 56.329 -1.089565 0.144773
642 2016/1/16 15 8 56.363 -1.092344 0.191258
643 2016/1/16 15 8 56.396 -1.101875 0.060973
644 2016/1/16 15 8 56.43 -1.084787 -0.093391
645 2016/1/16 15 8 56.463 -1.085214 -0.122218
646 2016/1/16 15 8 56.496 -1.092813 -0.039434
647 2016/1/16 15 8 56.53 -1.09155 0.145639
648 2016/1/16 15 8 56.563 -1.098561 0.206522
649 2016/1/16 15 8 56.596 -1.089055 0.100594
650 2016/1/16 15 8 56.629 -1.097932 -0.047934
651 2016/1/16 15 8 56.663 -1.104417 -0.126383
652 2016/1/16 15 8 56.696 -1.10786 -0.072639
653 2016/1/16 15 8 56.729 -1.091725 0.052678
654 2016/1/16 15 8 56.763 -1.087385 0.155296
655 2016/1/16 15 8 56.796 -1.094086 0.110484
656 2016/1/16 15 8 56.829 -1.081962 -0.023345
657 2016/1/16 15 8 56.863 -1.092199 -0.114261
658 2016/1/16 15 8 56.896 -1.086266 -0.07633
659 2016/1/16 15 8 56.93 -1.091143 0.024751
660 2016/1/16 15 8 56.963 -1.105159 0.160567
661 2016/1/16 15 8 56.996 -1.091699 0.150773
662 2016/1/16 15 8 57.029 -1.085518 0.034285
663 2016/1/16 15 8 57.063 -1.09423 -0.054636
664 2016/1/16 15 8 57.096 -1.088926 -0.07723
665 2016/1/16 15 8 57.13 -1.084261 0.021975
666 2016/1/16 15 8 57.163 -1.100004 0.147945
667 2016/1/16 15 8 57.197 -1.091174 0.155371
668 2016/1/16 15 8 57.23 -1.095689 0.043763
669 2016/1/16 15 8 57.263 -1.088019 -0.053435
670 2016/1/16 15 8 57.296 -1.098602 -0.071856
671 2016/1/16 15 8 57.33 -1.07493 -0.015308
672 2016/1/16 15 8 57.363 -1.093256 0.108492
673 2016/1/16 15 8 57.396 -1.096308 0.137228
674 2016/1/16 15 8 57.429 -1.098117 0.053008
675 2016/1/16 15 8 57.463 -1.085879 -0.046465
676 2016/1/16 15 8 57.496 -1.074394 -0.067595
677 2016/1/16 15 8 57.529 -1.076142 -0.029812
678 2016/1/16 15 8 57.563 -1.082132 0.055308
679 2016/1/16 15 8 57.596 -1.084204 0.141365
680 2016/1/16 15 8 57.629 -1.08241 0.076296
681 2016/1/16 15 8 57.663 -1.081389 -0.031139
682 2016/1/16 15 8 57.697 -1.078219 -0.072544
683 2016/1/16 15 8 57.73 -1.091204 -0.046073
684 2016/1/16 15 8 57.763 -1.081214 0.047797
685 2016/1/16 15 8 57.796 -1.093117 0.1155
686 2016/1/16 15 8 57.83 -1.08474 0.082036
687 2016/1/16 15 8 57.863 -1.077487 -0.002418
688 2016/1/16 15 8 57.896 -1.079497 -0.060951
689 2016/1/16 15 8 57.929 -1.085606 -0.041648
690 2016/1/16 15 8 57.963 -1.070987 0.035927
691 2016/1/16 15 8 57.996 -1.082157 0.113899
692 2016/1/16 15 8 58.03 -1.090452 0.112046
693 2016/1/16 15 8 58.062 -1.079776 0.041232
694 2016/1/16 15 8 58.096 -1.093833 -0.02926
695 2016/1/16 15 8 58.129 -1.08457 -0.02411
696 2016/1/16 15 8 58.164 -1.08439 0.042049
697 2016/1/16 15 8 58.196 -1.093354 0.125336
698 2016/1/16 15 8 58.229 -1.099236 0.116417
699 2016/1/16 15 8 58.262 -1.101592 0.033736
700 2016/1/16 15 8 58.296 -1.07276 -0.030709
701 2016/1/16 15 8 58.329 -1.088142 -0.042632
702 2016/1/16 15 8 58.363 -1.089663 0.009941
703 2016/1/16 15 8 58.396 -1.086101 0.084346
704 2016/1/16 15 8 58.43 -1.101612 0.110177
705 2016/1/16 15 8 58.463 -1.090761 0.051158
706 2016/1/16 15 8 58.496 -1.083745 -0.025729
707 2016/1/16 15 8 58.53 -1.091735 -0.042003
708 2016/1/16 15 8 58.563 -1.092452 0.014261
709 2016/1/16 15 8 58.597 -1.101087 0.076312
710 2016/1/16 15 8 58.629 -1.105958 0.103148
711 2016/1/16 15 8 58.662 -1.101463 0.075881
712 2016/1/16 15 8 58.696 -1.092498 -0.023038
713 2016/1/16 15 8 58.73 -1.086828 -0.047179
714 2016/1/16 15 8 58.763 -1.082694 -0.011798
715 2016/1/16 15 8 58.796 -1.087452 0.033138
716 2016/1/16 15 8 58.829 -1.088297 0.078479
717 2016/1/16 15 8 58.862 -1.087354 0.055372
718 2016/1/16 15 8 58.896 -1.079863 0.009402
719 2016/1/16 15 8 58.929 -1.086328 -0.00979
720 2016/1/16 15 8 58.962 -1.088446 0.010676
721 2016/1/16 15 8 58.996 -1.091674 0.062586
722 2016/1/16 15 8 59.029 -1.090534 0.092266
723 2016/1/16 15 8 59.062 -1.100648 0.104906
724 2016/1/16 15 8 59.096 -1.095081 0.052325
725 2016/1/16 15 8 59.131 -1.083869 0.01133
726 2016/1/16 15 8 59.163 -1.082931 0.02488
727 2016/1/16 15 8 59.196 -1.092081 0.061357
728 2016/1/16 15 8 59.23 -1.094576 0.132612
729 2016/1/16 15 8 59.262 -1.091246 0.132109
730 2016/1/16 15 8 59.296 -1.087575 0.069174
731 2016/1/16 15 8 59.329 -1.075188 0.020148
732 2016/1/16 15 8 59.363 -1.078384 0.035463
733 2016/1/16 15 8 59.396 -1.082889 0.04925
734 2016/1/16 15 8 59.43 -1.080503 0.120343
735 2016/1/16 15 8 59.462 -1.084957 0.104373
736 2016/1/16 15 8 59.496 -1.086075 0.073293
737 2016/1/16 15 8 59.529 -1.095215 0.014825
738 2016/1/16 15 8 59.562 -1.080724 0.006515
739 2016/1/16 15 8 59.596 -1.079564 0.04308
740 2016/1/16 15 8 59.63 -1.090142 0.111956
741 2016/1/16 15 8 59.662 -1.091107 0.128606
742 2016/1/16 15 8 59.696 -1.100623 0.09016
743 2016/1/16 15 8 59.729 -1.093947 0.038812
744 2016/1/16 15 8 59.762 -1.092132 0.023421
745 2016/1/16 15 8 59.796 -1.094633 0.043503
746 2016/1/16 15 8 59.829 -1.099927 0.092686
747 2016/1/16 15 8 59.863 -1.090761 0.109628
748 2016/1/16 15 8 59.896 -1.094071 0.101679
749 2016/1/16 15 8 59.93 -1.101947 0.079124
750 2016/1/16 15 8 59.962 -1.104571 0.050769
751 2016/1/16 15 8 59.996 -1.098818 0.074523
752 2016/1/16 15 9 0.037 -1.099298 0.117423
753 2016/1/16 15 9 0.068 -1.100411 0.143548
754 2016/1/16 15 9 0.096 -1.109809 0.108801
755 2016/1/16 15 9 0.129 -1.116979 0.084382
756 2016/1/16 15 9 0.162 -1.12565 0.040353
757 2016/1/16 15 9 0.196 -1.109567 0.037518
758 2016/1/16 15 9 0.23 -1.096035 0.097607
759 2016/1/16 15 9 0.262 -1.119804 0.149621
760 2016/1/16 15 9 0.296 -1.114361 0.118237
761 2016/1/16 15 9 0.329 -1.1243 0.071742
762 2016/1/16 15 9 0.362 -1.116469 0.047003
763 2016/1/16 15 9 0.395 -1.128656 0.072981
764 2016/1/16 15 9 0.429 -1.115335 0.09523
765 2016/1/16 15 9 0.462 -1.130589 0.124843
766 2016/1/16 15 9 0.496 -1.124387 0.107334
767 2016/1/16 15 9 0.53 -1.129764 0.04931
768 2016/1/16 15 9 0.563 -1.134223 0.031999
769 2016/1/16 15 9 0.597 -1.136579 0.028906
770 2016/1/16 15 9 0.63 -1.125233 0.042314
771 2016/1/16 15 9 0.663 -1.133537 0.079456
772 2016/1/16 15 9 0.721 -1.127552 0.076474
773 2016/1/16 15 9 0.75 -1.125934 0.047861
774 2016/1/16 15 9 0.768 -1.122253 0.029589
775 2016/1/16 15 9 0.803 -1.129413 0.029973
776 2016/1/16 15 9 0.829 -1.130042 0.064919
777 2016/1/16 15 9 0.862 -1.134316 0.096207
778 2016/1/16 15 9 0.896 -1.12831 0.121766
779 2016/1/16 15 9 0.93 -1.131584 0.112835
780 2016/1/16 15 9 0.963 -1.130016 0.069332
781 2016/1/16 15 9 0.996 -1.126717 0.062909
782 2016/1/16 15 9 1.029 -1.131254 0.090586
783 2016/1/16 15 9 1.062 -1.122119 0.127266
784 2016/1/16 15 9 1.095 -1.131352 0.131437
785 2016/1/16 15 9 1.129 -1.12117 0.115722
786 2016/1/16 15 9 1.162 -1.131527 0.086335
787 2016/1/16 15 9 1.196 -1.125258 0.07192
788 2016/1/16 15 9 1.229 -1.125568 0.080698
789 2016/1/16 15 9 1.262 -1.125795 0.088977
790 2016/1/16 15 9 1.295 -1.123578 0.105744
791 2016/1/16 15 9 1.329 -1.133584 0.096009
792 2016/1/16 15 9 1.363 -1.131187 0.066301
793 2016/1/16 15 9 1.396 -1.133697 0.0702
794 2016/1/16 15 9 1.429 -1.139404 0.0805
795 2016/1/16 15 9 1.463 -1.134336 0.081307
796 2016/1/16 15 9 1.495 -1.135594 0.095058
797 2016/1/16 15 9 1.529 -1.143749 0.087629
798 2016/1/16 15 9 1.562 -1.13295 0.059785
799 2016/1/16 15 9 1.596 -1.130022 0.043861
800 2016/1/16 15 9 1.629 -1.13047 0.057828
801 2016/1/16 15 9 1.662 -1.136326 0.060347
802 2016/1/16 15 9 1.695 -1.137084 0.063638
803 2016/1/16 15 9 1.729 -1.134017 0.066146
804 2016/1/16 15 9 1.762 -1.128161 0.054269
805 2016/1/16 15 9 1.795 -1.123604 0.035672
806 2016/1/16 15 9 1.828 -1.124903 0.027347
807 2016/1/16 15 9 1.862 -1.124011 0.044461
808 2016/1/16 15 9 1.895 -1.119418 0.052552
809 2016/1/16 15 9 1.928 -1.120779 0.045967
810 2016/1/16 15 9 1.962 -1.116675 0.032971
811 2016/1/16 15 9 1.995 -1.110793 0.006598
812 2016/1/16 15 9 2.029 -1.112041 0.009139
813 2016/1/16 15 9 2.062 -1.118155 0.017828
814 2016/1/16 15 9 2.096 -1.111428 0.028558
815 2016/1/16 15 9 2.129 -1.110407 0.018656
816 2016/1/16 15 9 2.162 -1.103082 0.014823
817 2016/1/16 15 9 2.195 -1.113541 0.014699
818 2016/1/16 15 9 2.229 -1.114443 0.041314
819 2016/1/16 15 9 2.262 -1.121444 0.087106
820 2016/1/16 15 9 2.295 -1.12481 0.094898
821 2016/1/16 15 9 2.328 -1.111402 0.069463
822 2016/1/16 15 9 2.362 -1.096994 0.049083
823 2016/1/16 15 9 2.394 -1.104298 0.007387
824 2016/1/16 15 9 2.428 -1.095993 0.00194
825 2016/1/16 15 9 2.462 -1.09804 0.014129
826 2016/1/16 15 9 2.495 -1.093849 0.022367
827 2016/1/16 15 9 2.529 -1.105906 0.013887
828 2016/1/16 15 9 2.561 -1.112062 0.007137
829 2016/1/16 15 9 2.594 -1.09869 0.008601
830 2016/1/16 15 9 2.629 -1.101834 0.00151
831 2016/1/16 15 9 2.662 -1.100942 0.02446
832 2016/1/16 15 9 2.695 -1.109732 0.050539
833 2016/1/16 15 9 2.729 -1.115258 0.068816
834 2016/1/16 15 9 2.762 -1.11884 0.068803
835 2016/1/16 15 9 2.795 -1.116175 0.050204
836 2016/1/16 15 9 2.828 -1.113747 0.045797
837 2016/1/16 15 9 2.862 -1.120304 0.046915
838 2016/1/16 15 9 2.895 -1.120175 0.060883
839 2016/1/16 15 9 2.929 -1.125485 0.077928
840 2016/1/16 15 9 2.961 -1.119186 0.074232
841 2016/1/16 15 9 2.995 -1.120454 0.064458
842 2016/1/16 15 9 3.028 -1.118145 0.061037
843 2016/1/16 15 9 3.062 -1.130475 0.067545
844 2016/1/16 15 9 3.095 -1.129573 0.079608
845 2016/1/16 15 9 3.128 -1.132805 0.086312
846 2016/1/16 15 9 3.161 -1.133192 0.076345
847 2016/1/16 15 9 3.196 -1.142043 0.075889
848 2016/1/16 15 9 3.228 -1.13363 0.060857
849 2016/1/16 15 9 3.262 -1.133986 0.057001
850 2016/1/16 15 9 3.296 -1.123336 0.064221
851 2016/1/16 15 9 3.328 -1.128676 0.076959
852 2016/1/16 15 9 3.362 -1.132182 0.07659
853 2016/1/16 15 9 3.395 -1.122284 0.045302
854 2016/1/16 15 9 3.428 -1.129212 0.045253
855 2016/1/16 15 9 3.462 -1.120933 -0.042589015
856 2016/1/16 15 9 3.495 -1.119588 -0.01908515
857 2016/1/16 15 9 3.529 -1.127047 -0.028388899
858 2016/1/16 15 9 3.563 -1.118644 -0.018764289
859 2016/1/16 15 9 3.596 -1.112185 0.042994424
860 2016/1/16 15 9 3.628 -1.109943 -0.034697794
861 2016/1/16 15 9 3.661 -1.112902 0.013913024
862 2016/1/16 15 9 3.695 -1.10818 5.07E-05
863 2016/1/16 15 9 3.728 -1.109799 -0.043845637
864 2016/1/16 15 9 3.761 -1.106623 -0.056773769
865 2016/1/16 15 9 3.795 -1.102984 0.072431037
866 2016/1/16 15 9 3.828 -1.105216 0.003271434
867 2016/1/16 15 9 3.861 -1.109922 -0.008791072
868 2016/1/16 15 9 3.895 -1.100953 -0.026561516
869 2016/1/16 15 9 3.928 -1.108051 -0.039447646
870 2016/1/16 15 9 3.961 -1.112077 -0.012190228
871 2016/1/16 15 9 3.995 -1.100571 0.065187295
872 2016/1/16 15 9 4.029 -1.105175 0.024786075
873 2016/1/16 15 9 4.062 -1.095932 0.011585887
874 2016/1/16 15 9 4.096 -1.106896 -0.007481432
875 2016/1/16 15 9 4.128 -1.103875 -0.019464874
876 2016/1/16 15 9 4.162 -1.103767 -0.063311238
877 2016/1/16 15 9 4.195 -1.106386 0.019677525
878 2016/1/16 15 9 4.228 -1.117876 -0.029619463
879 2016/1/16 15 9 4.262 -1.107463 -0.019261291
880 2016/1/16 15 9 4.295 -1.119815 0.035946938
881 2016/1/16 15 9 4.328 -1.125124 -0.023873822
882 2016/1/16 15 9 4.361 -1.122887 -0.013579091
883 2016/1/16 15 9 4.395 -1.121732 -0.081859025
884 2016/1/16 15 9 4.428 -1.117701 0.006165216
885 2016/1/16 15 9 4.461 -1.114521 -0.00330929
886 2016/1/16 15 9 4.495 -1.116381 -0.022083328
887 2016/1/16 15 9 4.528 -1.139192 0.009442391
888 2016/1/16 15 9 4.561 -1.104721 -0.030605983
889 2016/1/16 15 9 4.595 -1.119433 0.00125581
890 2016/1/16 15 9 4.628 -1.1225 -0.078051036
891 2016/1/16 15 9 4.662 -1.123191 0.003084855
892 2016/1/16 15 9 4.695 -1.114201 0.021442031
893 2016/1/16 15 9 4.728 -1.116304 0.047323556
894 2016/1/16 15 9 4.761 -1.124031 -4.80E-06
895 2016/1/16 15 9 4.795 -1.113469 -0.062769178
896 2016/1/16 15 9 4.828 -1.112232 -0.045758263
897 2016/1/16 15 9 4.862 -1.12448 0.019457475
898 2016/1/16 15 9 4.895 -1.106654 -0.013818854
899 2016/1/16 15 9 4.928 -1.128949 -0.01178361
900 2016/1/16 15 9 4.962 -1.131063 -0.006676444
901 2016/1/16 15 9 4.994 -1.121325 0.004365119
902 2016/1/16 15 9 5.027 -1.121655 -0.034906177
903 2016/1/16 15 9 5.06 -1.120959 -0.006960998
904 2016/1/16 15 9 5.095 -1.120851 -0.005513842
905 2016/1/16 15 9 5.127 -1.109407 0.003892951
906 2016/1/16 15 9 5.162 -1.114423 -0.006115244
907 2016/1/16 15 9 5.193 -1.118557 -0.052158825
908 2016/1/16 15 9 5.228 -1.120433 -0.025882881
909 2016/1/16 15 9 5.26 -1.121521 -0.006299774
910 2016/1/16 15 9 5.294 -1.119727 -0.03734317
911 2016/1/16 15 9 5.327 -1.118722 0.075508506
912 2016/1/16 15 9 5.362 -1.112036 -0.004045772
913 2016/1/16 15 9 5.393 -1.120856 -0.021490622
914 2016/1/16 15 9 5.427 -1.121186 0.006776191
915 2016/1/16 15 9 5.461 -1.116711 -0.003017761
916 2016/1/16 15 9 5.495 -1.118479 -0.006748157
917 2016/1/16 15 9 5.529 -1.125959 0.029312279
918 2016/1/16 15 9 5.56 -1.122248 -0.028715693
919 2016/1/16 15 9 5.595 -1.12348 -0.045996584
920 2016/1/16 15 9 5.628 -1.110242 -0.102243196
921 2016/1/16 15 9 5.662 -1.102432 -0.020025621
922 2016/1/16 15 9 5.693 -1.104216 -0.041126493
923 2016/1/16 15 9 5.728 -1.104999 -0.051725232
924 2016/1/16 15 9 5.76 -1.11053 0.000428569
925 2016/1/16 15 9 5.799 -1.110293 0.0181659
926 2016/1/16 15 9 5.833 -1.11715 0.000888339
927 2016/1/16 15 9 5.859 -1.135635 0.019627528
928 2016/1/16 15 9 5.893 -1.11035 0.025889259
929 2016/1/16 15 9 5.926 -1.131522 0.000943657
930 2016/1/16 15 9 5.96 -1.12366 -0.017494387
931 2016/1/16 15 9 5.993 -1.117918 -0.026384606
932 2016/1/16 15 9 6.027 -1.128057 0.005666254
933 2016/1/16 15 9 6.06 -1.117722 0.033839482
934 2016/1/16 15 9 6.092 -1.121645 0.051779174
935 2016/1/16 15 9 6.127 -1.122294 -0.027830907
936 2016/1/16 15 9 6.161 -1.124001 -0.079444116
937 2016/1/16 15 9 6.193 -1.121784 0.045809012
938 2016/1/16 15 9 6.227 -1.124253 -0.022772885
939 2016/1/16 15 9 6.26 -1.115191 0.030869039
940 2016/1/16 15 9 6.294 -1.121856 0.012676114
941 2016/1/16 15 9 6.326 -1.124702 -0.002453803
942 2016/1/16 15 9 6.361 -1.128449 0.012976163
943 2016/1/16 15 9 6.393 -1.123155 -0.042831669
944 2016/1/16 15 9 6.427 -1.119206 -0.02983335
945 2016/1/16 15 9 6.459 -1.118382 0.055987435
946 2016/1/16 15 9 6.493 -1.131377 -0.018409586
947 2016/1/16 15 9 6.527 -1.124928 -0.022917302
948 2016/1/16 15 9 6.56 -1.131434 0.015848835
949 2016/1/16 15 9 6.592 -1.133481 -0.073057368
950 2016/1/16 15 9 6.626 -1.134774 0.012843863
951 2016/1/16 15 9 6.659 -1.133486 -0.02521332
952 2016/1/16 15 9 6.693 -1.132269 -0.056797931
953 2016/1/16 15 9 6.726 -1.125315 0.029049218
954 2016/1/16 15 9 6.763 -1.132151 0.001794266
955 2016/1/16 15 9 6.793 -1.130248 0.005285788
956 2016/1/16 15 9 6.827 -1.126604 0.006024057
957 2016/1/16 15 9 6.861 -1.131862 -0.050348554
958 2016/1/16 15 9 6.893 -1.132651 0.007883346
959 2016/1/16 15 9 6.927 -1.136996 -0.01567638
960 2016/1/16 15 9 6.96 -1.126717 -0.020984948
961 2016/1/16 15 9 6.993 -1.130382 -0.01595032
962 2016/1/16 15 9 7.027 -1.130692 -0.024436007
963 2016/1/16 15 9 7.06 -1.131779 -0.014774967
964 2016/1/16 15 9 7.093 -1.12998 -0.034840896
965 2016/1/16 15 9 7.126 -1.125764 -0.02099412
966 2016/1/16 15 9 7.16 -1.129656 0.030229241
967 2016/1/16 15 9 7.192 -1.163374 0.010865605
968 2016/1/16 15 9 7.226 -1.153338 -0.019524807
969 2016/1/16 15 9 7.259 -1.138543 -0.010915878
970 2016/1/16 15 9 7.292 -1.124702 0.024821889
971 2016/1/16 15 9 7.326 -1.129032 0.010047991
972 2016/1/16 15 9 7.359 -1.123248 0.028047766
973 2016/1/16 15 9 7.392 -1.111855 0.043383827
974 2016/1/16 15 9 7.425 -1.117217 0.039777883
975 2016/1/16 15 9 7.459 -1.113675 -0.006900834
976 2016/1/16 15 9 7.493 -1.112881 -0.007643052
977 2016/1/16 15 9 7.526 -1.110417 -0.072246474
978 2016/1/16 15 9 7.56 -1.113706 0.020224902
979 2016/1/16 15 9 7.593 -1.114211 0.016499215
980 2016/1/16 15 9 7.626 -1.112082 -0.036943189
981 2016/1/16 15 9 7.66 -1.110046 0.038388527
982 2016/1/16 15 9 7.693 -1.106726 -0.029058363
983 2016/1/16 15 9 7.726 -1.114536 -0.015399172
984 2016/1/16 15 9 7.76 -1.109654 -0.021062414
985 2016/1/16 15 9 7.793 -1.110525 -0.023902474
986 2016/1/16 15 9 7.826 -1.115242 -0.050364052
987 2016/1/16 15 9 7.859 -1.117598 -0.046030834
988 2016/1/16 15 9 7.892 -1.121402 0.071965293
989 2016/1/16 15 9 7.925 -1.11217 -0.006190023
990 2016/1/16 15 9 7.959 -1.110453 0.045330528
991 2016/1/16 15 9 7.992 -1.113443 -0.081526796
992 2016/1/16 15 9 8.026 -1.110752 0.024876575
993 2016/1/16 15 9 8.059 -1.109252 -0.014896172
994 2016/1/16 15 9 8.092 -1.084998 0.00837362
995 2016/1/16 15 9 8.125 -1.095911 0.011260838
996 2016/1/16 15 9 8.159 -1.094524 -0.023790852
997 2016/1/16 15 9 8.194 -1.093122 -0.036416595
998 2016/1/16 15 9 8.226 -1.087998 -0.059969234
999 2016/1/16 15 9 8.259 -1.087142 -0.018908998
1000 2016/1/16 15 9 8.293 -1.085828 0.035180745
1001 2016/1/16 15 9 8.326 -1.098514 0.037426645
1002 2016/1/16 15 9 8.361 -1.099133 0.01640146
1003 2016/1/16 15 9 8.392 -1.103607 0.030153601
1004 2016/1/16 15 9 8.427 -1.110397 -0.012420116
1005 2016/1/16 15 9 8.459 -1.091024 0.034735786
1006 2016/1/16 15 9 8.493 -1.101107 0.043900644
1007 2016/1/16 15 9 8.525 -1.097555 0.006574533
1008 2016/1/16 15 9 8.559 -1.107731 -0.007865099
1009 2016/1/16 15 9 8.592 -1.109762 -0.087618711
1010 2016/1/16 15 9 8.625 -1.109505 0.045959029
1011 2016/1/16 15 9 8.659 -1.100463 0.037764061
1012 2016/1/16 15 9 8.692 -1.113299 -0.051377318
1013 2016/1/16 15 9 8.725 -1.106644 -0.009332792
1014 2016/1/16 15 9 8.76 -1.107314 -0.019815844
1015 2016/1/16 15 9 8.792 -1.185639 -0.020269099
1016 2016/1/16 15 9 8.825 -1.124341 -0.005723387
1017 2016/1/16 15 9 8.859 -1.10321 -0.000430935
1018 2016/1/16 15 9 8.892 -1.109128 0.020542038
1019 2016/1/16 15 9 8.925 -1.101587 -0.024424618
1020 2016/1/16 15 9 8.959 -1.113129 -0.033149341
1021 2016/1/16 15 9 8.993 -1.115773 0.053602674
1022 2016/1/16 15 9 9.026 -1.103875 0.003981336
1023 2016/1/16 15 9 9.06 -1.106303 -0.042352795
1024 2016/1/16 15 9 9.093 -1.094937 0.039960333
1025 2016/1/16 15 9 9.126 -1.102772 0.009835315
1026 2016/1/16 15 9 9.16 -1.10203 -0.021757567
1027 2016/1/16 15 9 9.192 -1.105685 0.035416197
1028 2016/1/16 15 9 9.226 -1.108773 0.044766246
1029 2016/1/16 15 9 9.259 -1.108706 -0.072393995
1030 2016/1/16 15 9 9.292 -1.113314 -0.010633409
1031 2016/1/16 15 9 9.325 -1.102174 -0.02030946
1032 2016/1/16 15 9 9.359 -1.100891 0.000375235
1033 2016/1/16 15 9 9.392 -1.100138 0.022853
1034 2016/1/16 15 9 9.425 -1.102752 0.025993
1035 2016/1/16 15 9 9.458 -1.106334 0.022157
1036 2016/1/16 15 9 9.493 -1.099092 0.024606
1037 2016/1/16 15 9 9.525 -1.10437 0.026088
1038 2016/1/16 15 9 9.56 -1.10868 0.022742
1039 2016/1/16 15 9 9.592 -1.103875 0.031563
1040 2016/1/16 15 9 9.627 -1.110154 0.027044
1041 2016/1/16 15 9 9.659 -1.107422 0.024472
1042 2016/1/16 15 9 9.692 -1.10951 0.028434
1043 2016/1/16 15 9 9.726 -1.19965 0.2263
1044 2016/1/16 15 9 9.761 -1.636752 -0.785285
1045 2016/1/16 15 9 9.793 -1.651815 -0.339914
1046 2016/1/16 15 9 9.826 -1.592296 0.338254
1047 2016/1/16 15 9 9.859 -1.644037 -0.438475
1048 2016/1/16 15 9 9.894 -1.657584 1.978765
1049 2016/1/16 15 9 9.926 -1.58379 -0.967527
1050 2016/1/16 15 9 9.959 -1.699576 1.928279
1051 2016/1/16 15 9 9.992 -1.591203 -1.052461
1052 2016/1/16 15 9 10.026 -1.695494 1.099577
1053 2016/1/16 15 9 10.059 -1.610632 -0.257932
1054 2016/1/16 15 9 10.092 -1.611297 0.431624
1055 2016/1/16 15 9 10.125 -1.616622 0.570487
1056 2016/1/16 15 9 10.159 -1.631087 0.234162
1057 2016/1/16 15 9 10.192 -1.629726 -0.2158
1058 2016/1/16 15 9 10.226 -1.671152 0.385817
1059 2016/1/16 15 9 10.261 -1.613266 -0.370045
1060 2016/1/16 15 9 10.293 -1.646542 0.695969
1061 2016/1/16 15 9 10.325 -1.626164 0.279807
1062 2016/1/16 15 9 10.359 -1.646985 0.268896
1063 2016/1/16 15 9 10.395 -1.652274 0.117337
1064 2016/1/16 15 9 10.426 -1.630922 -0.287132
1065 2016/1/16 15 9 10.459 -1.655079 0.051213
1066 2016/1/16 15 9 10.492 -1.649625 0.283928
1067 2016/1/16 15 9 10.526 -1.615798 0.221225
1068 2016/1/16 15 9 10.56 -1.641959 0.372246
1069 2016/1/16 15 9 10.593 -1.646671 0.121164
1070 2016/1/16 15 9 10.625 -1.631958 -0.20365
1071 2016/1/16 15 9 10.659 -1.64647 0.039014
1072 2016/1/16 15 9 10.693 -1.635082 0.083899
1073 2016/1/16 15 9 10.726 -1.630412 0.290068
1074 2016/1/16 15 9 10.759 -1.63101 0.350623
1075 2016/1/16 15 9 10.799 -1.645562 0.059557
1076 2016/1/16 15 9 10.832 -1.657981 0.006597
1077 2016/1/16 15 9 10.859 -1.656079 -0.053954
1078 2016/1/16 15 9 10.895 -1.637474 -0.005373
1079 2016/1/16 15 9 10.925 -1.637835 0.306004
1080 2016/1/16 15 9 10.959 -1.629587 0.312049
1081 2016/1/16 15 9 10.992 -1.619226 0.113099
1082 2016/1/16 15 9 11.026 -1.638856 0.024392
1083 2016/1/16 15 9 11.059 -1.632855 -0.125471
1084 2016/1/16 15 9 11.093 -1.644068 -0.020645
1085 2016/1/16 15 9 11.126 -1.615029 0.164229
1086 2016/1/16 15 9 11.159 -1.620401 0.223584
1087 2016/1/16 15 9 11.193 -1.618349 0.201296
1088 2016/1/16 15 9 11.227 -1.635835 0.035674
1089 2016/1/16 15 9 11.259 -1.641495 -0.053912
1090 2016/1/16 15 9 11.293 -1.623185 0.037045
1091 2016/1/16 15 9 11.326 -1.616349 0.164335
1092 2016/1/16 15 9 11.359 -1.61919 0.244418
1093 2016/1/16 15 9 11.392 -1.61555 0.207345
1094 2016/1/16 15 9 11.426 -1.628536 0.074189
1095 2016/1/16 15 9 11.459 -1.633783 -0.083141
1096 2016/1/16 15 9 11.492 -1.644227 -0.039288
1097 2016/1/16 15 9 11.526 -1.608782 0.072908
1098 2016/1/16 15 9 11.559 -1.601786 0.171871
1099 2016/1/16 15 9 11.592 -1.596147 0.197837
1100 2016/1/16 15 9 11.626 -1.615952 0.080166
1101 2016/1/16 15 9 11.659 -1.640145 -0.05592
1102 2016/1/16 15 9 11.693 -1.638526 -0.073442
1103 2016/1/16 15 9 11.726 -1.605054 0.047195
1104 2016/1/16 15 9 11.76 -1.610895 0.161298
1105 2016/1/16 15 9 11.793 -1.61024 0.177748
1106 2016/1/16 15 9 11.826 -1.608127 0.078107
1107 2016/1/16 15 9 11.859 -1.626551 -0.048288
1108 2016/1/16 15 9 11.893 -1.627355 -0.071821
1109 2016/1/16 15 9 11.926 -1.627133 0.030127
1110 2016/1/16 15 9 11.959 -1.600193 0.132472
1111 2016/1/16 15 9 11.992 -1.609534 0.159066
1112 2016/1/16 15 9 12.026 -1.599095 0.102573
1113 2016/1/16 15 9 12.059 -1.628572 -0.032053
1114 2016/1/16 15 9 12.092 -1.633247 -0.079368
1115 2016/1/16 15 9 12.126 -1.613735 -0.019776
1116 2016/1/16 15 9 12.159 -1.592239 0.095387
1117 2016/1/16 15 9 12.193 -1.579656 0.155383
1118 2016/1/16 15 9 12.226 -1.600389 0.129221
1119 2016/1/16 15 9 12.259 -1.609792 0.027475
1120 2016/1/16 15 9 12.293 -1.625298 -0.045154
1121 2016/1/16 15 9 12.326 -1.616679 -0.004489
1122 2016/1/16 15 9 12.36 -1.599482 0.087252
1123 2016/1/16 15 9 12.392 -1.601776 0.145457
1124 2016/1/16 15 9 12.426 -1.608436 0.120693
1125 2016/1/16 15 9 12.46 -1.607343 0.051665
1126 2016/1/16 15 9 12.493 -1.623478 -0.02258
1127 2016/1/16 15 9 12.526 -1.620416 -0.024325
1128 2016/1/16 15 9 12.56 -1.604962 0.095541
1129 2016/1/16 15 9 12.592 -1.605255 0.17482
1130 2016/1/16 15 9 12.626 -1.610148 0.140668
1131 2016/1/16 15 9 12.659 -1.611364 0.100954
1132 2016/1/16 15 9 12.692 -1.619772 0.007334
1133 2016/1/16 15 9 12.727 -1.623927 -0.009963
1134 2016/1/16 15 9 12.76 -1.597183 0.089886
1135 2016/1/16 15 9 12.792 -1.591347 0.146524
1136 2016/1/16 15 9 12.826 -1.59842 0.167487
1137 2016/1/16 15 9 12.859 -1.603719 0.11628
1138 2016/1/16 15 9 12.892 -1.623164 0.03622
1139 2016/1/16 15 9 12.926 -1.620061 0.000669
1140 2016/1/16 15 9 12.959 -1.608271 0.036975
1141 2016/1/16 15 9 12.992 -1.59577 0.123925
1142 2016/1/16 15 9 13.026 -1.597972 0.153837
1143 2016/1/16 15 9 13.059 -1.607534 0.094812
1144 2016/1/16 15 9 13.092 -1.622118 0.002733
1145 2016/1/16 15 9 13.127 -1.62086 -0.047788
1146 2016/1/16 15 9 13.159 -1.613081 0.022018
1147 2016/1/16 15 9 13.193 -1.59543 0.103369
1148 2016/1/16 15 9 13.226 -1.599064 0.159845
1149 2016/1/16 15 9 13.26 -1.605854 0.103611
1150 2016/1/16 15 9 13.295 -1.595848 0.036761
1151 2016/1/16 15 9 13.326 -1.612096 0.013219
1152 2016/1/16 15 9 13.359 -1.606018 0.051108
1153 2016/1/16 15 9 13.393 -1.594719 0.113468
1154 2016/1/16 15 9 13.426 -1.589193 0.134242
1155 2016/1/16 15 9 13.459 -1.597152 0.127118
1156 2016/1/16 15 9 13.492 -1.601657 0.077138
1157 2016/1/16 15 9 13.527 -1.61623 0.038996
1158 2016/1/16 15 9 13.559 -1.621916 0.061835
1159 2016/1/16 15 9 13.592 -1.599662 0.105075
1160 2016/1/16 15 9 13.626 -1.591239 0.141261
1161 2016/1/16 15 9 13.659 -1.591017 0.120731
1162 2016/1/16 15 9 13.692 -1.599858 0.060219
1163 2016/1/16 15 9 13.726 -1.612447 0.016391
1164 2016/1/16 15 9 13.761 -1.609508 0.022093
1165 2016/1/16 15 9 13.793 -1.600941 0.081334
1166 2016/1/16 15 9 13.826 -1.597069 0.113612
1167 2016/1/16 15 9 13.86 -1.605869 0.109367
1168 2016/1/16 15 9 13.893 -1.606761 0.075385
1169 2016/1/16 15 9 13.926 -1.617432 0.030289
1170 2016/1/16 15 9 13.961 -1.61056 0.029457
1171 2016/1/16 15 9 13.994 -1.613431 0.055296
1172 2016/1/16 15 9 14.027 -1.607534 0.08036
1173 2016/1/16 15 9 14.059 -1.602106 0.098848
1174 2016/1/16 15 9 14.092 -1.607199 0.068552
1175 2016/1/16 15 9 14.127 -1.607678 0.011463
1176 2016/1/16 15 9 14.159 -1.607498 0.01992
1177 2016/1/16 15 9 14.192 -1.608905 0.047489
1178 2016/1/16 15 9 14.226 -1.597698 0.08186
1179 2016/1/16 15 9 14.26 -1.608385 0.112617
1180 2016/1/16 15 9 14.292 -1.602188 0.090077
1181 2016/1/16 15 9 14.326 -1.601941 0.039138
1182 2016/1/16 15 9 14.359 -1.599503 0.017948
1183 2016/1/16 15 9 14.394 -1.609431 0.050907
1184 2016/1/16 15 9 14.427 -1.610849 0.097222
1185 2016/1/16 15 9 14.459 -1.609467 0.10032
1186 2016/1/16 15 9 14.493 -1.606951 0.08003
1187 2016/1/16 15 9 14.527 -1.622267 0.060626
1188 2016/1/16 15 9 14.56 -1.610493 0.029047
1189 2016/1/16 15 9 14.593 -1.607292 0.026727
1190 2016/1/16 15 9 14.626 -1.608153 0.068457
1191 2016/1/16 15 9 14.66 -1.605699 0.068199
1192 2016/1/16 15 9 14.693 -1.602353 0.061645
1193 2016/1/16 15 9 14.727 -1.607369 0.032612
1194 2016/1/16 15 9 14.759 -1.614895 0.000878
1195 2016/1/16 15 9 14.793 -1.610173 0.009126
1196 2016/1/16 15 9 14.826 -1.603719 0.039084
1197 2016/1/16 15 9 14.859 -1.609483 0.06274
1198 2016/1/16 15 9 14.892 -1.604776 0.063469
1199 2016/1/16 15 9 14.926 -1.606838 0.045357
1200 2016/1/16 15 9 14.959 -1.614751 0.021126
1201 2016/1/16 15 9 14.993 -1.605539 0.030802
1202 2016/1/16 15 9 15.026 -1.601539 0.058392
1203 2016/1/16 15 9 15.06 -1.601925 0.081901
1204 2016/1/16 15 9 15.093 -1.599456 0.087203
1205 2016/1/16 15 9 15.126 -1.600477 0.072189
1206 2016/1/16 15 9 15.159 -1.610416 0.063096
1207 2016/1/16 15 9 15.193 -1.603462 0.002064734
1208 2016/1/16 15 9 15.227 -1.603235 0.01096415
1209 2016/1/16 15 9 15.259 -1.602126 -0.002416091
1210 2016/1/16 15 9 15.293 -1.605312 -0.005157939
1211 2016/1/16 15 9 15.327 -1.600034 -0.059035674
1212 2016/1/16 15 9 15.359 -1.600446 0.012493939
1213 2016/1/16 15 9 15.393 -1.606096 0.02775181
1214 2016/1/16 15 9 15.427 -1.602023 0.016094107
1215 2016/1/16 15 9 15.461 -1.603699 0.009685982
1216 2016/1/16 15 9 15.493 -1.602987 -0.045140452
1217 2016/1/16 15 9 15.526 -1.604869 0.010495225
1218 2016/1/16 15 9 15.56 -1.607493 0.023519449
1219 2016/1/16 15 9 15.593 -1.614076 -0.047831364
1220 2016/1/16 15 9 15.626 -1.609782 0.007960246
1221 2016/1/16 15 9 15.659 -1.603549 0.036333048
1222 2016/1/16 15 9 15.693 -1.611369 0.011619937
1223 2016/1/16 15 9 15.726 -1.6114 0.004470253
1224 2016/1/16 15 9 15.759 -1.617236 0.035480393
1225 2016/1/16 15 9 15.798 -1.618045 0.044448919
1226 2016/1/16 15 9 15.829 -1.646671 -0.110806727
1227 2016/1/16 15 9 15.86 -1.638902 -0.065340408
1228 2016/1/16 15 9 15.892 -1.631371 0.004943981
1229 2016/1/16 15 9 15.927 -1.635804 0.037068555
1230 2016/1/16 15 9 15.96 -1.644 -0.09668706
1231 2016/1/16 15 9 15.994 -1.641176 -0.036527561
1232 2016/1/16 15 9 16.027 -1.642346 0.002837876
1233 2016/1/16 15 9 16.061 -1.63269 -0.022919596
1234 2016/1/16 15 9 16.093 -1.634814 -0.016388211
1235 2016/1/16 15 9 16.127 -1.627097 0.003852277
1236 2016/1/16 15 9 16.16 -1.631195 -0.017114769
1237 2016/1/16 15 9 16.193 -1.63086 -0.030926691
1238 2016/1/16 15 9 16.227 -1.626597 -0.019245939
1239 2016/1/16 15 9 16.26 -1.621602 0.038102713
1240 2016/1/16 15 9 16.293 -1.62385 -0.021148599
1241 2016/1/16 15 9 16.326 -1.619793 -0.024762856
1242 2016/1/16 15 9 16.36 -1.62387 -0.010977759
1243 2016/1/16 15 9 16.393 -1.616205 0.04737254
1244 2016/1/16 15 9 16.426 -1.62188 -0.001619542
1245 2016/1/16 15 9 16.461 -1.620633 -0.011668563
1246 2016/1/16 15 9 16.493 -1.611581 -0.016000581
1247 2016/1/16 15 9 16.527 -1.615957 0.021134728
1248 2016/1/16 15 9 16.56 -1.616937 0.025653157
1249 2016/1/16 15 9 16.593 -1.620695 -0.030704297
1250 2016/1/16 15 9 16.627 -1.631644 -0.006164816
1251 2016/1/16 15 9 16.66 -1.63433 -0.004056649
1252 2016/1/16 15 9 16.693 -1.62053 0.001521573
1253 2016/1/16 15 9 16.727 -1.613931 -0.02223603
1254 2016/1/16 15 9 16.76 -1.61886 -0.030752172
1255 2016/1/16 15 9 16.794 -1.61339 -0.01171944
1256 2016/1/16 15 9 16.826 -1.609967 0.020430412
1257 2016/1/16 15 9 16.86 -1.617148 -0.032436846
1258 2016/1/16 15 9 16.895 -1.615437 0.027141832
1259 2016/1/16 15 9 16.926 -1.599425 -0.021821829
1260 2016/1/16 15 9 16.96 -1.613571 0.04444528
1261 2016/1/16 15 9 16.993 -1.610828 -0.040997977
1262 2016/1/16 15 9 17.026 -1.612091 0.002744208
1263 2016/1/16 15 9 17.06 -1.616349 -0.034532383
1264 2016/1/16 15 9 17.093 -1.615112 -0.012967564
1265 2016/1/16 15 9 17.126 -1.61656 0.039972746
1266 2016/1/16 15 9 17.159 -1.614065 0.007968643
1267 2016/1/16 15 9 17.193 -1.608101 -0.001491205
1268 2016/1/16 15 9 17.226 -1.61371 -0.00075195
1269 2016/1/16 15 9 17.26 -1.610802 0.00446934
1270 2016/1/16 15 9 17.293 -1.600879 -0.015355147
1271 2016/1/16 15 9 17.328 -1.599523 -0.001102593
1272 2016/1/16 15 9 17.36 -1.597698 0.010599244
1273 2016/1/16 15 9 17.394 -1.591038 -0.003746948
1274 2016/1/16 15 9 17.427 -1.600879 0.00078712
1275 2016/1/16 15 9 17.46 -1.595631 -0.010768482
1276 2016/1/16 15 9 17.495 -1.595255 0.014688795
1277 2016/1/16 15 9 17.527 -1.596276 -0.001707636
1278 2016/1/16 15 9 17.56 -1.594445 0.000448224
1279 2016/1/16 15 9 17.594 -1.599889 -0.00027792
1280 2016/1/16 15 9 17.626 -1.612921 0.006117331
1281 2016/1/16 15 9 17.66 -1.609091 -0.014681218
1282 2016/1/16 15 9 17.692 -1.619138 -0.021766627
1283 2016/1/16 15 9 17.727 -1.617628 -0.012277988
1284 2016/1/16 15 9 17.759 -1.614947 -0.023250036
1285 2016/1/16 15 9 17.793 -1.616792 0.016879213
1286 2016/1/16 15 9 17.826 -1.618432 0.031312952
1287 2016/1/16 15 9 17.86 -1.621741 -0.019162017
1288 2016/1/16 15 9 17.893 -1.623087 0.019038168
1289 2016/1/16 15 9 17.927 -1.613808 0.024582897
1290 2016/1/16 15 9 17.96 -1.607348 0.001462553
1291 2016/1/16 15 9 17.993 -1.617282 0.013239042
1292 2016/1/16 15 9 18.028 -1.622607 0.023260954
1293 2016/1/16 15 9 18.061 -1.631335 0.001304853
1294 2016/1/16 15 9 18.093 -1.609632 0.028145169
1295 2016/1/16 15 9 18.129 -1.626262 -0.00848
1296 2016/1/16 15 9 18.161 -1.636149 -0.043502297
1297 2016/1/16 15 9 18.194 -1.632067 0.012899809
1298 2016/1/16 15 9 18.227 -1.637938 0.006533218
1299 2016/1/16 15 9 18.26 -1.624164 0.00257093
1300 2016/1/16 15 9 18.294 -1.628149 0.006789334
1301 2016/1/16 15 9 18.327 -1.612746 0.009385513
1302 2016/1/16 15 9 18.359 -1.619715 -0.009604771
1303 2016/1/16 15 9 18.395 -1.618689 0.017380368
1304 2016/1/16 15 9 18.427 -1.626865 0.009644447
1305 2016/1/16 15 9 18.459 -1.624092 -0.012484608
1306 2016/1/16 15 9 18.493 -1.628298 -0.007685405
1307 2016/1/16 15 9 18.528 -1.618256 0.000563936
1308 2016/1/16 15 9 18.559 -1.619901 0.005959138
1309 2016/1/16 15 9 18.593 -1.623143 0.013253023
1310 2016/1/16 15 9 18.626 -1.616055 -0.0002234
1311 2016/1/16 15 9 18.66 -1.620174 -0.004588218
1312 2016/1/16 15 9 18.694 -1.621066 -0.005362959
1313 2016/1/16 15 9 18.727 -1.615684 -0.006020647
1314 2016/1/16 15 9 18.76 -1.620751 0.020746345
1315 2016/1/16 15 9 18.793 -1.619586 -0.010129508
1316 2016/1/16 15 9 18.827 -1.621958 0.001683525
1317 2016/1/16 15 9 18.86 -1.616148 -0.001251352
1318 2016/1/16 15 9 18.893 -1.612271 0.004802132
1319 2016/1/16 15 9 18.928 -1.613983 0.005053072
1320 2016/1/16 15 9 18.961 -1.61705 0.014631152
1321 2016/1/16 15 9 18.993 -1.619066 -0.00354255
1322 2016/1/16 15 9 19.026 -1.616432 -0.001033628
1323 2016/1/16 15 9 19.06 -1.62288 -0.000829059
1324 2016/1/16 15 9 19.094 -1.620916 -0.017819303
1325 2016/1/16 15 9 19.126 -1.616612 -0.008734386
1326 2016/1/16 15 9 19.159 -1.609941 0.011598465
1327 2016/1/16 15 9 19.193 -1.607003 -0.009680606
1328 2016/1/16 15 9 19.226 -1.60574 -0.006069802
1329 2016/1/16 15 9 19.26 -1.607297 -0.000271398
1330 2016/1/16 15 9 19.293 -1.604874 0.018195935
1331 2016/1/16 15 9 19.328 -1.604235 -0.002811718
1332 2016/1/16 15 9 19.36 -1.600332 0.000115363
1333 2016/1/16 15 9 19.393 -1.598667 -0.021907356
1334 2016/1/16 15 9 19.427 -1.597817 0.005573932
1335 2016/1/16 15 9 19.461 -1.606338 -0.000808074
1336 2016/1/16 15 9 19.494 -1.591734 -0.008694959
1337 2016/1/16 15 9 19.527 -1.591069 0.012507733
1338 2016/1/16 15 9 19.56 -1.589007 0.009662445
1339 2016/1/16 15 9 19.595 -1.584429 -0.000476827
1340 2016/1/16 15 9 19.627 -1.578578 0.00510126
1341 2016/1/16 15 9 19.661 -1.578078 0.005092966
1342 2016/1/16 15 9 19.693 -1.584445 0.00070682
1343 2016/1/16 15 9 19.726 -1.578712 0.017425873
1344 2016/1/16 15 9 19.759 -1.581888 -0.003328373
1345 2016/1/16 15 9 19.793 -1.576475 -0.00083441
1346 2016/1/16 15 9 19.825 -1.57996 -0.002127436
1347 2016/1/16 15 9 19.858 -1.584481 0.005514388
1348 2016/1/16 15 9 19.891 -1.575181 0.007238936
1349 2016/1/16 15 9 19.925 -1.57331 -0.008816197
1350 2016/1/16 15 9 19.958 -1.572573 0.016209808
1351 2016/1/16 15 9 20.029 -1.575753 0.016927761
1352 2016/1/16 15 9 20.086 -1.574434 -0.005342569
1353 2016/1/16 15 9 20.115 -1.576872 -0.015479349
1354 2016/1/16 15 9 20.137 -1.581403 -0.00078999
1355 2016/1/16 15 9 20.167 -1.577192 0.026928948
1356 2016/1/16 15 9 20.197 -1.581305 0.004102902
1357 2016/1/16 15 9 20.23 -1.586208 -0.008141904
1358 2016/1/16 15 9 20.266 -1.580826 0.009266059
1359 2016/1/16 15 9 20.294 -1.580465 0.007695003
1360 2016/1/16 15 9 20.332 -1.584301 0.011469206
1361 2016/1/16 15 9 20.361 -1.579615 0.009581986
1362 2016/1/16 15 9 20.398 -1.585754 0.017826116
1363 2016/1/16 15 9 20.43 -1.58411 -0.006415056
1364 2016/1/16 15 9 20.464 -1.584301 -0.006821809
1365 2016/1/16 15 9 20.499 -1.585522 0.004757149
1366 2016/1/16 15 9 20.528 -1.58943 -0.002634464
1367 2016/1/16 15 9 20.566 -1.584249 0.019396878
1368 2016/1/16 15 9 20.592 -1.59026 -0.017584072
1369 2016/1/16 15 9 20.629 -1.590559 -0.004251311
1370 2016/1/16 15 9 20.663 -1.588847 -0.00251369
1371 2016/1/16 15 9 20.696 -1.587899 -0.00106597
1372 2016/1/16 15 9 20.732 -1.586826 0.001351236
1373 2016/1/16 15 9 20.76 -1.577125 0.022192218
1374 2016/1/16 15 9 20.804 -1.582388 -0.032810236
1375 2016/1/16 15 9 20.833 -1.58845 0.015472666
1376 2016/1/16 15 9 20.86 -1.58911 -0.001776056
1377 2016/1/16 15 9 20.892 -1.591796 0.003767736
1378 2016/1/16 15 9 20.926 -1.583445 -0.006658343
1379 2016/1/16 15 9 20.965 -1.57781 -0.010432257
1380 2016/1/16 15 9 20.994 -1.579321 0.024165461
1381 2016/1/16 15 9 21.027 -1.592224 -0.015527917
1382 2016/1/16 15 9 21.06 -1.596941 -0.006006623
1383 2016/1/16 15 9 21.092 -1.58762 0.015462729
1384 2016/1/16 15 9 21.126 -1.599693 0.003354724
1385 2016/1/16 15 9 21.174 -1.584538 -0.018948128
1386 2016/1/16 15 9 21.195 -1.575027 0.000626328
1387 2016/1/16 15 9 21.232 -1.583955 0.013142392
1388 2016/1/16 15 9 21.26 -1.591662 -0.007961111
1389 2016/1/16 15 9 21.294 -1.600101 0.013496517
1390 2016/1/16 15 9 21.328 -1.596698 -0.016137596
1391 2016/1/16 15 9 21.36 -1.592234 0.012993334
1392 2016/1/16 15 9 21.393 -1.587981 0.010915772
1393 2016/1/16 15 9 21.425 -1.598533 0.010839405
1394 2016/1/16 15 9 21.458 -1.591935 -0.019524303
1395 2016/1/16 15 9 21.491 -1.593054 0.00091389
1396 2016/1/16 15 9 21.525 -1.598564 -0.004038227
1397 2016/1/16 15 9 21.558 -1.60191 0.003463743
1398 2016/1/16 15 9 21.591 -1.596446 -0.016355521
1399 2016/1/16 15 9 21.625 -1.596111 -0.017706413
1400 2016/1/16 15 9 21.658 -1.605328 -0.015734095
1401 2016/1/16 15 9 21.692 -1.602178 0.002078248
1402 2016/1/16 15 9 21.725 -1.59775 -0.004689544
1403 2016/1/16 15 9 21.758 -1.598477 -0.00648498
1404 2016/1/16 15 9 21.792 -1.590858 0.006802664
1405 2016/1/16 15 9 21.825 -1.597399 -0.000427331
1406 2016/1/16 15 9 21.858 -1.591749 0.012619805
1407 2016/1/16 15 9 21.892 -1.594136 0.013465033
1408 2016/1/16 15 9 21.925 -1.590786 0.004215429
1409 2016/1/16 15 9 21.988 -1.592548 -0.004527929
1410 2016/1/16 15 9 22.022 -1.598812 -0.014179234
1411 2016/1/16 15 9 22.054 -1.592956 -0.000354719
1412 2016/1/16 15 9 22.079 -1.593327 -0.006222544
1413 2016/1/16 15 9 22.097 -1.592719 -0.01339054
1414 2016/1/16 15 9 22.126 -1.593239 0.005100548
1415 2016/1/16 15 9 22.158 -1.593384 0.024713963
1416 2016/1/16 15 9 22.192 -1.593497 0.000123456
1417 2016/1/16 15 9 22.226 -1.596941 -0.006484082
1418 2016/1/16 15 9 22.258 -1.596755 -0.001094775
1419 2016/1/16 15 9 22.292 -1.601513 -0.002610643
1420 2016/1/16 15 9 22.325 -1.603271 0.015263004
1421 2016/1/16 15 9 22.358 -1.601214 -0.000126809
1422 2016/1/16 15 9 22.392 -1.60142 -0.000192474
1423 2016/1/16 15 9 22.426 -1.598265 -0.004850626
1424 2016/1/16 15 9 22.458 -1.590646 0.001068495
1425 2016/1/16 15 9 22.491 -1.58794 0.013104933
1426 2016/1/16 15 9 22.525 -1.593054 0.025004315
1427 2016/1/16 15 9 22.558 -1.59127 0.006016888
1428 2016/1/16 15 9 22.592 -1.587218 0.01205326
1429 2016/1/16 15 9 22.626 -1.581744 -0.001312793
1430 2016/1/16 15 9 22.687 -1.582073 -0.021174947
1431 2016/1/16 15 9 22.74 -1.588533 0.004992286
1432 2016/1/16 15 9 22.767 -1.591069 0.009697409
1433 2016/1/16 15 9 22.793 -1.595018 -0.002425669
1434 2016/1/16 15 9 22.824 -1.594971 -0.00250526
1435 2016/1/16 15 9 22.858 -1.589564 0.004376112
1436 2016/1/16 15 9 22.893 -1.588631 -0.012166665
1437 2016/1/16 15 9 22.926 -1.595384 -0.001398391
1438 2016/1/16 15 9 22.958 -1.584032 0.008238669
1439 2016/1/16 15 9 22.991 -1.587795 -0.010452065
1440 2016/1/16 15 9 23.024 -1.584244 -0.008607607
1441 2016/1/16 15 9 23.064 -1.586713 0.01509627
1442 2016/1/16 15 9 23.091 -1.586316 0.003749239
1443 2016/1/16 15 9 23.124 -1.593404 -0.026678675
1444 2016/1/16 15 9 23.157 -1.594296 0.004652248
1445 2016/1/16 15 9 23.189 -1.589749 0.012669851
1446 2016/1/16 15 9 23.224 -1.584069 0.020667751
1447 2016/1/16 15 9 23.256 -1.58396 -0.001782248
1448 2016/1/16 15 9 23.29 -1.590574 0.010340522
1449 2016/1/16 15 9 23.323 -1.590146 0.000102479
1450 2016/1/16 15 9 23.355 -1.586089 0.004053625
1451 2016/1/16 15 9 23.388 -1.592719 -0.001902434
1452 2016/1/16 15 9 23.423 -1.584728 0.008728203
1453 2016/1/16 15 9 23.456 -1.589579 0.002177528
1454 2016/1/16 15 9 23.488 -1.589213 0.018511862
1455 2016/1/16 15 9 23.522 -1.583909 0.003967525
1456 2016/1/16 15 9 23.554 -1.588517 0.002576087
1457 2016/1/16 15 9 23.588 -1.589553 -0.002526387
1458 2016/1/16 15 9 23.622 -1.597837 0.004343747
1459 2016/1/16 15 9 23.654 -1.605405 0.008164146
1460 2016/1/16 15 9 23.688 -1.600863 0.002177228
1461 2016/1/16 15 9 23.722 -1.594105 -0.000361025
1462 2016/1/16 15 9 23.79 -1.592054 -0.005751901
1463 2016/1/16 15 9 23.819 -1.593982 -0.002121369
1464 2016/1/16 15 9 23.841 -1.597059 -0.004307352
1465 2016/1/16 15 9 23.86 -1.586481 -0.001207199
1466 2016/1/16 15 9 23.888 -1.595951 0.011180514
1467 2016/1/16 15 9 23.925 -1.59327 -0.001229073
1468 2016/1/16 15 9 23.954 -1.591383 -0.008120803
1469 2016/1/16 15 9 23.987 -1.599049 0.000427523
1470 2016/1/16 15 9 24.019 -1.599075 0.003885772
1471 2016/1/16 15 9 24.064 -1.599647 -0.00619484
1472 2016/1/16 15 9 24.086 -1.595157 0.017282969
1473 2016/1/16 15 9 24.119 -1.591914 0.003917493
1474 2016/1/16 15 9 24.152 -1.58527 -0.003271393
1475 2016/1/16 15 9 24.186 -1.59692 -0.016315412
1476 2016/1/16 15 9 24.219 -1.596786 0.001746196
1477 2016/1/16 15 9 24.253 -1.596487 -0.012665046
1478 2016/1/16 15 9 24.286 -1.596801 0.014918571
1479 2016/1/16 15 9 24.319 -1.59426 0.002296183
1480 2016/1/16 15 9 24.353 -1.590502 -0.001582792
1481 2016/1/16 15 9 24.386 -1.596848 -0.011136805
1482 2016/1/16 15 9 24.419 -1.594461 0.004197138
1483 2016/1/16 15 9 24.452 -1.590151 -0.000389239
1484 2016/1/16 15 9 24.486 -1.593394 -0.012529724
1485 2016/1/16 15 9 24.522 -1.59509 0.003247378
1486 2016/1/16 15 9 24.553 -1.594966 -0.005003789
1487 2016/1/16 15 9 24.585 -1.594038 0.000484421
1488 2016/1/16 15 9 24.619 -1.592945 -0.017670095
1489 2016/1/16 15 9 24.652 -1.595605 -0.003124133
1490 2016/1/16 15 9 24.685 -1.590858 0.000181868
1491 2016/1/16 15 9 24.719 -1.596379 -0.004617531
1492 2016/1/16 15 9 24.752 -1.584172 0.013180964
1493 2016/1/16 15 9 24.786 -1.575563 -0.001620953
1494 2016/1/16 15 9 24.819 -1.580048 0.009649706
1495 2016/1/16 15 9 24.852 -1.580042 -0.014634757
1496 2016/1/16 15 9 24.911 -1.58145 0.010825886
1497 2016/1/16 15 9 24.941 -1.57795 0.01000467
1498 2016/1/16 15 9 24.959 -1.579166 0.011102406
1499 2016/1/16 15 9 24.987 -1.578017 0.02820704
1500 2016/1/16 15 9 25.02 -1.575857 0.003675122
1501 2016/1/16 15 9 25.071 -1.576563 -0.001694172
1502 2016/1/16 15 9 25.091 -1.569305 0.006156468
1503 2016/1/16 15 9 25.124 -1.573563 -0.013653492
1504 2016/1/16 15 9 25.154 -1.572145 -0.002458281
1505 2016/1/16 15 9 25.186 -1.568588 -0.007793074
1506 2016/1/16 15 9 25.218 -1.571485 0.002993469
1507 2016/1/16 15 9 25.252 -1.56999 -0.003512116
1508 2016/1/16 15 9 25.286 -1.570207 -0.001687169
1509 2016/1/16 15 9 25.319 -1.566887 0.002970373
1510 2016/1/16 15 9 25.352 -1.566866 -0.00852814
1511 2016/1/16 15 9 25.385 -1.560196 0.004370277
1512 2016/1/16 15 9 25.419 -1.559108 -0.002824104
1513 2016/1/16 15 9 25.452 -1.561783 0.014350165
1514 2016/1/16 15 9 25.485 -1.560191 -0.007564917
1515 2016/1/16 15 9 25.52 -1.559747 0.009146018
1516 2016/1/16 15 9 25.552 -1.55952 0.005638113
1517 2016/1/16 15 9 25.585 -1.562407 0.004470995
1518 2016/1/16 15 9 25.619 -1.55137 -0.008348546
1519 2016/1/16 15 9 25.652 -1.551422 -0.009756164
1520 2016/1/16 15 9 25.686 -1.552164 0.00403746
1521 2016/1/16 15 9 25.719 -1.564 -0.006105965
1522 2016/1/16 15 9 25.752 -1.557216 -0.005651577
1523 2016/1/16 15 9 25.792 -1.55386 -0.006836884
1524 2016/1/16 15 9 25.823 -1.551252 -0.004689379
1525 2016/1/16 15 9 25.853 -1.558304 0.004835892
1526 2016/1/16 15 9 25.886 -1.561031 -0.000920822
1527 2016/1/16 15 9 25.92 -1.567335 -0.003475247
1528 2016/1/16 15 9 25.952 -1.561629 -0.009669947
1529 2016/1/16 15 9 25.989 -1.572836 -0.001826963
1530 2016/1/16 15 9 26.077 -1.584089 0.006697064
1531 2016/1/16 15 9 26.101 -1.574032 0.008639952
1532 2016/1/16 15 9 26.125 -1.575985 0.014275026
1533 2016/1/16 15 9 26.153 -1.569707 0.01657709
1534 2016/1/16 15 9 26.185 -1.563227 -0.003623618
1535 2016/1/16 15 9 26.22 -1.564794 0.008578949
1536 2016/1/16 15 9 26.252 -1.559727 0.019574744
1537 2016/1/16 15 9 26.285 -1.559804 0.009930245
1538 2016/1/16 15 9 26.318 -1.565377 -0.00234246
1539 2016/1/16 15 9 26.352 -1.561783 -0.002392664
1540 2016/1/16 15 9 26.385 -1.555634 -0.004026511
1541 2016/1/16 15 9 26.419 -1.561954 0.006468999
1542 2016/1/16 15 9 26.452 -1.556154 -0.023437742
1543 2016/1/16 15 9 26.485 -1.561624 -0.003540465
1544 2016/1/16 15 9 26.519 -1.560567 -0.009205777
1545 2016/1/16 15 9 26.552 -1.562222 0.001376028
1546 2016/1/16 15 9 26.585 -1.559495 0.001461011
1547 2016/1/16 15 9 26.619 -1.556371 0.005425165
1548 2016/1/16 15 9 26.652 -1.561273 -0.016837362
1549 2016/1/16 15 9 26.685 -1.566696 -0.009924316
1550 2016/1/16 15 9 26.719 -1.571614 -0.014261703
1551 2016/1/16 15 9 26.752 -1.56617 0.010209537
1552 2016/1/16 15 9 26.785 -1.563423 -0.010757986
1553 2016/1/16 15 9 26.818 -1.571604 -0.003512069
1554 2016/1/16 15 9 26.851 -1.571753 -0.006906266
1555 2016/1/16 15 9 26.885 -1.568449 0.020068652
1556 2016/1/16 15 9 26.919 -1.568433 0.014200939
1557 2016/1/16 15 9 26.952 -1.574692 -0.005351256
1558 2016/1/16 15 9 26.985 -1.573743 0.006726808
1559 2016/1/16 15 9 27.018 -1.570774 2.38E-06
1560 2016/1/16 15 9 27.071 -1.568346 -0.008482259
1561 2016/1/16 15 9 27.117 -1.56949 0.00494542
1562 2016/1/16 15 9 27.157 -1.575506 0.00401338
1563 2016/1/16 15 9 27.185 -1.575176 -0.006832015
1564 2016/1/16 15 9 27.218 -1.568717 -0.001193347
1565 2016/1/16 15 9 27.252 -1.571227 0.003888722
1566 2016/1/16 15 9 27.285 -1.570186 0.010049835
1567 2016/1/16 15 9 27.318 -1.567871 0.006086756
1568 2016/1/16 15 9 27.352 -1.56731 0.005227062
1569 2016/1/16 15 9 27.385 -1.577723 0.004523857
1570 2016/1/16 15 9 27.419 -1.576506 0.005393046
1571 2016/1/16 15 9 27.451 -1.576382 -0.001486418
1572 2016/1/16 15 9 27.485 -1.577109 -0.003566998
1573 2016/1/16 15 9 27.518 -1.574578 -0.011396621
1574 2016/1/16 15 9 27.551 -1.576063 -0.005972967
1575 2016/1/16 15 9 27.586 -1.559567 0.0037463
1576 2016/1/16 15 9 27.618 -1.549778 0.030716215
1577 2016/1/16 15 9 27.651 -1.565974 -0.004350322
1578 2016/1/16 15 9 27.685 -1.564201 0.011879756
1579 2016/1/16 15 9 27.718 -1.557412 0.015773859
1580 2016/1/16 15 9 27.752 -1.557031 0.000873661
1581 2016/1/16 15 9 27.785 -1.555561 -0.010208377
1582 2016/1/16 15 9 27.819 -1.560742 0.008376856
1583 2016/1/16 15 9 27.852 -1.568052 0.003869279
1584 2016/1/16 15 9 27.885 -1.558778 0.006195382
1585 2016/1/16 15 9 27.918 -1.556737 -0.00786025
1586 2016/1/16 15 9 27.952 -1.563284 -0.003227456
1587 2016/1/16 15 9 27.985 -1.569145 -0.005819179
1588 2016/1/16 15 9 28.019 -1.562381 0.007319843
1589 2016/1/16 15 9 28.052 -1.557799 -0.007570238
1590 2016/1/16 15 9 28.085 -1.559381 0.021211005
1591 2016/1/16 15 9 28.118 -1.562974 0.001360649
1592 2016/1/16 15 9 28.151 -1.558484 -0.005474094
1593 2016/1/16 15 9 28.184 -1.560335 0.007568569
1594 2016/1/16 15 9 28.219 -1.562175 -0.007172629
1595 2016/1/16 15 9 28.251 -1.560541 -0.004154421
1596 2016/1/16 15 9 28.285 -1.562062 -0.007978235
1597 2016/1/16 15 9 28.319 -1.561887 -0.011279916
1598 2016/1/16 15 9 28.352 -1.56616 -0.019129971
1599 2016/1/16 15 9 28.385 -1.564876 -0.007540472
1600 2016/1/16 15 9 28.419 -1.572779 -0.002970052
1601 2016/1/16 15 9 28.45 -1.572934 -0.022291031
1602 2016/1/16 15 9 28.485 -1.567134 0.002601839
1603 2016/1/16 15 9 28.519 -1.564464 0.009978172
1604 2016/1/16 15 9 28.552 -1.559861 0.006044937
1605 2016/1/16 15 9 28.585 -1.564681 -0.017830391
1606 2016/1/16 15 9 28.62 -1.564644 0.003911628
1607 2016/1/16 15 9 28.652 -1.565289 -0.003688768
1608 2016/1/16 15 9 28.685 -1.56517 -0.001005266
1609 2016/1/16 15 9 28.718 -1.568598 -0.014208841
1610 2016/1/16 15 9 28.75 -1.567464 -0.002577258
1611 2016/1/16 15 9 28.785 -1.565222 0.000652101
1612 2016/1/16 15 9 28.817 -1.566753 -0.005796522
1613 2016/1/16 15 9 28.85 -1.563969 -0.011027438
1614 2016/1/16 15 9 28.883 -1.559134 -0.003048838
1615 2016/1/16 15 9 28.918 -1.559453 0.013245135
1616 2016/1/16 15 9 28.95 -1.561283 -0.009442684
1617 2016/1/16 15 9 28.984 -1.555711 -0.007874165
1618 2016/1/16 15 9 29.018 -1.55685 -0.002061298
1619 2016/1/16 15 9 29.05 -1.556216 -0.003468855
1620 2016/1/16 15 9 29.084 -1.560763 -0.011801878
1621 2016/1/16 15 9 29.117 -1.556329 0.016878861
1622 2016/1/16 15 9 29.15 -1.555128 -0.020233423
1623 2016/1/16 15 9 29.185 -1.553133 0.004418738
1624 2016/1/16 15 9 29.217 -1.559288 -0.001309937
1625 2016/1/16 15 9 29.253 -1.559639 -0.00365603
1626 2016/1/16 15 9 29.284 -1.55553 0.002608831
1627 2016/1/16 15 9 29.318 -1.558489 0.007714037
1628 2016/1/16 15 9 29.351 -1.557464 -0.004234111
1629 2016/1/16 15 9 29.383 -1.553535 -0.019246203
1630 2016/1/16 15 9 29.417 -1.551025 0.009353541
1631 2016/1/16 15 9 29.45 -1.553932 -0.005419733
1632 2016/1/16 15 9 29.484 -1.560407 0.004555673
1633 2016/1/16 15 9 29.517 -1.558031 -0.006968024
1634 2016/1/16 15 9 29.55 -1.553417 0.001304302
1635 2016/1/16 15 9 29.583 -1.554273 0.008335013
1636 2016/1/16 15 9 29.617 -1.556092 -0.020267788
1637 2016/1/16 15 9 29.649 -1.562397 -0.000319553
1638 2016/1/16 15 9 29.683 -1.565397 0.016073535
1639 2016/1/16 15 9 29.716 -1.566232 -0.012815078
1640 2016/1/16 15 9 29.75 -1.562423 -0.00112274
1641 2016/1/16 15 9 29.783 -1.559814 0.009921574
1642 2016/1/16 15 9 29.817 -1.563619 0.00137896
1643 2016/1/16 15 9 29.85 -1.562186 -0.000185872
1644 2016/1/16 15 9 29.883 -1.56266 0.01211061
1645 2016/1/16 15 9 29.916 -1.564959 -0.008392851
1646 2016/1/16 15 9 29.95 -1.561005 0.001658046
1647 2016/1/16 15 9 29.984 -1.561289 0.010217492
1648 2016/1/16 15 9 30.018 -1.564088 -0.028974636
1649 2016/1/16 15 9 30.051 -1.563691 -0.010493037
1650 2016/1/16 15 9 30.084 -1.568784 -0.01605846
1651 2016/1/16 15 9 30.117 -1.565959 -0.007363299
1652 2016/1/16 15 9 30.149 -1.561685 0.002389936
1653 2016/1/16 15 9 30.183 -1.562247 -0.011316671
1654 2016/1/16 15 9 30.217 -1.572697 -0.00339912
1655 2016/1/16 15 9 30.25 -1.569119 -0.003088166
1656 2016/1/16 15 9 30.282 -1.567588 -0.005802363
1657 2016/1/16 15 9 30.316 -1.568119 -0.008481463
1658 2016/1/16 15 9 30.349 -1.564918 -1.96E-05
1659 2016/1/16 15 9 30.382 -1.564536 0.003566488
1660 2016/1/16 15 9 30.416 -1.562021 0.003143861
1661 2016/1/16 15 9 30.449 -1.561675 -0.002686693
1662 2016/1/16 15 9 30.482 -1.558696 -0.005566478
1663 2016/1/16 15 9 30.517 -1.562567 -0.010298711
1664 2016/1/16 15 9 30.549 -1.557737 0.0192198
1665 2016/1/16 15 9 30.582 -1.562289 -0.00560616
1666 2016/1/16 15 9 30.616 -1.561082 -0.01179328
1667 2016/1/16 15 9 30.65 -1.555855 0.001544749
1668 2016/1/16 15 9 30.682 -1.55835 -0.013478526
1669 2016/1/16 15 9 30.717 -1.556438 0.008729678
1670 2016/1/16 15 9 30.75 -1.562618 -0.00727525
1671 2016/1/16 15 9 30.788 -1.559211 0.005433889
1672 2016/1/16 15 9 30.817 -1.557788 -0.007396774
1673 2016/1/16 15 9 30.85 -1.5655 -0.003071641
1674 2016/1/16 15 9 30.883 -1.562613 -0.008033442
1675 2016/1/16 15 9 30.916 -1.557562 0.00539419
1676 2016/1/16 15 9 30.949 -1.559855 0.003563631
1677 2016/1/16 15 9 30.983 -1.552046 0.019678589
1678 2016/1/16 15 9 31.017 -1.558082 -0.008245831
1679 2016/1/16 15 9 31.049 -1.555237 -0.0098135
1680 2016/1/16 15 9 31.082 -1.561639 0.004719832
1681 2016/1/16 15 9 31.116 -1.565279 -0.015818699
1682 2016/1/16 15 9 31.149 -1.564237 0.005693129
1683 2016/1/16 15 9 31.182 -1.570413 0.010931347
1684 2016/1/16 15 9 31.216 -1.566856 0.003454263
1685 2016/1/16 15 9 31.249 -1.570959 -0.007730159
1686 2016/1/16 15 9 31.283 -1.569253 -0.002348581
1687 2016/1/16 15 9 31.316 -1.568387 -0.001549569
1688 2016/1/16 15 9 31.349 -1.560789 -0.008212576
1689 2016/1/16 15 9 31.383 -1.557469 0.006499176
1690 2016/1/16 15 9 31.416 -1.559855 -0.004951453
1691 2016/1/16 15 9 31.449 -1.563201 -0.012092441
1692 2016/1/16 15 9 31.483 -1.55584 0.001393087
1693 2016/1/16 15 9 31.517 -1.556098 -0.001890096
1694 2016/1/16 15 9 31.55 -1.559866 0.001356075
1695 2016/1/16 15 9 31.583 -1.556866 0.014378531
1696 2016/1/16 15 9 31.615 -1.555762 -0.007683277
1697 2016/1/16 15 9 31.65 -1.54869 -0.001810075
1698 2016/1/16 15 9 31.682 -1.560376 0.013217674
1699 2016/1/16 15 9 31.716 -1.561113 0.001632373
1700 2016/1/16 15 9 31.749 -1.561026 0.008310918
1701 2016/1/16 15 9 31.782 -1.566444 0.007470118
1702 2016/1/16 15 9 31.815 -1.56133 -0.006117833
1703 2016/1/16 15 9 31.849 -1.559623 -0.001494412
1704 2016/1/16 15 9 31.882 -1.563773 0.004218064
1705 2016/1/16 15 9 31.916 -1.56002 0.001084079
1706 2016/1/16 15 9 31.949 -1.561562 0.00465194
1707 2016/1/16 15 9 31.982 -1.562247 0.00198456
1708 2016/1/16 15 9 32.016 -1.560031 -0.006327777
1709 2016/1/16 15 9 32.05 -1.556041 -0.008686347
1710 2016/1/16 15 9 32.083 -1.562665 0.001225194
1711 2016/1/16 15 9 32.117 -1.564129 0.010016863
1712 2016/1/16 15 9 32.149 -1.560196 -0.007308998
1713 2016/1/16 15 9 32.183 -1.568655 0.017700195
1714 2016/1/16 15 9 32.215 -1.564954 0.000990982
1715 2016/1/16 15 9 32.249 -1.560768 -0.007152477
1716 2016/1/16 15 9 32.283 -1.562371 -0.00513236
1717 2016/1/16 15 9 32.316 -1.568902 -0.01018286
1718 2016/1/16 15 9 32.349 -1.557706 -0.007324384
1719 2016/1/16 15 9 32.382 -1.56067 0.00670102
1720 2016/1/16 15 9 32.415 -1.560783 -0.012503442
1721 2016/1/16 15 9 32.449 -1.560402 -0.013365356
1722 2016/1/16 15 9 32.482 -1.552288 -0.002474886
1723 2016/1/16 15 9 32.515 -1.553365 -0.008439958
1724 2016/1/16 15 9 32.549 -1.553427 0.022701672
1725 2016/1/16 15 9 32.584 -1.556799 0.003284662
1726 2016/1/16 15 9 32.615 -1.561536 -0.009306518
1727 2016/1/16 15 9 32.649 -1.55835 -0.020275514
1728 2016/1/16 15 9 32.683 -1.558165 0.002243707
1729 2016/1/16 15 9 32.717 -1.552525 -0.016335139
1730 2016/1/16 15 9 32.749 -1.558505 0.002170149
1731 2016/1/16 15 9 32.783 -1.550917 0.01183967
1732 2016/1/16 15 9 32.817 -1.556005 -0.004291508
1733 2016/1/16 15 9 32.85 -1.556577 -0.004967335
1734 2016/1/16 15 9 32.882 -1.561588 -0.002518549
1735 2016/1/16 15 9 32.916 -1.557128 0.002047134
1736 2016/1/16 15 9 32.949 -1.557824 0.012328709
1737 2016/1/16 15 9 32.984 -1.561077 -0.003911813
1738 2016/1/16 15 9 33.015 -1.553757 -0.007672202
1739 2016/1/16 15 9 33.049 -1.558948 0.005164113
1740 2016/1/16 15 9 33.083 -1.560154 0.004675924
1741 2016/1/16 15 9 33.116 -1.56033 -0.004360631
1742 2016/1/16 15 9 33.149 -1.567361 0.011017481
1743 2016/1/16 15 9 33.182 -1.562933 3.26E-05
1744 2016/1/16 15 9 33.215 -1.57299 0.013384107
1745 2016/1/16 15 9 33.249 -1.565387 -0.013579988
1746 2016/1/16 15 9 33.282 -1.566815 -0.009778556
1747 2016/1/16 15 9 33.316 -1.577805 -0.001752955
1748 2016/1/16 15 9 33.349 -1.558742 -0.005927427
1749 2016/1/16 15 9 33.384 -1.558938 -0.002480372
1750 2016/1/16 15 9 33.415 -1.56066 0.013310374
1751 2016/1/16 15 9 33.449 -1.54852 0.001615726
1752 2016/1/16 15 9 33.483 -1.562448 -0.004729816
1753 2016/1/16 15 9 33.516 -1.568454 0.015069666
1754 2016/1/16 15 9 33.549 -1.557871 0.017095785
1755 2016/1/16 15 9 33.583 -1.559572 -0.004739804
1756 2016/1/16 15 9 33.616 -1.555953 0.020446187
1757 2016/1/16 15 9 33.649 -1.564139 -0.003635493
1758 2016/1/16 15 9 33.682 -1.558984 -0.000312047
1759 2016/1/16 15 9 33.716 -1.552644 -0.004288597
1760 2016/1/16 15 9 33.749 -1.551154 0.003568676
1761 2016/1/16 15 9 33.783 -1.551427 -0.007891498
1762 2016/1/16 15 9 33.816 -1.540045 -0.00350432
1763 2016/1/16 15 9 33.849 -1.544112 0.005514278
1764 2016/1/16 15 9 33.882 -1.543019 0.003183729
1765 2016/1/16 15 9 33.916 -1.546112 0.005897912
1766 2016/1/16 15 9 33.949 -1.549716 0.003228081
1767 2016/1/16 15 9 33.982 -1.545947 0.003260724
1768 2016/1/16 15 9 34.016 -1.564608 -0.010756149
1769 2016/1/16 15 9 34.049 -1.557866 0.008455167
1770 2016/1/16 15 9 34.082 -1.562485 -0.00285603
1771 2016/1/16 15 9 34.116 -1.561892 -0.002689586
1772 2016/1/16 15 9 34.15 -1.559773 0.010048899
1773 2016/1/16 15 9 34.184 -1.554577 -0.014617709
1774 2016/1/16 15 9 34.216 -1.552685 -0.004399818
1775 2016/1/16 15 9 34.25 -1.546803 0.021562492
1776 2016/1/16 15 9 34.283 -1.546463 0.012182918
1777 2016/1/16 15 9 34.316 -1.542354 0.001286066
1778 2016/1/16 15 9 34.35 -1.537251 -0.003366903
1779 2016/1/16 15 9 34.383 -1.537875 0.012353443
1780 2016/1/16 15 9 34.416 -1.547432 0.00095921
1781 2016/1/16 15 9 34.449 -1.553211 -0.005401531
1782 2016/1/16 15 9 34.482 -1.556634 -0.012504445
1783 2016/1/16 15 9 34.516 -1.558531 -0.006317301
1784 2016/1/16 15 9 34.549 -1.54903 -0.00332907
1785 2016/1/16 15 9 34.583 -1.555082 -0.009473219
1786 2016/1/16 15 9 34.616 -1.554056 0.005184166
1787 2016/1/16 15 9 34.649 -1.542447 0.004540561
1788 2016/1/16 15 9 34.683 -1.549035 0.004313747
1789 2016/1/16 15 9 34.716 -1.549721 -0.011470573
1790 2016/1/16 15 9 34.751 -1.557082 0.014459948
1791 2016/1/16 15 9 34.783 -1.561789 -0.016644784
1792 2016/1/16 15 9 34.816 -1.559907 -0.007555809
1793 2016/1/16 15 9 34.85 -1.557907 -0.002552883
1794 2016/1/16 15 9 34.883 -1.554582 -0.006120789
1795 2016/1/16 15 9 34.916 -1.556015 0.004486956
1796 2016/1/16 15 9 34.949 -1.55784 -0.004055249
1797 2016/1/16 15 9 34.983 -1.555515 -0.016936075
1798 2016/1/16 15 9 35.016 -1.549205 -0.002700325
1799 2016/1/16 15 9 35.049 -1.55419 0.0131893
1800 2016/1/16 15 9 35.083 -1.552128 0.000181374
1801 2016/1/16 15 9 35.116 -1.5507 -0.014524634
1802 2016/1/16 15 9 35.149 -1.557752 0.025094256
1803 2016/1/16 15 9 35.183 -1.555159 0.003486161
1804 2016/1/16 15 9 35.216 -1.560649 -0.011336091
1805 2016/1/16 15 9 35.249 -1.55851 -0.000655755
1806 2016/1/16 15 9 35.282 -1.555097 -0.004430191
1807 2016/1/16 15 9 35.316 -1.561974 -0.000788021
1808 2016/1/16 15 9 35.349 -1.556268 0.001459869
1809 2016/1/16 15 9 35.383 -1.553623 -0.000980475
1810 2016/1/16 15 9 35.416 -1.547715 0.0019024
1811 2016/1/16 15 9 35.449 -1.556092 0.002791169
1812 2016/1/16 15 9 35.482 -1.552994 0.005333321
1813 2016/1/16 15 9 35.517 -1.552077 0.006464991
1814 2016/1/16 15 9 35.55 -1.550241 9.92E-05
1815 2016/1/16 15 9 35.583 -1.549149 -0.003317398
1816 2016/1/16 15 9 35.617 -1.54439 0.01476263
1817 2016/1/16 15 9 35.649 -1.540194 -0.002928687
1818 2016/1/16 15 9 35.683 -1.53823 -0.002226328
1819 2016/1/16 15 9 35.716 -1.544731 0.008263261
1820 2016/1/16 15 9 35.749 -1.545365 -0.019664548
1821 2016/1/16 15 9 35.787 -1.544617 -0.002807259
1822 2016/1/16 15 9 35.819 -1.544674 0.011171351
1823 2016/1/16 15 9 35.849 -1.549556 -0.009389574
1824 2016/1/16 15 9 35.882 -1.550767 0.00381263
1825 2016/1/16 15 9 35.916 -1.547772 0.012954401
1826 2016/1/16 15 9 35.949 -1.553639 0.006768728
1827 2016/1/16 15 9 35.982 -1.544664 0.014093278
      
      
      
      
      
      
      
      
      
      
      
      
      
      
      
      
      
      
      
      
      
      
      
      
      
      
      
      
      
      
      
      
      
      
      
      
      
      
      
      
      
      
      
      
      
      
      
      
      
      
      
      
      
      
      
      
      
      
      
      
      
      
      
      
      
      
      
      
      
      
      
      
      
      
      
      
      
      
      
      
      
      
