1	15	8	40	0.001307337	
2	15	8	40.03333333	-0.002325345	
3	15	8	40.06666667	-0.004070883	
4	15	8	40.1	0.002402086	
5	15	8	40.13333333	0.009151474	
6	15	8	40.16666667	0.006846866	
7	15	8	40.2	0.012763628	
8	15	8	40.23333333	0.006447479	
9	15	8	40.26666667	0.017303851	
10	15	8	40.3	0.013935649	
11	15	8	40.33333333	0.005789888	
12	15	8	40.36666667	-0.009174272	
13	15	8	40.4	-0.001697686	
14	15	8	40.43333333	0.000394318	
15	15	8	40.46666667	-0.014702641	
16	15	8	40.5	-0.011035103	
17	15	8	40.53333333	0.00484399	
18	15	8	40.56666667	-0.004059921	
19	15	8	40.6	0.010607513	
20	15	8	40.63333333	-0.000321709	
21	15	8	40.66666667	0.005654972	
22	15	8	40.7	0.00638635	
23	15	8	40.73333333	-0.003746063	
24	15	8	40.76666667	-0.003274817	
25	15	8	40.8	0.01890774	
26	15	8	40.83333333	0.003149274	
27	15	8	40.86666667	0.01570458	
28	15	8	40.9	-0.006312831	
29	15	8	40.93333333	-0.001774277	
30	15	8	40.96666667	-0.002592761	
31	15	8	41	-0.012427002	
32	15	8	41.03333333	-0.001786243	
33	15	8	41.06666667	0.010821106	
34	15	8	41.1	0.013864798	
35	15	8	41.13333333	0.016616227	
36	15	8	41.16666667	0.00069448	
37	15	8	41.2	0.003831371	
38	15	8	41.23333333	0.007248918	
39	15	8	41.26666667	-0.017052495	
40	15	8	41.3	0.008906136	
41	15	8	41.33333333	4.83E-05	
42	15	8	41.36666667	0.012250403	
43	15	8	41.4	-0.00438611	
44	15	8	41.43333333	-0.002241586	
45	15	8	41.46666667	-0.005551593	
46	15	8	41.5	-0.010502781	
47	15	8	41.53333333	-0.024439067	
48	15	8	41.56666667	-0.006799998	
49	15	8	41.6	0.010698409	
50	15	8	41.63333333	0.027052921	
51	15	8	41.66666667	-0.005216604	
52	15	8	41.7	0.022127854	
53	15	8	41.73333333	0.001932344	
54	15	8	41.76666667	0.014875549	
55	15	8	41.8	-0.009897589	
56	15	8	41.83333333	-0.008116404	
57	15	8	41.86666667	0.015732452	
58	15	8	41.9	0.008243424	
59	15	8	41.93333333	0.005540705	
60	15	8	41.96666667	-0.003904155	
61	15	8	42	-0.012159329	
62	15	8	42.03333333	-0.010119427	
63	15	8	42.06666667	0.008798006	
64	15	8	42.1	0.013441228	
65	15	8	42.13333333	0.001369299	
66	15	8	42.16666667	0.005540298	
67	15	8	42.2	-0.006420738	
68	15	8	42.23333333	-0.000782621	
69	15	8	42.26666667	0.007357937	
70	15	8	42.3	-0.001100288	
71	15	8	42.33333333	-0.010045137	
72	15	8	42.36666667	-0.001012165	
73	15	8	42.4	0.012461859	
74	15	8	42.43333333	-0.002494066	
75	15	8	42.46666667	0.004063267	
76	15	8	42.5	-0.012300744	
77	15	8	42.53333333	0.00956364	
78	15	8	42.56666667	0.002892797	
79	15	8	42.6	0.008552852	
80	15	8	42.63333333	0.011993818	
81	15	8	42.66666667	-0.011002044	
82	15	8	42.7	0.008416734	
83	15	8	42.73333333	0.00085111	
84	15	8	42.76666667	-0.005823611	
85	15	8	42.8	0.002151499	
86	15	8	42.83333333	-0.006123584	
87	15	8	42.86666667	-0.000665718	
88	15	8	42.9	0.001347056	
89	15	8	42.93333333	-0.002186193	
90	15	8	42.96666667	0.008190258	
91	15	8	43	-0.020714729	
92	15	8	43.03333333	-0.00029961	
93	15	8	43.06666667	0.009200082	
94	15	8	43.1	-0.01219711	
95	15	8	43.13333333	0.012102911	
96	15	8	43.16666667	-0.004546365	
97	15	8	43.2	-0.008824221	
98	15	8	43.23333333	0.004355547	
99	15	8	43.26666667	-0.006081212	
100	15	8	43.3	0.005645653	
101	15	8	43.33333333	-0.014552366	
102	15	8	43.36666667	0.009798935	
103	15	8	43.4	0.01238823	
104	15	8	43.43333333	0.000552673	
105	15	8	43.46666667	-0.006972985	
106	15	8	43.5	-0.013991167	
107	15	8	43.53333333	-0.001495488	
108	15	8	43.56666667	-0.00052599	
109	15	8	43.6	-0.000768742	
110	15	8	43.63333333	0.002483294	
111	15	8	43.66666667	0.012370582	
112	15	8	43.7	0.004692848	
113	15	8	43.73333333	0.008618677	
114	15	8	43.76666667	0.00493116	
115	15	8	43.8	-0.006378402	
116	15	8	43.83333333	-0.014067763	
117	15	8	43.86666667	0.002705093	
118	15	8	43.9	0.016093904	
119	15	8	43.93333333	-0.010991744	
120	15	8	43.96666667	-0.002329862	
121	15	8	44	0.000769776	
122	15	8	44.03333333	0.000578718	
123	15	8	44.06666667	0.013850917	
124	15	8	44.1	-0.001328956	
125	15	8	44.13333333	-0.006091042	
126	15	8	44.16666667	-0.0017933	
127	15	8	44.2	-0.003565438	
128	15	8	44.23333333	-0.018878776	
129	15	8	44.26666667	-0.004663477	
130	15	8	44.3	-0.00864297	
131	15	8	44.33333333	-0.014234535	
132	15	8	44.36666667	0.01265488	
133	15	8	44.4	0.00278219	
134	15	8	44.43333333	0.005408768	
135	15	8	44.46666667	-0.011172	
136	15	8	44.5	0.003015652	
137	15	8	44.53333333	0.005235572	
138	15	8	44.56666667	-0.019536157	
139	15	8	44.6	-0.000718602	
140	15	8	44.63333333	0.003937214	
141	15	8	44.66666667	0.006801416	
142	15	8	44.7	0.007031187	
143	15	8	44.73333333	0.00332088	
144	15	8	44.76666667	-0.013581362	
145	15	8	44.8	0.009259381	
146	15	8	44.83333333	-0.01025586	
147	15	8	44.86666667	0.085047	
148	15	8	44.9	0.090609	
149	15	8	44.93333333	0.084702	
150	15	8	44.96666667	0.086076	
151	15	8	45	0.092816	
152	15	8	45.03333333	0.130537	
153	15	8	45.06666667	-0.689182	
154	15	8	45.1	-0.227513	
155	15	8	45.13333333	0.365376	
156	15	8	45.16666667	-0.061004	
157	15	8	45.2	1.925123	
158	15	8	45.23333333	-0.921059	
159	15	8	45.26666667	1.375835	
160	15	8	45.3	-0.443724	
161	15	8	45.33333333	0.784632	
162	15	8	45.36666667	0.171543	
163	15	8	45.4	0.169813	
164	15	8	45.43333333	0.306498	
165	15	8	45.46666667	0.216822	
166	15	8	45.5	-0.296608	
167	15	8	45.53333333	0.62916	
168	15	8	45.56666667	-0.049931	
169	15	8	45.6	0.407745	
170	15	8	45.63333333	0.215858	
171	15	8	45.66666667	-0.050073	
172	15	8	45.7	0.135845	
173	15	8	45.73333333	-0.011338	
174	15	8	45.76666667	0.144095	
175	15	8	45.8	0.369673	
176	15	8	45.83333333	0.096932	
177	15	8	45.86666667	0.087599	
178	15	8	45.9	0.065752	
179	15	8	45.93333333	-0.036804	
180	15	8	45.96666667	0.193349	
181	15	8	46	0.174154	
182	15	8	46.03333333	0.145876	
183	15	8	46.06666667	0.045158	
184	15	8	46.1	-0.033147	
185	15	8	46.13333333	-0.025953	
186	15	8	46.16666667	0.10708	
187	15	8	46.2	0.198101	
188	15	8	46.23333333	0.138932	
189	15	8	46.26666667	0.096331	
190	15	8	46.3	-0.043928	
191	15	8	46.33333333	-0.029438	
192	15	8	46.36666667	0.121658	
193	15	8	46.4	0.100827	
194	15	8	46.43333333	0.136138	
195	15	8	46.46666667	0.114369	
196	15	8	46.5	-0.014779	
197	15	8	46.53333333	-0.031497	
198	15	8	46.56666667	0.043704	
199	15	8	46.6	0.121524	
200	15	8	46.63333333	0.143683	
201	15	8	46.66666667	0.061089	
202	15	8	46.7	0.00749	
203	15	8	46.73333333	-0.032946	
204	15	8	46.76666667	-0.005552	
205	15	8	46.8	0.101564	
206	15	8	46.83333333	0.137128	
207	15	8	46.86666667	0.088975	
208	15	8	46.9	0.006964	
209	15	8	46.93333333	-0.032577	
210	15	8	46.96666667	0.019257	
211	15	8	47	0.109758	
212	15	8	47.03333333	0.121823	
213	15	8	47.06666667	0.111289	
214	15	8	47.1	0.035531	
215	15	8	47.13333333	0.012777	
216	15	8	47.16666667	0.030072	
217	15	8	47.2	0.106964	
218	15	8	47.23333333	0.162323	
219	15	8	47.26666667	0.133734	
220	15	8	47.3	0.078377	
221	15	8	47.33333333	0.024337	
222	15	8	47.36666667	0.040508	
223	15	8	47.4	0.120158	
224	15	8	47.43333333	0.163805	
225	15	8	47.46666667	0.137502	
226	15	8	47.5	0.10509	
227	15	8	47.53333333	0.053813	
228	15	8	47.56666667	0.031345	
229	15	8	47.6	0.091385	
230	15	8	47.63333333	0.147624	
231	15	8	47.66666667	0.151271	
232	15	8	47.7	0.083575	
233	15	8	47.73333333	0.038206	
234	15	8	47.76666667	0.029734	
235	15	8	47.8	0.069221	
236	15	8	47.83333333	0.130507	
237	15	8	47.86666667	0.135499	
238	15	8	47.9	0.085542	
239	15	8	47.93333333	0.012699	
240	15	8	47.96666667	0.010155	
241	15	8	48	0.036428	
242	15	8	48.03333333	0.077727	
243	15	8	48.06666667	0.094834	
244	15	8	48.1	0.064533	
245	15	8	48.13333333	0.001848	
246	15	8	48.16666667	-0.019349	
247	15	8	48.2	-0.001577	
248	15	8	48.23333333	0.036446	
249	15	8	48.26666667	0.076681	
250	15	8	48.3	0.064693	
251	15	8	48.33333333	0.011326	
252	15	8	48.36666667	-0.005962	
253	15	8	48.4	0.006462	
254	15	8	48.43333333	0.058486	
255	15	8	48.46666667	0.071474	
256	15	8	48.5	0.076846	
257	15	8	48.53333333	0.042186	
258	15	8	48.56666667	0.008771	
259	15	8	48.6	0.00848	
260	15	8	48.63333333	0.054707	
261	15	8	48.66666667	0.082782	
262	15	8	48.7	0.078828	
263	15	8	48.73333333	0.038889	
264	15	8	48.76666667	-0.005248	
265	15	8	48.8	0.011645	
266	15	8	48.83333333	0.045769	
267	15	8	48.86666667	0.067464	
268	15	8	48.9	0.085756	
269	15	8	48.93333333	0.060391	
270	15	8	48.96666667	0.012828	
271	15	8	49	0.017867	
272	15	8	49.03333333	0.05663	
273	15	8	49.06666667	0.058638	
274	15	8	49.1	0.066146	
275	15	8	49.13333333	0.059257	
276	15	8	49.16666667	0.013862	
277	15	8	49.2	0.002456	
278	15	8	49.23333333	0.024442	
279	15	8	49.26666667	0.049772	
280	15	8	49.3	0.051919	
281	15	8	49.33333333	0.043696	
282	15	8	49.36666667	0.031064	
283	15	8	49.4	0.011555	
284	15	8	49.43333333	0.020293	
285	15	8	49.46666667	0.064151	
286	15	8	49.5	0.068402	
287	15	8	49.53333333	0.06253	
288	15	8	49.56666667	0.044449	
289	15	8	49.6	0.038067	
290	15	8	49.63333333	0.053107	
291	15	8	49.66666667	0.0903	
292	15	8	49.7	0.090999	
293	15	8	49.73333333	0.081413	
294	15	8	49.76666667	0.085047	
295	15	8	49.8	0.069005	
296	15	8	49.83333333	0.065311	
297	15	8	49.86666667	0.094473	
298	15	8	49.9	0.114841	
299	15	8	49.93333333	0.107977	
300	15	8	49.96666667	0.081464	
301	15	8	50	0.070353	
302	15	8	50.03333333	0.055439	
303	15	8	50.06666667	0.078877	
304	15	8	50.1	0.097569	
305	15	8	50.13333333	0.088354	
306	15	8	50.16666667	0.059409	
307	15	8	50.2	0.041194	
308	15	8	50.23333333	0.041542	
309	15	8	50.26666667	0.05414	
310	15	8	50.3	0.070461	
311	15	8	50.33333333	0.068147	
312	15	8	50.36666667	0.026922	
313	15	8	50.4	0.022154	
314	15	8	50.43333333	0.014723	
315	15	8	50.46666667	0.0212	
316	15	8	50.5	0.043562	
317	15	8	50.53333333	0.039776	
318	15	8	50.56666667	0.020264	
319	15	8	50.6	0.004029	
320	15	8	50.63333333	0.011862	
321	15	8	50.66666667	0.036951	
322	15	8	50.7	0.044831	
323	15	8	50.73333333	0.037036	
324	15	8	50.76666667	0.008026	
325	15	8	50.8	-0.040031	
326	15	8	50.83333333	-0.022347	
327	15	8	50.86666667	-0.006214	
328	15	8	50.9	-0.011715	
329	15	8	50.93333333	-0.000149	
330	15	8	50.96666667	-0.012153	
331	15	8	51	-0.037518	
332	15	8	51.03333333	-0.026125	
333	15	8	51.06666667	0.011333	
334	15	8	51.1	0.01571	
335	15	8	51.13333333	0.023563244	
336	15	8	51.16666667	-0.018732356	
337	15	8	51.2	-0.017639926	
338	15	8	51.23333333	-0.006946752	
339	15	8	51.26666667	-0.030109145	
340	15	8	51.3	0.009481179	
341	15	8	51.33333333	-0.030016771	
342	15	8	51.36666667	0.025685905	
343	15	8	51.4	0.041839423	
344	15	8	51.43333333	-0.037712114	
345	15	8	51.46666667	-0.072235583	
346	15	8	51.5	-0.020569762	
347	15	8	51.53333333	-0.020778763	
348	15	8	51.56666667	0.046718185	
349	15	8	51.6	0.029483378	
350	15	8	51.63333333	0.016298625	
351	15	8	51.66666667	-0.011823565	
352	15	8	51.7	0.020318456	
353	15	8	51.73333333	-0.002818308	
354	15	8	51.76666667	0.024713753	
355	15	8	51.8	-0.039707703	
356	15	8	51.83333333	-0.012152678	
357	15	8	51.86666667	0.025428871	
358	15	8	51.9	-0.041015011	
359	15	8	51.93333333	-0.01257905	
360	15	8	51.96666667	-0.002043689	
361	15	8	52	-0.023783402	
362	15	8	52.03333333	-0.065713833	
363	15	8	52.06666667	-0.047921678	
364	15	8	52.1	0.007586622	
365	15	8	52.13333333	0.011142165	
366	15	8	52.16666667	-0.025471464	
367	15	8	52.2	-0.034534581	
368	15	8	52.23333333	-0.033066896	
369	15	8	52.26666667	-0.027394175	
370	15	8	52.3	0.03298498	
371	15	8	52.33333333	-0.015499716	
372	15	8	52.36666667	-0.030833998	
373	15	8	52.4	0.05802472	
374	15	8	52.43333333	0.000443302	
375	15	8	52.46666667	-0.085867948	
376	15	8	52.5	-0.033245593	
377	15	8	52.53333333	0.000690109	
378	15	8	52.56666667	-0.014898635	
379	15	8	52.6	0.0173296	
380	15	8	52.63333333	0.011925554	
381	15	8	52.66666667	-0.049347949	
382	15	8	52.7	-0.009782757	
383	15	8	52.73333333	0.022707774	
384	15	8	52.76666667	-0.038106845	
385	15	8	52.8	-0.031967807	
386	15	8	52.83333333	-0.068584125	
387	15	8	52.86666667	0.041051732	
388	15	8	52.9	-0.012700471	
389	15	8	52.93333333	0.004392531	
390	15	8	52.96666667	-0.015095255	
391	15	8	53	-0.000286667	
392	15	8	53.03333333	0.018478695	
393	15	8	53.06666667	0.011699411	
394	15	8	53.1	0.003453002	
395	15	8	53.13333333	0.003576868	
396	15	8	53.16666667	0.074918026	
397	15	8	53.2	-0.006804456	
398	15	8	53.23333333	0.004762875	
399	15	8	53.26666667	0.034388317	
400	15	8	53.3	-0.07418677	
401	15	8	53.33333333	0.068631801	
402	15	8	53.36666667	0.040796469	
403	15	8	53.4	0.00736311	
404	15	8	53.43333333	0.003044294	
405	15	8	53.46666667	-0.017861422	
406	15	8	53.5	0.068801149	
407	15	8	53.53333333	0.003109963	
408	15	8	53.56666667	-0.090198788	
409	15	8	53.6	0.043416018	
410	15	8	53.63333333	-0.039887481	
411	15	8	53.66666667	0.082096254	
412	15	8	53.7	-0.005452196	
413	15	8	53.73333333	0.016019389	
414	15	8	53.76666667	0.006548771	
415	15	8	53.8	0.014822658	
416	15	8	53.83333333	0.027327523	
417	15	8	53.86666667	-0.0347714	
418	15	8	53.9	0.065591255	
419	15	8	53.93333333	-0.008941558	
420	15	8	53.96666667	0.048081333	
421	15	8	54	0.024251401	
422	15	8	54.03333333	-0.001551553	
423	15	8	54.06666667	-0.039323	
424	15	8	54.1	0.051382	
425	15	8	54.13333333	-0.622283	
426	15	8	54.16666667	-0.782848	
427	15	8	54.2	0.94989	
428	15	8	54.23333333	0.60208	
429	15	8	54.26666667	1.69887	
430	15	8	54.3	0.411549	
431	15	8	54.33333333	0.428522	
432	15	8	54.36666667	0.012155	
433	15	8	54.4	0.086049	
434	15	8	54.43333333	0.688336	
435	15	8	54.46666667	0.690192	
436	15	8	54.5	-0.029984	
437	15	8	54.53333333	0.482296	
438	15	8	54.56666667	-0.820562	
439	15	8	54.6	0.273709	
440	15	8	54.63333333	-0.035451	
441	15	8	54.66666667	0.575173	
442	15	8	54.7	0.710634	
443	15	8	54.73333333	-0.23836	
444	15	8	54.76666667	-0.132118	
445	15	8	54.8	-0.36119	
446	15	8	54.83333333	-0.04763	
447	15	8	54.86666667	0.320107	
448	15	8	54.9	0.493606	
449	15	8	54.93333333	0.124171	
450	15	8	54.96666667	-0.093455	
451	15	8	55	-0.428399	
452	15	8	55.03333333	-0.089991	
453	15	8	55.06666667	0.298623	
454	15	8	55.1	0.269634	
455	15	8	55.13333333	0.310779	
456	15	8	55.16666667	-0.009326	
457	15	8	55.2	-0.403402	
458	15	8	55.23333333	-0.111977	
459	15	8	55.26666667	0.065589	
460	15	8	55.3	0.334646	
461	15	8	55.33333333	0.363213	
462	15	8	55.36666667	-0.056922	
463	15	8	55.4	-0.09769	
464	15	8	55.43333333	-0.260284	
465	15	8	55.46666667	0.007175	
466	15	8	55.5	0.326579	
467	15	8	55.53333333	0.308418	
468	15	8	55.56666667	0.104378	
469	15	8	55.6	-0.105668	
470	15	8	55.63333333	-0.224168	
471	15	8	55.66666667	-0.036583	
472	15	8	55.7	0.147837	
473	15	8	55.73333333	0.311397	
474	15	8	55.76666667	0.163565	
475	15	8	55.8	-0.072936	
476	15	8	55.83333333	-0.191413	
477	15	8	55.86666667	-0.097621	
478	15	8	55.9	0.102813	
479	15	8	55.93333333	0.256231	
480	15	8	55.96666667	0.189737	
481	15	8	56	0.001572	
482	15	8	56.03333333	-0.173384	
483	15	8	56.06666667	-0.132053	
484	15	8	56.1	0.032365	
485	15	8	56.13333333	0.20373	
486	15	8	56.16666667	0.196727	
487	15	8	56.2	0.00841	
488	15	8	56.23333333	-0.11747	
489	15	8	56.26666667	-0.137306	
490	15	8	56.3	-0.024353	
491	15	8	56.33333333	0.144773	
492	15	8	56.36666667	0.191258	
493	15	8	56.4	0.060973	
494	15	8	56.43333333	-0.093391	
495	15	8	56.46666667	-0.122218	
496	15	8	56.5	-0.039434	
497	15	8	56.53333333	0.145639	
498	15	8	56.56666667	0.206522	
499	15	8	56.6	0.100594	
500	15	8	56.63333333	-0.047934	
501	15	8	56.66666667	-0.126383	
502	15	8	56.7	-0.072639	
503	15	8	56.73333333	0.052678	
504	15	8	56.76666667	0.155296	
505	15	8	56.8	0.110484	
506	15	8	56.83333333	-0.023345	
507	15	8	56.86666667	-0.114261	
508	15	8	56.9	-0.07633	
509	15	8	56.93333333	0.024751	
510	15	8	56.96666667	0.160567	
511	15	8	57	0.150773	
512	15	8	57.03333333	0.034285	
513	15	8	57.06666667	-0.054636	
514	15	8	57.1	-0.07723	
515	15	8	57.13333333	0.021975	
516	15	8	57.16666667	0.147945	
517	15	8	57.2	0.155371	
518	15	8	57.23333333	0.043763	
519	15	8	57.26666667	-0.053435	
520	15	8	57.3	-0.071856	
521	15	8	57.33333333	-0.015308	
522	15	8	57.36666667	0.108492	
523	15	8	57.4	0.137228	
524	15	8	57.43333333	0.053008	
525	15	8	57.46666667	-0.046465	
526	15	8	57.5	-0.067595	
527	15	8	57.53333333	-0.029812	
528	15	8	57.56666667	0.055308	
529	15	8	57.6	0.141365	
530	15	8	57.63333333	0.076296	
531	15	8	57.66666667	-0.031139	
532	15	8	57.7	-0.072544	
533	15	8	57.73333333	-0.046073	
534	15	8	57.76666667	0.047797	
535	15	8	57.8	0.1155	
536	15	8	57.83333333	0.082036	
537	15	8	57.86666667	-0.002418	
538	15	8	57.9	-0.060951	
539	15	8	57.93333333	-0.041648	
540	15	8	57.96666667	0.035927	
541	15	8	58	0.113899	
542	15	8	58.03333333	0.112046	
543	15	8	58.06666667	0.041232	
544	15	8	58.1	-0.02926	
545	15	8	58.13333333	-0.02411	
546	15	8	58.16666667	0.042049	
547	15	8	58.2	0.125336	
548	15	8	58.23333333	0.116417	
549	15	8	58.26666667	0.033736	
550	15	8	58.3	-0.030709	
551	15	8	58.33333333	-0.042632	
552	15	8	58.36666667	0.009941	
553	15	8	58.4	0.084346	
554	15	8	58.43333333	0.110177	
555	15	8	58.46666667	0.051158	
556	15	8	58.5	-0.025729	
557	15	8	58.53333333	-0.042003	
558	15	8	58.56666667	0.014261	
559	15	8	58.6	0.076312	
560	15	8	58.63333333	0.103148	
561	15	8	58.66666667	0.075881	
562	15	8	58.7	-0.023038	
563	15	8	58.73333333	-0.047179	
564	15	8	58.76666667	-0.011798	
565	15	8	58.8	0.033138	
566	15	8	58.83333333	0.078479	
567	15	8	58.86666667	0.055372	
568	15	8	58.9	0.009402	
569	15	8	58.93333333	-0.00979	
570	15	8	58.96666667	0.010676	
571	15	8	59	0.062586	
572	15	8	59.03333333	0.092266	
573	15	8	59.06666667	0.104906	
574	15	8	59.1	0.052325	
575	15	8	59.13333333	0.01133	
576	15	8	59.16666667	0.02488	
577	15	8	59.2	0.061357	
578	15	8	59.23333333	0.132612	
579	15	8	59.26666667	0.132109	
580	15	8	59.3	0.069174	
581	15	8	59.33333333	0.020148	
582	15	8	59.36666667	0.035463	
583	15	8	59.4	0.04925	
584	15	8	59.43333333	0.120343	
585	15	8	59.46666667	0.104373	
586	15	8	59.5	0.073293	
587	15	8	59.53333333	0.014825	
588	15	8	59.56666667	0.006515	
589	15	8	59.6	0.04308	
590	15	8	59.63333333	0.111956	
591	15	8	59.66666667	0.128606	
592	15	8	59.7	0.09016	
593	15	8	59.73333333	0.038812	
594	15	8	59.76666667	0.023421	
595	15	8	59.8	0.043503	
596	15	8	59.83333333	0.092686	
597	15	8	59.86666667	0.109628	
598	15	8	59.9	0.101679	
599	15	8	59.93333333	0.079124	
600	15	8	59.96666667	0.050769	
601	15	9	0	0.074523	
602	15	9	0.033333333	0.117423	
603	15	9	0.066666667	0.143548	
604	15	9	0.1	0.108801	
605	15	9	0.133333333	0.084382	
606	15	9	0.166666667	0.040353	
607	15	9	0.2	0.037518	
608	15	9	0.233333333	0.097607	
609	15	9	0.266666667	0.149621	
610	15	9	0.3	0.118237	
611	15	9	0.333333333	0.071742	
612	15	9	0.366666667	0.047003	
613	15	9	0.4	0.072981	
614	15	9	0.433333333	0.09523	
615	15	9	0.466666667	0.124843	
616	15	9	0.5	0.107334	
617	15	9	0.533333333	0.04931	
618	15	9	0.566666667	0.031999	
619	15	9	0.6	0.028906	
620	15	9	0.633333333	0.042314	
621	15	9	0.666666667	0.079456	
622	15	9	0.7	0.076474	
623	15	9	0.733333333	0.047861	
624	15	9	0.766666667	0.029589	
625	15	9	0.8	0.029973	
626	15	9	0.833333333	0.064919	
627	15	9	0.866666667	0.096207	
628	15	9	0.9	0.121766	
629	15	9	0.933333333	0.112835	
630	15	9	0.966666667	0.069332	
631	15	9	1	0.062909	
632	15	9	1.033333333	0.090586	
633	15	9	1.066666667	0.127266	
634	15	9	1.1	0.131437	
635	15	9	1.133333333	0.115722	
636	15	9	1.166666667	0.086335	
637	15	9	1.2	0.07192	
638	15	9	1.233333333	0.080698	
639	15	9	1.266666667	0.088977	
640	15	9	1.3	0.105744	
641	15	9	1.333333333	0.096009	
642	15	9	1.366666667	0.066301	
643	15	9	1.4	0.0702	
644	15	9	1.433333333	0.0805	
645	15	9	1.466666667	0.081307	
646	15	9	1.5	0.095058	
647	15	9	1.533333333	0.087629	
648	15	9	1.566666667	0.059785	
649	15	9	1.6	0.043861	
650	15	9	1.633333333	0.057828	
651	15	9	1.666666667	0.060347	
652	15	9	1.7	0.063638	
653	15	9	1.733333333	0.066146	
654	15	9	1.766666667	0.054269	
655	15	9	1.8	0.035672	
656	15	9	1.833333333	0.027347	
657	15	9	1.866666667	0.044461	
658	15	9	1.9	0.052552	
659	15	9	1.933333333	0.045967	
660	15	9	1.966666667	0.032971	
661	15	9	2	0.006598	
662	15	9	2.033333333	0.009139	
663	15	9	2.066666667	0.017828	
664	15	9	2.1	0.028558	
665	15	9	2.133333333	0.018656	
666	15	9	2.166666667	0.014823	
667	15	9	2.2	0.014699	
668	15	9	2.233333333	0.041314	
669	15	9	2.266666667	0.087106	
670	15	9	2.3	0.094898	
671	15	9	2.333333333	0.069463	
672	15	9	2.366666667	0.049083	
673	15	9	2.4	0.007387	
674	15	9	2.433333333	0.00194	
675	15	9	2.466666667	0.014129	
676	15	9	2.5	0.022367	
677	15	9	2.533333333	0.013887	
678	15	9	2.566666667	0.007137	
679	15	9	2.6	0.008601	
680	15	9	2.633333333	0.00151	
681	15	9	2.666666667	0.02446	
682	15	9	2.7	0.050539	
683	15	9	2.733333333	0.068816	
684	15	9	2.766666667	0.068803	
685	15	9	2.8	0.050204	
686	15	9	2.833333333	0.045797	
687	15	9	2.866666667	0.046915	
688	15	9	2.9	0.060883	
689	15	9	2.933333333	0.077928	
690	15	9	2.966666667	0.074232	
691	15	9	3	0.064458	
692	15	9	3.033333333	0.061037	
693	15	9	3.066666667	0.067545	
694	15	9	3.1	0.079608	
695	15	9	3.133333333	0.086312	
696	15	9	3.166666667	0.076345	
697	15	9	3.2	0.075889	
698	15	9	3.233333333	0.060857	
699	15	9	3.266666667	0.057001	
700	15	9	3.3	0.064221	
701	15	9	3.333333333	0.076959	
702	15	9	3.366666667	0.07659	
703	15	9	3.4	0.045302	
704	15	9	3.433333333	0.045253	
705	15	9	3.466666667	-0.042589015	
706	15	9	3.5	-0.01908515	
707	15	9	3.533333333	-0.028388899	
708	15	9	3.566666667	-0.018764289	
709	15	9	3.6	0.042994424	
710	15	9	3.633333333	-0.034697794	
711	15	9	3.666666667	0.013913024	
712	15	9	3.7	5.07E-05	
713	15	9	3.733333333	-0.043845637	
714	15	9	3.766666667	-0.056773769	
715	15	9	3.8	0.072431037	
716	15	9	3.833333333	0.003271434	
717	15	9	3.866666667	-0.008791072	
718	15	9	3.9	-0.026561516	
719	15	9	3.933333333	-0.039447646	
720	15	9	3.966666667	-0.012190228	
721	15	9	4	0.065187295	
722	15	9	4.033333333	0.024786075	
723	15	9	4.066666667	0.011585887	
724	15	9	4.1	-0.007481432	
725	15	9	4.133333333	-0.019464874	
726	15	9	4.166666667	-0.063311238	
727	15	9	4.2	0.019677525	
728	15	9	4.233333333	-0.029619463	
729	15	9	4.266666667	-0.019261291	
730	15	9	4.3	0.035946938	
731	15	9	4.333333333	-0.023873822	
732	15	9	4.366666667	-0.013579091	
733	15	9	4.4	-0.081859025	
734	15	9	4.433333333	0.006165216	
735	15	9	4.466666667	-0.00330929	
736	15	9	4.5	-0.022083328	
737	15	9	4.533333333	0.009442391	
738	15	9	4.566666667	-0.030605983	
739	15	9	4.6	0.00125581	
740	15	9	4.633333333	-0.078051036	
741	15	9	4.666666667	0.003084855	
742	15	9	4.7	0.021442031	
743	15	9	4.733333333	0.047323556	
744	15	9	4.766666667	-4.80E-06	
745	15	9	4.8	-0.062769178	
746	15	9	4.833333333	-0.045758263	
747	15	9	4.866666667	0.019457475	
748	15	9	4.9	-0.013818854	
749	15	9	4.933333333	-0.01178361	
750	15	9	4.966666667	-0.006676444	
751	15	9	5	0.004365119	
752	15	9	5.033333333	-0.034906177	
753	15	9	5.066666667	-0.006960998	
754	15	9	5.1	-0.005513842	
755	15	9	5.133333333	0.003892951	
756	15	9	5.166666667	-0.006115244	
757	15	9	5.2	-0.052158825	
758	15	9	5.233333333	-0.025882881	
759	15	9	5.266666667	-0.006299774	
760	15	9	5.3	-0.03734317	
761	15	9	5.333333333	0.075508506	
762	15	9	5.366666667	-0.004045772	
763	15	9	5.4	-0.021490622	
764	15	9	5.433333333	0.006776191	
765	15	9	5.466666667	-0.003017761	
766	15	9	5.5	-0.006748157	
767	15	9	5.533333333	0.029312279	
768	15	9	5.566666667	-0.028715693	
769	15	9	5.6	-0.045996584	
770	15	9	5.633333333	-0.102243196	
771	15	9	5.666666667	-0.020025621	
772	15	9	5.7	-0.041126493	
773	15	9	5.733333333	-0.051725232	
774	15	9	5.766666667	0.000428569	
775	15	9	5.8	0.0181659	
776	15	9	5.833333333	0.000888339	
777	15	9	5.866666667	0.019627528	
778	15	9	5.9	0.025889259	
779	15	9	5.933333333	0.000943657	
780	15	9	5.966666667	-0.017494387	
781	15	9	6	-0.026384606	
782	15	9	6.033333333	0.005666254	
783	15	9	6.066666667	0.033839482	
784	15	9	6.1	0.051779174	
785	15	9	6.133333333	-0.027830907	
786	15	9	6.166666667	-0.079444116	
787	15	9	6.2	0.045809012	
788	15	9	6.233333333	-0.022772885	
789	15	9	6.266666667	0.030869039	
790	15	9	6.3	0.012676114	
791	15	9	6.333333333	-0.002453803	
792	15	9	6.366666667	0.012976163	
793	15	9	6.4	-0.042831669	
794	15	9	6.433333333	-0.02983335	
795	15	9	6.466666667	0.055987435	
796	15	9	6.5	-0.018409586	
797	15	9	6.533333333	-0.022917302	
798	15	9	6.566666667	0.015848835	
799	15	9	6.6	-0.073057368	
800	15	9	6.633333333	0.012843863	
801	15	9	6.666666667	-0.02521332	
802	15	9	6.7	-0.056797931	
803	15	9	6.733333333	0.029049218	
804	15	9	6.766666667	0.001794266	
805	15	9	6.8	0.005285788	
806	15	9	6.833333333	0.006024057	
807	15	9	6.866666667	-0.050348554	
808	15	9	6.9	0.007883346	
809	15	9	6.933333333	-0.01567638	
810	15	9	6.966666667	-0.020984948	
811	15	9	7	-0.01595032	
812	15	9	7.033333333	-0.024436007	
813	15	9	7.066666667	-0.014774967	
814	15	9	7.1	-0.034840896	
815	15	9	7.133333333	-0.02099412	
816	15	9	7.166666667	0.030229241	
817	15	9	7.2	0.010865605	
818	15	9	7.233333333	-0.019524807	
819	15	9	7.266666667	-0.010915878	
820	15	9	7.3	0.024821889	
821	15	9	7.333333333	0.010047991	
822	15	9	7.366666667	0.028047766	
823	15	9	7.4	0.043383827	
824	15	9	7.433333333	0.039777883	
825	15	9	7.466666667	-0.006900834	
826	15	9	7.5	-0.007643052	
827	15	9	7.533333333	-0.072246474	
828	15	9	7.566666667	0.020224902	
829	15	9	7.6	0.016499215	
830	15	9	7.633333333	-0.036943189	
831	15	9	7.666666667	0.038388527	
832	15	9	7.7	-0.029058363	
833	15	9	7.733333333	-0.015399172	
834	15	9	7.766666667	-0.021062414	
835	15	9	7.8	-0.023902474	
836	15	9	7.833333333	-0.050364052	
837	15	9	7.866666667	-0.046030834	
838	15	9	7.9	0.071965293	
839	15	9	7.933333333	-0.006190023	
840	15	9	7.966666667	0.045330528	
841	15	9	8	-0.081526796	
842	15	9	8.033333333	0.024876575	
843	15	9	8.066666667	-0.014896172	
844	15	9	8.1	0.00837362	
845	15	9	8.133333333	0.011260838	
846	15	9	8.166666667	-0.023790852	
847	15	9	8.2	-0.036416595	
848	15	9	8.233333333	-0.059969234	
849	15	9	8.266666667	-0.018908998	
850	15	9	8.3	0.035180745	
851	15	9	8.333333333	0.037426645	
852	15	9	8.366666667	0.01640146	
853	15	9	8.4	0.030153601	
854	15	9	8.433333333	-0.012420116	
855	15	9	8.466666667	0.034735786	
856	15	9	8.5	0.043900644	
857	15	9	8.533333333	0.006574533	
858	15	9	8.566666667	-0.007865099	
859	15	9	8.6	-0.087618711	
860	15	9	8.633333333	0.045959029	
861	15	9	8.666666667	0.037764061	
862	15	9	8.7	-0.051377318	
863	15	9	8.733333333	-0.009332792	
864	15	9	8.766666667	-0.019815844	
865	15	9	8.8	-0.020269099	
866	15	9	8.833333333	-0.005723387	
867	15	9	8.866666667	-0.000430935	
868	15	9	8.9	0.020542038	
869	15	9	8.933333333	-0.024424618	
870	15	9	8.966666667	-0.033149341	
871	15	9	9	0.053602674	
872	15	9	9.033333333	0.003981336	
873	15	9	9.066666667	-0.042352795	
874	15	9	9.1	0.039960333	
875	15	9	9.133333333	0.009835315	
876	15	9	9.166666667	-0.021757567	
877	15	9	9.2	0.035416197	
878	15	9	9.233333333	0.044766246	
879	15	9	9.266666667	-0.072393995	
880	15	9	9.3	-0.010633409	
881	15	9	9.333333333	-0.02030946	
882	15	9	9.366666667	0.000375235	
883	15	9	9.4	0.022853	
884	15	9	9.433333333	0.025993	
885	15	9	9.466666667	0.022157	
886	15	9	9.5	0.024606	
887	15	9	9.533333333	0.026088	
888	15	9	9.566666667	0.022742	
889	15	9	9.6	0.031563	
890	15	9	9.633333333	0.027044	
891	15	9	9.666666667	0.024472	
892	15	9	9.7	0.028434	
893	15	9	9.733333333	0.2263	
894	15	9	9.766666667	-0.785285	
895	15	9	9.8	-0.339914	
896	15	9	9.833333333	0.338254	
897	15	9	9.866666667	-0.438475	
898	15	9	9.9	1.978765	
899	15	9	9.933333333	-0.967527	
900	15	9	9.966666667	1.928279	
901	15	9	10	-1.052461	
902	15	9	10.03333333	1.099577	
903	15	9	10.06666667	-0.257932	
904	15	9	10.1	0.431624	
905	15	9	10.13333333	0.570487	
906	15	9	10.16666667	0.234162	
907	15	9	10.2	-0.2158	
908	15	9	10.23333333	0.385817	
909	15	9	10.26666667	-0.370045	
910	15	9	10.3	0.695969	
911	15	9	10.33333333	0.279807	
912	15	9	10.36666667	0.268896	
913	15	9	10.4	0.117337	
914	15	9	10.43333333	-0.287132	
915	15	9	10.46666667	0.051213	
916	15	9	10.5	0.283928	
917	15	9	10.53333333	0.221225	
918	15	9	10.56666667	0.372246	
919	15	9	10.6	0.121164	
920	15	9	10.63333333	-0.20365	
921	15	9	10.66666667	0.039014	
922	15	9	10.7	0.083899	
923	15	9	10.73333333	0.290068	
924	15	9	10.76666667	0.350623	
925	15	9	10.8	0.059557	
926	15	9	10.83333333	0.006597	
927	15	9	10.86666667	-0.053954	
928	15	9	10.9	-0.005373	
929	15	9	10.93333333	0.306004	
930	15	9	10.96666667	0.312049	
931	15	9	11	0.113099	
932	15	9	11.03333333	0.024392	
933	15	9	11.06666667	-0.125471	
934	15	9	11.1	-0.020645	
935	15	9	11.13333333	0.164229	
936	15	9	11.16666667	0.223584	
937	15	9	11.2	0.201296	
938	15	9	11.23333333	0.035674	
939	15	9	11.26666667	-0.053912	
940	15	9	11.3	0.037045	
941	15	9	11.33333333	0.164335	
942	15	9	11.36666667	0.244418	
943	15	9	11.4	0.207345	
944	15	9	11.43333333	0.074189	
945	15	9	11.46666667	-0.083141	
946	15	9	11.5	-0.039288	
947	15	9	11.53333333	0.072908	
948	15	9	11.56666667	0.171871	
949	15	9	11.6	0.197837	
950	15	9	11.63333333	0.080166	
951	15	9	11.66666667	-0.05592	
952	15	9	11.7	-0.073442	
953	15	9	11.73333333	0.047195	
954	15	9	11.76666667	0.161298	
955	15	9	11.8	0.177748	
956	15	9	11.83333333	0.078107	
957	15	9	11.86666667	-0.048288	
958	15	9	11.9	-0.071821	
959	15	9	11.93333333	0.030127	
960	15	9	11.96666667	0.132472	
961	15	9	12	0.159066	
962	15	9	12.03333333	0.102573	
963	15	9	12.06666667	-0.032053	
964	15	9	12.1	-0.079368	
965	15	9	12.13333333	-0.019776	
966	15	9	12.16666667	0.095387	
967	15	9	12.2	0.155383	
968	15	9	12.23333333	0.129221	
969	15	9	12.26666667	0.027475	
970	15	9	12.3	-0.045154	
971	15	9	12.33333333	-0.004489	
972	15	9	12.36666667	0.087252	
973	15	9	12.4	0.145457	
974	15	9	12.43333333	0.120693	
975	15	9	12.46666667	0.051665	
976	15	9	12.5	-0.02258	
977	15	9	12.53333333	-0.024325	
978	15	9	12.56666667	0.095541	
979	15	9	12.6	0.17482	
980	15	9	12.63333333	0.140668	
981	15	9	12.66666667	0.100954	
982	15	9	12.7	0.007334	
983	15	9	12.73333333	-0.009963	
984	15	9	12.76666667	0.089886	
985	15	9	12.8	0.146524	
986	15	9	12.83333333	0.167487	
987	15	9	12.86666667	0.11628	
988	15	9	12.9	0.03622	
989	15	9	12.93333333	0.000669	
990	15	9	12.96666667	0.036975	
991	15	9	13	0.123925	
992	15	9	13.03333333	0.153837	
993	15	9	13.06666667	0.094812	
994	15	9	13.1	0.002733	
995	15	9	13.13333333	-0.047788	
996	15	9	13.16666667	0.022018	
997	15	9	13.2	0.103369	
998	15	9	13.23333333	0.159845	
999	15	9	13.26666667	0.103611	
1000	15	9	13.3	0.036761	
1001	15	9	13.33333333	0.013219	
1002	15	9	13.36666667	0.051108	
1003	15	9	13.4	0.113468	
1004	15	9	13.43333333	0.134242	
1005	15	9	13.46666667	0.127118	
1006	15	9	13.5	0.077138	
1007	15	9	13.53333333	0.038996	
1008	15	9	13.56666667	0.061835	
1009	15	9	13.6	0.105075	
1010	15	9	13.63333333	0.141261	
1011	15	9	13.66666667	0.120731	
1012	15	9	13.7	0.060219	
1013	15	9	13.73333333	0.016391	
1014	15	9	13.76666667	0.022093	
1015	15	9	13.8	0.081334	
1016	15	9	13.83333333	0.113612	
1017	15	9	13.86666667	0.109367	
1018	15	9	13.9	0.075385	
1019	15	9	13.93333333	0.030289	
1020	15	9	13.96666667	0.029457	
1021	15	9	14	0.055296	
1022	15	9	14.03333333	0.08036	
1023	15	9	14.06666667	0.098848	
1024	15	9	14.1	0.068552	
1025	15	9	14.13333333	0.011463	
1026	15	9	14.16666667	0.01992	
1027	15	9	14.2	0.047489	
1028	15	9	14.23333333	0.08186	
1029	15	9	14.26666667	0.112617	
1030	15	9	14.3	0.090077	
1031	15	9	14.33333333	0.039138	
1032	15	9	14.36666667	0.017948	
1033	15	9	14.4	0.050907	
1034	15	9	14.43333333	0.097222	
1035	15	9	14.46666667	0.10032	
1036	15	9	14.5	0.08003	
1037	15	9	14.53333333	0.060626	
1038	15	9	14.56666667	0.029047	
1039	15	9	14.6	0.026727	
1040	15	9	14.63333333	0.068457	
1041	15	9	14.66666667	0.068199	
1042	15	9	14.7	0.061645	
1043	15	9	14.73333333	0.032612	
1044	15	9	14.76666667	0.000878	
1045	15	9	14.8	0.009126	
1046	15	9	14.83333333	0.039084	
1047	15	9	14.86666667	0.06274	
1048	15	9	14.9	0.063469	
1049	15	9	14.93333333	0.045357	
1050	15	9	14.96666667	0.021126	
1051	15	9	15	0.030802	
1052	15	9	15.03333333	0.058392	
1053	15	9	15.06666667	0.081901	
1054	15	9	15.1	0.087203	
1055	15	9	15.13333333	0.072189	
1056	15	9	15.16666667	0.063096	
1057	15	9	15.2	0.002064734	
1058	15	9	15.23333333	0.01096415	
1059	15	9	15.26666667	-0.002416091	
1060	15	9	15.3	-0.005157939	
1061	15	9	15.33333333	-0.059035674	
1062	15	9	15.36666667	0.012493939	
1063	15	9	15.4	0.02775181	
1064	15	9	15.43333333	0.016094107	
1065	15	9	15.46666667	0.009685982	
1066	15	9	15.5	-0.045140452	
1067	15	9	15.53333333	0.010495225	
1068	15	9	15.56666667	0.023519449	
1069	15	9	15.6	-0.047831364	
1070	15	9	15.63333333	0.007960246	
1071	15	9	15.66666667	0.036333048	
1072	15	9	15.7	0.011619937	
1073	15	9	15.73333333	0.004470253	
1074	15	9	15.76666667	0.035480393	
1075	15	9	15.8	0.044448919	
1076	15	9	15.83333333	-0.110806727	
1077	15	9	15.86666667	-0.065340408	
1078	15	9	15.9	0.004943981	
1079	15	9	15.93333333	0.037068555	
1080	15	9	15.96666667	-0.09668706	
1081	15	9	16	-0.036527561	
1082	15	9	16.03333333	0.002837876	
1083	15	9	16.06666667	-0.022919596	
1084	15	9	16.1	-0.016388211	
1085	15	9	16.13333333	0.003852277	
1086	15	9	16.16666667	-0.017114769	
1087	15	9	16.2	-0.030926691	
1088	15	9	16.23333333	-0.019245939	
1089	15	9	16.26666667	0.038102713	
1090	15	9	16.3	-0.021148599	
1091	15	9	16.33333333	-0.024762856	
1092	15	9	16.36666667	-0.010977759	
1093	15	9	16.4	0.04737254	
1094	15	9	16.43333333	-0.001619542	
1095	15	9	16.46666667	-0.011668563	
1096	15	9	16.5	-0.016000581	
1097	15	9	16.53333333	0.021134728	
1098	15	9	16.56666667	0.025653157	
1099	15	9	16.6	-0.030704297	
1100	15	9	16.63333333	-0.006164816	
1101	15	9	16.66666667	-0.004056649	
1102	15	9	16.7	0.001521573	
1103	15	9	16.73333333	-0.02223603	
1104	15	9	16.76666667	-0.030752172	
1105	15	9	16.8	-0.01171944	
1106	15	9	16.83333333	0.020430412	
1107	15	9	16.86666667	-0.032436846	
1108	15	9	16.9	0.027141832	
1109	15	9	16.93333333	-0.021821829	
1110	15	9	16.96666667	0.04444528	
1111	15	9	17	-0.040997977	
1112	15	9	17.03333333	0.002744208	
1113	15	9	17.06666667	-0.034532383	
1114	15	9	17.1	-0.012967564	
1115	15	9	17.13333333	0.039972746	
1116	15	9	17.16666667	0.007968643	
1117	15	9	17.2	-0.001491205	
1118	15	9	17.23333333	-0.00075195	
1119	15	9	17.26666667	0.00446934	
1120	15	9	17.3	-0.015355147	
1121	15	9	17.33333333	-0.001102593	
1122	15	9	17.36666667	0.010599244	
1123	15	9	17.4	-0.003746948	
1124	15	9	17.43333333	0.00078712	
1125	15	9	17.46666667	-0.010768482	
1126	15	9	17.5	0.014688795	
1127	15	9	17.53333333	-0.001707636	
1128	15	9	17.56666667	0.000448224	
1129	15	9	17.6	-0.00027792	
1130	15	9	17.63333333	0.006117331	
1131	15	9	17.66666667	-0.014681218	
1132	15	9	17.7	-0.021766627	
1133	15	9	17.73333333	-0.012277988	
1134	15	9	17.76666667	-0.023250036	
1135	15	9	17.8	0.016879213	
1136	15	9	17.83333333	0.031312952	
1137	15	9	17.86666667	-0.019162017	
1138	15	9	17.9	0.019038168	
1139	15	9	17.93333333	0.024582897	
1140	15	9	17.96666667	0.001462553	
1141	15	9	18	0.013239042	
1142	15	9	18.03333333	0.023260954	
1143	15	9	18.06666667	0.001304853	
1144	15	9	18.1	0.028145169	
1145	15	9	18.13333333	-0.00848	
1146	15	9	18.16666667	-0.043502297	
1147	15	9	18.2	0.012899809	
1148	15	9	18.23333333	0.006533218	
1149	15	9	18.26666667	0.00257093	
1150	15	9	18.3	0.006789334	
1151	15	9	18.33333333	0.009385513	
1152	15	9	18.36666667	-0.009604771	
1153	15	9	18.4	0.017380368	
1154	15	9	18.43333333	0.009644447	
1155	15	9	18.46666667	-0.012484608	
1156	15	9	18.5	-0.007685405	
1157	15	9	18.53333333	0.000563936	
1158	15	9	18.56666667	0.005959138	
1159	15	9	18.6	0.013253023	
1160	15	9	18.63333333	-0.0002234	
1161	15	9	18.66666667	-0.004588218	
1162	15	9	18.7	-0.005362959	
1163	15	9	18.73333333	-0.006020647	
1164	15	9	18.76666667	0.020746345	
1165	15	9	18.8	-0.010129508	
1166	15	9	18.83333333	0.001683525	
1167	15	9	18.86666667	-0.001251352	
1168	15	9	18.9	0.004802132	
1169	15	9	18.93333333	0.005053072	
1170	15	9	18.96666667	0.014631152	
1171	15	9	19	-0.00354255	
1172	15	9	19.03333333	-0.001033628	
1173	15	9	19.06666667	-0.000829059	
1174	15	9	19.1	-0.017819303	
1175	15	9	19.13333333	-0.008734386	
1176	15	9	19.16666667	0.011598465	
1177	15	9	19.2	-0.009680606	
1178	15	9	19.23333333	-0.006069802	
1179	15	9	19.26666667	-0.000271398	
1180	15	9	19.3	0.018195935	
1181	15	9	19.33333333	-0.002811718	
1182	15	9	19.36666667	0.000115363	
1183	15	9	19.4	-0.021907356	
1184	15	9	19.43333333	0.005573932	
1185	15	9	19.46666667	-0.000808074	
1186	15	9	19.5	-0.008694959	
1187	15	9	19.53333333	0.012507733	
1188	15	9	19.56666667	0.009662445	
1189	15	9	19.6	-0.000476827	
1190	15	9	19.63333333	0.00510126	
1191	15	9	19.66666667	0.005092966	
1192	15	9	19.7	0.00070682	
1193	15	9	19.73333333	0.017425873	
1194	15	9	19.76666667	-0.003328373	
1195	15	9	19.8	-0.00083441	
1196	15	9	19.83333333	-0.002127436	
1197	15	9	19.86666667	0.005514388	
1198	15	9	19.9	0.007238936	
1199	15	9	19.93333333	-0.008816197	
1200	15	9	19.96666667	0.016209808	
