1	15	8	40	-0.002390747
2	15	8	40.03333333	0.010478233
3	15	8	40.06666667	-0.009809148
4	15	8	40.1	0.01624732
5	15	8	40.13333333	0.009258619
6	15	8	40.16666667	0.006208513
7	15	8	40.2	0.01369407
8	15	8	40.23333333	-0.004700807
9	15	8	40.26666667	-0.004324618
10	15	8	40.3	0.012220355
11	15	8	40.33333333	0.003825303
12	15	8	40.36666667	-0.022475339
13	15	8	40.4	0.008109218
14	15	8	40.43333333	-0.015462126
15	15	8	40.46666667	-0.002953378
16	15	8	40.5	0.021085315
17	15	8	40.53333333	-0.005982575
18	15	8	40.56666667	0.004400932
19	15	8	40.6	0.002284254
20	15	8	40.63333333	-0.021606536
21	15	8	40.66666667	0.021556395
22	15	8	40.7	-0.013421082
23	15	8	40.73333333	-0.01810194
24	15	8	40.76666667	0.006687733
25	15	8	40.8	-0.009966077
26	15	8	40.83333333	0.013591858
27	15	8	40.86666667	0.002317024
28	15	8	40.9	-0.001612552
29	15	8	40.93333333	-0.029310206
30	15	8	40.96666667	-0.014376064
31	15	8	41	0.004396697
32	15	8	41.03333333	0.007134856
33	15	8	41.06666667	-0.000109289
34	15	8	41.1	-0.011868833
35	15	8	41.13333333	-0.010051534
36	15	8	41.16666667	-0.006364753
37	15	8	41.2	0.000763611
38	15	8	41.23333333	-0.002169295
39	15	8	41.26666667	-0.003607285
40	15	8	41.3	0.025348132
41	15	8	41.33333333	-0.021014185
42	15	8	41.36666667	-0.009261857
43	15	8	41.4	0.019855248
44	15	8	41.43333333	-0.009158023
45	15	8	41.46666667	0.00641505
46	15	8	41.5	0.002505225
47	15	8	41.53333333	-0.001236177
48	15	8	41.56666667	0.001098171
49	15	8	41.6	0.02082809
50	15	8	41.63333333	-0.003683982
51	15	8	41.66666667	-0.003916161
52	15	8	41.7	-0.000651348
53	15	8	41.73333333	-0.009180158
54	15	8	41.76666667	-0.003841048
55	15	8	41.8	-0.005769612
56	15	8	41.83333333	0.00551769
57	15	8	41.86666667	0.01063558
58	15	8	41.9	-0.001234868
59	15	8	41.93333333	0.003543212
60	15	8	41.96666667	-0.025189386
61	15	8	42	0.018080366
62	15	8	42.03333333	0.000511243
63	15	8	42.06666667	-0.002005495
64	15	8	42.1	-0.00410155
65	15	8	42.13333333	-0.008791163
66	15	8	42.16666667	-0.011358847
67	15	8	42.2	0.012269911
68	15	8	42.23333333	-0.002082555
69	15	8	42.26666667	-0.007569424
70	15	8	42.3	0.001468732
71	15	8	42.33333333	0.012061162
72	15	8	42.36666667	0.00488847
73	15	8	42.4	-0.004308267
74	15	8	42.43333333	-0.013796105
75	15	8	42.46666667	0.003566459
76	15	8	42.5	0.000748727
77	15	8	42.53333333	-0.001724528
78	15	8	42.56666667	0.000456267
79	15	8	42.6	0.013370121
80	15	8	42.63333333	0.00645892
81	15	8	42.66666667	-0.010647889
82	15	8	42.7	-0.000814151
83	15	8	42.73333333	-0.010643641
84	15	8	42.76666667	0.005042404
85	15	8	42.8	0.002697712
86	15	8	42.83333333	0.005755859
87	15	8	42.86666667	0.021912179
88	15	8	42.9	-0.007935364
89	15	8	42.93333333	0.004729639
90	15	8	42.96666667	0.010819297
91	15	8	43	-0.004138083
92	15	8	43.03333333	0.000374029
93	15	8	43.06666667	0.026274285
94	15	8	43.1	0.002701991
95	15	8	43.13333333	0.001843566
96	15	8	43.16666667	-0.016157884
97	15	8	43.2	0.001604698
98	15	8	43.23333333	0.010935992
99	15	8	43.26666667	0.009043677
100	15	8	43.3	0.011299107
101	15	8	43.33333333	0.004516593
102	15	8	43.36666667	-0.001286355
103	15	8	43.4	-0.003088972
104	15	8	43.43333333	-0.004049856
105	15	8	43.46666667	0.014782847
106	15	8	43.5	-0.011110947
107	15	8	43.53333333	0.004644253
108	15	8	43.56666667	-0.002637409
109	15	8	43.6	0.006759833
110	15	8	43.63333333	-0.000959501
111	15	8	43.66666667	0.002671314
112	15	8	43.7	-0.007285833
113	15	8	43.73333333	0.008809701
114	15	8	43.76666667	0.009247549
115	15	8	43.8	0.003758044
116	15	8	43.83333333	-0.002484923
117	15	8	43.86666667	-0.015013351
118	15	8	43.9	-0.009705639
119	15	8	43.93333333	0.004316712
120	15	8	43.96666667	0.004748979
121	15	8	44	0.002700976
122	15	8	44.03333333	-0.000427618
123	15	8	44.06666667	-5.36E-05
124	15	8	44.1	0.016922323
125	15	8	44.13333333	0.016265708
126	15	8	44.16666667	0.008722199
127	15	8	44.2	-0.01000761
128	15	8	44.23333333	0.001176811
129	15	8	44.26666667	-0.022640139
130	15	8	44.3	-0.002867017
131	15	8	44.33333333	-0.005055937
132	15	8	44.36666667	-0.012690093
133	15	8	44.4	0.01033828
134	15	8	44.43333333	0.015359346
135	15	8	44.46666667	-0.001720068
136	15	8	44.5	0.007516856
137	15	8	44.53333333	0.002801495
138	15	8	44.56666667	0.010684268
139	15	8	44.6	-0.00162546
140	15	8	44.63333333	0.020746388
141	15	8	44.66666667	0.003520635
142	15	8	44.7	-0.009697613
143	15	8	44.73333333	-0.008135923
144	15	8	44.76666667	-0.016002398
145	15	8	44.8	-0.00675724
146	15	8	44.83333333	-3.24E-05
147	15	8	44.86666667	0.00639377
148	15	8	44.9	-0.00434021
149	15	8	44.93333333	0.00353568
150	15	8	44.96666667	-0.014566152
151	15	8	45	-0.013663054
152	15	8	45.03333333	-0.585902
153	15	8	45.06666667	-1.727898
154	15	8	45.1	-0.718183
155	15	8	45.13333333	0.244921
156	15	8	45.16666667	-0.692743
157	15	8	45.2	2.650286
158	15	8	45.23333333	-1.003171
159	15	8	45.26666667	1.627397
160	15	8	45.3	-0.432412
161	15	8	45.33333333	1.012968
162	15	8	45.36666667	0.457379
163	15	8	45.4	0.144956
164	15	8	45.43333333	0.112652
165	15	8	45.46666667	0.544375
166	15	8	45.5	-0.653233
167	15	8	45.53333333	0.723689
168	15	8	45.56666667	0.055905
169	15	8	45.6	0.561665
170	15	8	45.63333333	0.325021
171	15	8	45.66666667	-0.357065
172	15	8	45.7	0.145334
173	15	8	45.73333333	0.029509
174	15	8	45.76666667	-0.01559
175	15	8	45.8	0.47823
176	15	8	45.83333333	0.198311
177	15	8	45.86666667	0.039022
178	15	8	45.9	-0.000266
179	15	8	45.93333333	0.023409
180	15	8	45.96666667	0.475716
181	15	8	46	0.463779
182	15	8	46.03333333	0.30053
183	15	8	46.06666667	0.130034
184	15	8	46.1	0.02963
185	15	8	46.13333333	-0.022128
186	15	8	46.16666667	0.181089
187	15	8	46.2	0.395028
188	15	8	46.23333333	0.23128
189	15	8	46.26666667	0.097573
190	15	8	46.3	-0.071784
191	15	8	46.33333333	-0.023551
192	15	8	46.36666667	0.250368
193	15	8	46.4	0.240202
194	15	8	46.43333333	0.266789
195	15	8	46.46666667	0.223417
196	15	8	46.5	-0.017506
197	15	8	46.53333333	-0.032709
198	15	8	46.56666667	0.08442
199	15	8	46.6	0.213531
200	15	8	46.63333333	0.231898
201	15	8	46.66666667	0.039652
202	15	8	46.7	-0.113953
203	15	8	46.73333333	-0.097195
204	15	8	46.76666667	-0.006529
205	15	8	46.8	0.154803
206	15	8	46.83333333	0.244011
207	15	8	46.86666667	0.142599
208	15	8	46.9	0.000976
209	15	8	46.93333333	-0.097112
210	15	8	46.96666667	-0.026522
211	15	8	47	0.154936
212	15	8	47.03333333	0.187302
213	15	8	47.06666667	0.122999
214	15	8	47.1	0.005885
215	15	8	47.13333333	-0.027812
216	15	8	47.16666667	0.031582
217	15	8	47.2	0.165481
218	15	8	47.23333333	0.288713
219	15	8	47.26666667	0.223237
220	15	8	47.3	0.119909
221	15	8	47.33333333	0.074005
222	15	8	47.36666667	0.10027
223	15	8	47.4	0.237038
224	15	8	47.43333333	0.318152
225	15	8	47.46666667	0.257613
226	15	8	47.5	0.12488
227	15	8	47.53333333	0.043603
228	15	8	47.56666667	0.026375
229	15	8	47.6	0.108042
230	15	8	47.63333333	0.211302
231	15	8	47.66666667	0.188736
232	15	8	47.7	0.058678
233	15	8	47.73333333	-0.000574
234	15	8	47.76666667	0.021206
235	15	8	47.8	0.119873
236	15	8	47.83333333	0.242393
237	15	8	47.86666667	0.284582
238	15	8	47.9	0.181387
239	15	8	47.93333333	0.071557
240	15	8	47.96666667	0.072175
241	15	8	48	0.106646
242	15	8	48.03333333	0.150958
243	15	8	48.06666667	0.171712
244	15	8	48.1	0.107749
245	15	8	48.13333333	-0.060045
246	15	8	48.16666667	-0.087436
247	15	8	48.2	0.011533
248	15	8	48.23333333	0.085423
249	15	8	48.26666667	0.113317
250	15	8	48.3	0.080786
251	15	8	48.33333333	0.007485
252	15	8	48.36666667	-0.004524
253	15	8	48.4	0.054734
254	15	8	48.43333333	0.124569
255	15	8	48.46666667	0.163071
256	15	8	48.5	0.147167
257	15	8	48.53333333	0.05515
258	15	8	48.56666667	-0.018107
259	15	8	48.6	0.029772
260	15	8	48.63333333	0.143924
261	15	8	48.66666667	0.16688
262	15	8	48.7	0.127231
263	15	8	48.73333333	0.057889
264	15	8	48.76666667	0.002789
265	15	8	48.8	0.040031
266	15	8	48.83333333	0.113542
267	15	8	48.86666667	0.146351
268	15	8	48.9	0.161214
269	15	8	48.93333333	0.100921
270	15	8	48.96666667	0.022613
271	15	8	49	0.018204
272	15	8	49.03333333	0.12254
273	15	8	49.06666667	0.146901
274	15	8	49.1	0.096881
275	15	8	49.13333333	0.100418027
276	15	8	49.16666667	0.003559949
277	15	8	49.2	-0.021238439
278	15	8	49.23333333	-0.024621917
279	15	8	49.26666667	-0.053326493
280	15	8	49.3	0.07637442
281	15	8	49.33333333	-0.058430691
282	15	8	49.36666667	-0.051768451
283	15	8	49.4	0.026522123
284	15	8	49.43333333	0.051922379
285	15	8	49.46666667	-0.048484167
286	15	8	49.5	-0.03562908
287	15	8	49.53333333	0.097723481
288	15	8	49.56666667	0.083481579
289	15	8	49.6	-0.116392848
290	15	8	49.63333333	0.129771043
291	15	8	49.66666667	0.002004743
292	15	8	49.7	0.058091917
293	15	8	49.73333333	0.007477366
294	15	8	49.76666667	0.015407921
295	15	8	49.8	-0.04965734
296	15	8	49.83333333	0.076058175
297	15	8	49.86666667	-0.070588488
298	15	8	49.9	0.017913979
299	15	8	49.93333333	-0.091695736
300	15	8	49.96666667	0.048114283
301	15	8	50	-0.012502937
302	15	8	50.03333333	-0.01256917
303	15	8	50.06666667	-0.05717531
304	15	8	50.1	-0.032062683
305	15	8	50.13333333	0.046979083
306	15	8	50.16666667	0.090044965
307	15	8	50.2	0.077321868
308	15	8	50.23333333	0.014197516
309	15	8	50.26666667	0.08144937
310	15	8	50.3	-0.078060746
311	15	8	50.33333333	0.04380357
312	15	8	50.36666667	-0.032202219
313	15	8	50.4	-0.063328662
314	15	8	50.43333333	0.077730802
315	15	8	50.46666667	-0.037781175
316	15	8	50.5	-0.016319507
317	15	8	50.53333333	0.060537052
318	15	8	50.56666667	-0.186599986
319	15	8	50.6	-0.03118971
320	15	8	50.63333333	0.043015403
321	15	8	50.66666667	-0.041061569
322	15	8	50.7	-0.007187402
323	15	8	50.73333333	-0.048038087
324	15	8	50.76666667	0.022960707
325	15	8	50.8	0.026463247
326	15	8	50.83333333	-0.017373782
327	15	8	50.86666667	-0.098921391
328	15	8	50.9	0.107211419
329	15	8	50.93333333	-0.042645016
330	15	8	50.96666667	-0.079899418
331	15	8	51	-0.028498463
332	15	8	51.03333333	0.053324352
333	15	8	51.06666667	-0.029451478
334	15	8	51.1	-0.001381729
335	15	8	51.13333333	0.00075515
336	15	8	51.16666667	-0.023869018
337	15	8	51.2	0.012501828
338	15	8	51.23333333	-0.004083214
339	15	8	51.26666667	0.040027718
340	15	8	51.3	-0.0244923
341	15	8	51.33333333	-0.014983165
342	15	8	51.36666667	0.007425379
343	15	8	51.4	0.000261114
344	15	8	51.43333333	-0.010883549
345	15	8	51.46666667	-0.088636913
346	15	8	51.5	0.058576265
347	15	8	51.53333333	-0.054435033
348	15	8	51.56666667	-0.143591021
349	15	8	51.6	-0.053461768
350	15	8	51.63333333	-0.072124889
351	15	8	51.66666667	0.006805666
352	15	8	51.7	-0.045785491
353	15	8	51.73333333	0.056554827
354	15	8	51.76666667	-0.036565292
355	15	8	51.8	-0.076623442
356	15	8	51.83333333	-0.062148361
357	15	8	51.86666667	-0.055029166
358	15	8	51.9	-0.00437227
359	15	8	51.93333333	-0.043531437
360	15	8	51.96666667	-0.062755171
361	15	8	52	-0.163959565
362	15	8	52.03333333	-0.016611477
363	15	8	52.06666667	-0.089075942
364	15	8	52.1	-0.092784632
365	15	8	52.13333333	0.008537988
366	15	8	52.16666667	0.035130135
367	15	8	52.2	-0.037126606
368	15	8	52.23333333	-0.086880486
369	15	8	52.26666667	0.05402824
370	15	8	52.3	-0.079843406
371	15	8	52.33333333	0.016836953
372	15	8	52.36666667	-0.000810766
373	15	8	52.4	0.127029405
374	15	8	52.43333333	-0.005651437
375	15	8	52.46666667	0.027295232
376	15	8	52.5	0.014242092
377	15	8	52.53333333	-0.096548167
378	15	8	52.56666667	0.010376311
379	15	8	52.6	0.009517835
380	15	8	52.63333333	0.038033485
381	15	8	52.66666667	0.04286554
382	15	8	52.7	-0.029175142
383	15	8	52.73333333	-0.025368674
384	15	8	52.76666667	-0.028958007
385	15	8	52.8	-0.011031169
386	15	8	52.83333333	0.06953442
387	15	8	52.86666667	0.004984299
388	15	8	52.9	-0.021974864
389	15	8	52.93333333	0.080667828
390	15	8	52.96666667	-0.025827545
391	15	8	53	-0.005434409
392	15	8	53.03333333	0.076462864
393	15	8	53.06666667	0.038853015
394	15	8	53.1	0.009907281
395	15	8	53.13333333	-0.032092709
396	15	8	53.16666667	0.009467605
397	15	8	53.2	0.022846145
398	15	8	53.23333333	-0.000818087
399	15	8	53.26666667	-0.076721986
400	15	8	53.3	-0.021586363
401	15	8	53.33333333	-0.012692331
402	15	8	53.36666667	-0.020456055
403	15	8	53.4	-0.013501923
404	15	8	53.43333333	-0.045335868
405	15	8	53.46666667	0.0109434
406	15	8	53.5	0.092406991
407	15	8	53.53333333	0.099513863
408	15	8	53.56666667	0.052758842
409	15	8	53.6	0.080856483
410	15	8	53.63333333	-0.06230179
411	15	8	53.66666667	0.005780475
412	15	8	53.7	-0.079274255
413	15	8	53.73333333	-0.053366572
414	15	8	53.76666667	0.023295768
415	15	8	53.8	0.022512487
416	15	8	53.83333333	0.022808433
417	15	8	53.86666667	0.013012679
418	15	8	53.9	-0.002649558
419	15	8	53.93333333	-0.014810481
420	15	8	53.96666667	0.037368419
421	15	8	54	-0.050609056
422	15	8	54.03333333	0.035273651
423	15	8	54.06666667	-0.080700468
424	15	8	54.1	-1.308377
425	15	8	54.13333333	-1.266451
426	15	8	54.16666667	-0.792231
427	15	8	54.2	0.852442
428	15	8	54.23333333	1.658839
429	15	8	54.26666667	1.539463
430	15	8	54.3	0.982313
431	15	8	54.33333333	-0.657971
432	15	8	54.36666667	0.411194
433	15	8	54.4	-0.235971
434	15	8	54.43333333	1.20398
435	15	8	54.46666667	1.051888
436	15	8	54.5	0.004242
437	15	8	54.53333333	0.603682
438	15	8	54.56666667	-1.216292
439	15	8	54.6	0.23711
440	15	8	54.63333333	0.37734
441	15	8	54.66666667	0.644381
442	15	8	54.7	0.994544
443	15	8	54.73333333	-0.402011
444	15	8	54.76666667	-0.327107
445	15	8	54.8	-0.620641
446	15	8	54.83333333	-0.122474
447	15	8	54.86666667	0.60184
448	15	8	54.9	0.730717
449	15	8	54.93333333	0.033083
450	15	8	54.96666667	-0.249364
451	15	8	55	-0.607328
452	15	8	55.03333333	-0.189266
453	15	8	55.06666667	0.515282
454	15	8	55.1	0.53251
455	15	8	55.13333333	0.326711
456	15	8	55.16666667	-0.125457
457	15	8	55.2	-0.690914
458	15	8	55.23333333	-0.262769
459	15	8	55.26666667	0.114603
460	15	8	55.3	0.450719
461	15	8	55.33333333	0.58777
462	15	8	55.36666667	-0.178292
463	15	8	55.4	-0.290453
464	15	8	55.43333333	-0.312783
465	15	8	55.46666667	0.084857
466	15	8	55.5	0.588553
467	15	8	55.53333333	0.51257
468	15	8	55.56666667	0.146164
469	15	8	55.6	-0.242983
470	15	8	55.63333333	-0.400515
471	15	8	55.66666667	-0.102454
472	15	8	55.7	0.228464
473	15	8	55.73333333	0.360195
474	15	8	55.76666667	0.144549
475	15	8	55.8	-0.222117
476	15	8	55.83333333	-0.398155
477	15	8	55.86666667	-0.192147
478	15	8	55.9	0.218475
479	15	8	55.93333333	0.414763
480	15	8	55.96666667	0.243223
481	15	8	56	-0.095108
482	15	8	56.03333333	-0.334242
483	15	8	56.06666667	-0.257292
484	15	8	56.1	0.054871
485	15	8	56.13333333	0.264177
486	15	8	56.16666667	0.234218
487	15	8	56.2	-0.076833
488	15	8	56.23333333	-0.299242
489	15	8	56.26666667	-0.294564
490	15	8	56.3	-0.01971
491	15	8	56.33333333	0.270825
492	15	8	56.36666667	0.311737
493	15	8	56.4	0.109768
494	15	8	56.43333333	-0.149857
495	15	8	56.46666667	-0.211244
496	15	8	56.5	-0.009215
497	15	8	56.53333333	0.285294
498	15	8	56.56666667	0.382717
499	15	8	56.6	0.187519
500	15	8	56.63333333	-0.1138
501	15	8	56.66666667	-0.269277
502	15	8	56.7	-0.174371
503	15	8	56.73333333	0.01165
504	15	8	56.76666667	0.170474
505	15	8	56.8	0.127845
506	15	8	56.83333333	-0.136999
507	15	8	56.86666667	-0.280645
508	15	8	56.9	-0.179088
509	15	8	56.93333333	0.06054
510	15	8	56.96666667	0.269804
511	15	8	57	0.272729
512	15	8	57.03333333	0.089505
513	15	8	57.06666667	-0.101298
514	15	8	57.1	-0.101815
515	15	8	57.13333333	0.125831
516	15	8	57.16666667	0.306437
517	15	8	57.2	0.283531
518	15	8	57.23333333	0.101913
519	15	8	57.26666667	-0.109705
520	15	8	57.3	-0.12748
521	15	8	57.33333333	0.052308
522	15	8	57.36666667	0.202338
523	15	8	57.4	0.21765
524	15	8	57.43333333	0.121363
525	15	8	57.46666667	-0.084566
526	15	8	57.5	-0.150912
527	15	8	57.53333333	-0.025657
528	15	8	57.56666667	0.15523
529	15	8	57.6	0.266637
530	15	8	57.63333333	0.144573
531	15	8	57.66666667	-0.055453
532	15	8	57.7	-0.156832
533	15	8	57.73333333	-0.078809
534	15	8	57.76666667	0.122066
535	15	8	57.8	0.202429
536	15	8	57.83333333	0.132067
537	15	8	57.86666667	-0.054661
538	15	8	57.9	-0.157051
539	15	8	57.93333333	-0.097208
540	15	8	57.96666667	0.085827
541	15	8	58	0.230022
542	15	8	58.03333333	0.250187
543	15	8	58.06666667	0.096511
544	15	8	58.1	-0.011507
545	15	8	58.13333333	0.050731
546	15	8	58.16666667	0.202938
547	15	8	58.2	0.298166
548	15	8	58.23333333	0.255386
549	15	8	58.26666667	0.120943
550	15	8	58.3	0.002796
551	15	8	58.33333333	0.04335913
552	15	8	58.36666667	-0.086125062
553	15	8	58.4	-0.056407754
554	15	8	58.43333333	-0.06341606
555	15	8	58.46666667	-0.043576907
556	15	8	58.5	0.049523691
557	15	8	58.53333333	0.141509879
558	15	8	58.56666667	0.069518599
559	15	8	58.6	-0.042094312
560	15	8	58.63333333	0.06120325
561	15	8	58.66666667	-0.047215964
562	15	8	58.7	0.009381323
563	15	8	58.73333333	0.028750144
564	15	8	58.76666667	-0.069500805
565	15	8	58.8	0.03343791
566	15	8	58.83333333	-0.15012595
567	15	8	58.86666667	-0.105783755
568	15	8	58.9	0.039635915
569	15	8	58.93333333	0.007015245
570	15	8	58.96666667	-0.002734667
571	15	8	59	0.036861276
572	15	8	59.03333333	0.020819952
573	15	8	59.06666667	0.01746287
574	15	8	59.1	0.025325532
575	15	8	59.13333333	0.013412172
576	15	8	59.16666667	-0.06664148
577	15	8	59.2	0.045007171
578	15	8	59.23333333	0.009062492
579	15	8	59.26666667	-0.016449246
580	15	8	59.3	-0.016887296
581	15	8	59.33333333	0.012479676
582	15	8	59.36666667	-0.025514331
583	15	8	59.4	-0.001531745
584	15	8	59.43333333	0.048702515
585	15	8	59.46666667	-0.027474421
586	15	8	59.5	-0.067484207
587	15	8	59.53333333	0.001267294
588	15	8	59.56666667	0.051087946
589	15	8	59.6	-0.114511904
590	15	8	59.63333333	0.027660601
591	15	8	59.66666667	0.10446678
592	15	8	59.7	0.033806963
593	15	8	59.73333333	-0.12143592
594	15	8	59.76666667	0.005228655
595	15	8	59.8	-0.07559385
596	15	8	59.83333333	0.026235381
597	15	8	59.86666667	-0.085931182
598	15	8	59.9	0.042929959
599	15	8	59.93333333	-0.045780969
600	15	8	59.96666667	0.012634299
601	15	9	0	-0.079555299
602	15	9	0.033333333	0.00123183
603	15	9	0.066666667	0.068598656
604	15	9	0.1	-0.019753043
605	15	9	0.133333333	0.066661458
606	15	9	0.166666667	-0.003031922
607	15	9	0.2	0.021343527
608	15	9	0.233333333	-0.052109101
609	15	9	0.266666667	-0.031799774
610	15	9	0.3	-0.002456559
611	15	9	0.333333333	0.037439272
612	15	9	0.366666667	-0.013648661
613	15	9	0.4	0.035688785
614	15	9	0.433333333	0.059432512
615	15	9	0.466666667	0.013733136
616	15	9	0.5	0.031644649
617	15	9	0.533333333	-0.004672444
618	15	9	0.566666667	0.03655927
619	15	9	0.6	-0.021515137
620	15	9	0.633333333	-0.000623961
621	15	9	0.666666667	0.019404778
622	15	9	0.7	-0.057152006
623	15	9	0.733333333	-0.069652289
624	15	9	0.766666667	-0.060452049
625	15	9	0.8	0.081811691
626	15	9	0.833333333	0.052108679
627	15	9	0.866666667	-0.011086261
628	15	9	0.9	0.077428669
629	15	9	0.933333333	0.015459036
630	15	9	0.966666667	-0.012274472
631	15	9	1	0.049283797
632	15	9	1.033333333	-0.075746378
633	15	9	1.066666667	0.062454645
634	15	9	1.1	-0.007838422
635	15	9	1.133333333	0.054948998
636	15	9	1.166666667	0.004337036
637	15	9	1.2	0.057047545
638	15	9	1.233333333	0.009241435
639	15	9	1.266666667	-0.051011605
640	15	9	1.3	-0.138285258
641	15	9	1.333333333	0.076568345
642	15	9	1.366666667	0.016366797
643	15	9	1.4	0.050104751
644	15	9	1.433333333	-0.00404464
645	15	9	1.466666667	-0.011020653
646	15	9	1.5	-0.033460209
647	15	9	1.533333333	0.101167221
648	15	9	1.566666667	0.017288543
649	15	9	1.6	-0.068149266
650	15	9	1.633333333	-0.038668262
651	15	9	1.666666667	0.005715216
652	15	9	1.7	0.055547036
653	15	9	1.733333333	-0.065447477
654	15	9	1.766666667	0.069111355
655	15	9	1.8	0.038353554
656	15	9	1.833333333	-0.028047354
657	15	9	1.866666667	0.095384258
658	15	9	1.9	-0.051829493
659	15	9	1.933333333	0.033979039
660	15	9	1.966666667	0.000509847
661	15	9	2	-0.011545489
662	15	9	2.033333333	-0.011671924
663	15	9	2.066666667	0.014111467
664	15	9	2.1	0.112317003
665	15	9	2.133333333	-0.013418534
666	15	9	2.166666667	-0.044349811
667	15	9	2.2	0.045032537
668	15	9	2.233333333	0.053012035
669	15	9	2.266666667	-0.002167318
670	15	9	2.3	0.088930455
671	15	9	2.333333333	-0.027216007
672	15	9	2.366666667	0.043130263
673	15	9	2.4	0.032325974
674	15	9	2.433333333	-0.027786288
675	15	9	2.466666667	-0.00166024
676	15	9	2.5	0.098456196
677	15	9	2.533333333	-0.033503316
678	15	9	2.566666667	0.01844632
679	15	9	2.6	0.003770201
680	15	9	2.633333333	0.035172103
681	15	9	2.666666667	-0.042973009
682	15	9	2.7	0.001840229
683	15	9	2.733333333	0.068381021
684	15	9	2.766666667	-0.021540555
685	15	9	2.8	-0.048669758
686	15	9	2.833333333	-0.076195075
687	15	9	2.866666667	0.031932356
688	15	9	2.9	0.006050105
689	15	9	2.933333333	0.032887724
690	15	9	2.966666667	-0.004912684
691	15	9	3	0.053330492
692	15	9	3.033333333	0.009060322
693	15	9	3.066666667	-0.076158958
694	15	9	3.1	-0.003707482
695	15	9	3.133333333	-0.022414962
696	15	9	3.166666667	0.052220245
697	15	9	3.2	-0.078051024
698	15	9	3.233333333	-0.083876221
699	15	9	3.266666667	0.011875329
700	15	9	3.3	0.022272882
701	15	9	3.333333333	0.074024244
702	15	9	3.366666667	0.037833448
703	15	9	3.4	0.01933056
704	15	9	3.433333333	-0.106296576
705	15	9	3.466666667	0.057756619
706	15	9	3.5	-0.081855515
707	15	9	3.533333333	-0.031116825
708	15	9	3.566666667	0.052363452
709	15	9	3.6	-0.019585901
710	15	9	3.633333333	-0.082044871
711	15	9	3.666666667	-0.028289831
712	15	9	3.7	-0.044311614
713	15	9	3.733333333	0.024788605
714	15	9	3.766666667	-0.040819555
715	15	9	3.8	-0.017242994
716	15	9	3.833333333	0.035786094
717	15	9	3.866666667	-0.011655825
718	15	9	3.9	0.056269991
719	15	9	3.933333333	-0.006623482
720	15	9	3.966666667	-0.00173768
721	15	9	4	-0.007983551
722	15	9	4.033333333	0.000619132
723	15	9	4.066666667	-0.010876696
724	15	9	4.1	-0.050405311
725	15	9	4.133333333	0.022059133
726	15	9	4.166666667	0.019772928
727	15	9	4.2	-0.074368364
728	15	9	4.233333333	-0.023008543
729	15	9	4.266666667	-0.082235839
730	15	9	4.3	0.01358417
731	15	9	4.333333333	-0.050857114
732	15	9	4.366666667	0.0230724
733	15	9	4.4	0.026137996
734	15	9	4.433333333	0.009836622
735	15	9	4.466666667	0.068376152
736	15	9	4.5	-0.059660154
737	15	9	4.533333333	0.036715057
738	15	9	4.566666667	0.011576369
739	15	9	4.6	0.00113211
740	15	9	4.633333333	0.005284911
741	15	9	4.666666667	-0.056702163
742	15	9	4.7	0.037628099
743	15	9	4.733333333	0.050714103
744	15	9	4.766666667	0.029751879
745	15	9	4.8	0.018866988
746	15	9	4.833333333	-0.075783847
747	15	9	4.866666667	0.006745466
748	15	9	4.9	-0.041154203
749	15	9	4.933333333	-0.035244513
750	15	9	4.966666667	0.022152766
751	15	9	5	-0.092437602
752	15	9	5.033333333	-0.071428239
753	15	9	5.066666667	0.122717407
754	15	9	5.1	0.040201245
755	15	9	5.133333333	0.05294772
756	15	9	5.166666667	0.122068493
757	15	9	5.2	-0.029867772
758	15	9	5.233333333	-0.013294781
759	15	9	5.266666667	-0.050394256
760	15	9	5.3	-0.075706445
761	15	9	5.333333333	-0.01703986
762	15	9	5.366666667	0.057326243
763	15	9	5.4	0.026217126
764	15	9	5.433333333	0.083995169
765	15	9	5.466666667	0.084874322
766	15	9	5.5	-0.090375639
767	15	9	5.533333333	-0.112979732
768	15	9	5.566666667	-0.0131174
769	15	9	5.6	0.004326351
770	15	9	5.633333333	0.031086593
771	15	9	5.666666667	-0.00436251
772	15	9	5.7	-0.025227693
773	15	9	5.733333333	0.041116102
774	15	9	5.766666667	0.060556368
775	15	9	5.8	0.049011029
776	15	9	5.833333333	-0.006049723
777	15	9	5.866666667	-0.102294527
778	15	9	5.9	0.0459738
779	15	9	5.933333333	0.024248329
780	15	9	5.966666667	-0.007269804
781	15	9	6	-0.092581645
782	15	9	6.033333333	0.001964129
783	15	9	6.066666667	-0.017557866
784	15	9	6.1	0.005226177
785	15	9	6.133333333	-0.018072027
786	15	9	6.166666667	0.098592265
787	15	9	6.2	0.029717252
788	15	9	6.233333333	0.017475701
789	15	9	6.266666667	-0.064081424
790	15	9	6.3	0.03171936
791	15	9	6.333333333	0.018410327
792	15	9	6.366666667	-0.039255304
793	15	9	6.4	-0.054430682
794	15	9	6.433333333	-0.018919432
795	15	9	6.466666667	-0.072759222
796	15	9	6.5	-0.022658326
797	15	9	6.533333333	0.069806856
798	15	9	6.566666667	0.008848287
799	15	9	6.6	-0.033549879
800	15	9	6.633333333	0.067620867
801	15	9	6.666666667	-0.000989808
802	15	9	6.7	0.001222779
803	15	9	6.733333333	-0.052463837
804	15	9	6.766666667	-0.024339689
805	15	9	6.8	0.011110736
806	15	9	6.833333333	0.011937483
807	15	9	6.866666667	0.013221399
808	15	9	6.9	0.013294583
809	15	9	6.933333333	0.151335819
810	15	9	6.966666667	-0.020586693
811	15	9	7	-0.076488327
812	15	9	7.033333333	0.005266666
813	15	9	7.066666667	0.006389516
814	15	9	7.1	-0.013438991
815	15	9	7.133333333	0.05514805
816	15	9	7.166666667	0.047915294
817	15	9	7.2	-0.013422336
818	15	9	7.233333333	-0.072201685
819	15	9	7.266666667	0.034143323
820	15	9	7.3	-0.066601597
821	15	9	7.333333333	0.037998851
822	15	9	7.366666667	-0.013806374
823	15	9	7.4	0.041223776
824	15	9	7.433333333	0.112954449
825	15	9	7.466666667	0.080080367
826	15	9	7.5	0.006934184
827	15	9	7.533333333	0.092235134
828	15	9	7.566666667	0.03678964
829	15	9	7.6	0.076510489
830	15	9	7.633333333	0.057243463
831	15	9	7.666666667	-0.035790764
832	15	9	7.7	0.036787507
833	15	9	7.733333333	0.001899822
834	15	9	7.766666667	-0.043755498
835	15	9	7.8	-0.014158414
836	15	9	7.833333333	0.018397762
837	15	9	7.866666667	0.020220132
838	15	9	7.9	0.020651235
839	15	9	7.933333333	0.082721242
840	15	9	7.966666667	-0.057108031
841	15	9	8	-0.004186367
842	15	9	8.033333333	-0.04558547
843	15	9	8.066666667	-0.02901494
844	15	9	8.1	-0.001598226
845	15	9	8.133333333	0.042199911
846	15	9	8.166666667	0.004542711
847	15	9	8.2	-0.028827511
848	15	9	8.233333333	0.004699064
849	15	9	8.266666667	0.16432361
850	15	9	8.3	0.029433999
851	15	9	8.333333333	0.060838055
852	15	9	8.366666667	0.011775991
853	15	9	8.4	-0.066830605
854	15	9	8.433333333	0.018968999
855	15	9	8.466666667	-0.075659832
856	15	9	8.5	0.061238929
857	15	9	8.533333333	-0.011429574
858	15	9	8.566666667	-0.02501399
859	15	9	8.6	0.083969822
860	15	9	8.633333333	0.004388088
861	15	9	8.666666667	-0.017238029
862	15	9	8.7	-0.032784867
863	15	9	8.733333333	-0.066895441
864	15	9	8.766666667	0.002055538
865	15	9	8.8	-0.096775158
866	15	9	8.833333333	0.011902107
867	15	9	8.866666667	0.063222869
868	15	9	8.9	-0.046223128
869	15	9	8.933333333	0.018165946
870	15	9	8.966666667	0.040107047
871	15	9	9	0.012708625
872	15	9	9.033333333	-0.036776876
873	15	9	9.066666667	-0.001280034
874	15	9	9.1	0.009524267
875	15	9	9.133333333	-0.03821831
876	15	9	9.166666667	0.008960266
877	15	9	9.2	-0.061965105
878	15	9	9.233333333	0.030224073
879	15	9	9.266666667	-0.001917036
880	15	9	9.3	0.018523544
881	15	9	9.333333333	0.01766947
882	15	9	9.366666667	0.075089256
883	15	9	9.4	-0.007382798
884	15	9	9.433333333	-0.010146335
885	15	9	9.466666667	0.015580316
886	15	9	9.5	0.081079339
887	15	9	9.533333333	-0.091442613
888	15	9	9.566666667	-0.01196168
889	15	9	9.6	-0.009216454
890	15	9	9.633333333	0.026095813
891	15	9	9.666666667	0.057996644
892	15	9	9.7	-0.047054224
893	15	9	9.733333333	-0.376703
894	15	9	9.766666667	-1.472488
895	15	9	9.8	-0.881843
896	15	9	9.833333333	0.26348
897	15	9	9.866666667	-0.757646
898	15	9	9.9	2.88832
899	15	9	9.933333333	-1.015677
900	15	9	9.966666667	2.545438
901	15	9	10	-1.285574
902	15	9	10.03333333	1.234202
903	15	9	10.06666667	-0.118253
904	15	9	10.1	0.52104
905	15	9	10.13333333	0.527466
906	15	9	10.16666667	0.536311
907	15	9	10.2	-0.669598
908	15	9	10.23333333	0.422476
909	15	9	10.26666667	-0.649158
910	15	9	10.3	0.83208
911	15	9	10.33333333	0.473691
912	15	9	10.36666667	0.118658
913	15	9	10.4	0.079082
914	15	9	10.43333333	-0.508127
915	15	9	10.46666667	-0.140443
916	15	9	10.5	0.338911
917	15	9	10.53333333	0.319624
918	15	9	10.56666667	0.321428
919	15	9	10.6	0.010808
920	15	9	10.63333333	-0.535465
921	15	9	10.66666667	-0.120107
922	15	9	10.7	0.035429
923	15	9	10.73333333	0.277704
924	15	9	10.76666667	0.403518
925	15	9	10.8	-0.011491
926	15	9	10.83333333	-0.184283
927	15	9	10.86666667	-0.157997
928	15	9	10.9	-0.028655
929	15	9	10.93333333	0.33795
930	15	9	10.96666667	0.380636
931	15	9	11	0.040456
932	15	9	11.03333333	-0.160129
933	15	9	11.06666667	-0.393789
934	15	9	11.1	-0.273334
935	15	9	11.13333333	0.074073
936	15	9	11.16666667	0.224307
937	15	9	11.2	0.195966
938	15	9	11.23333333	0.000659
939	15	9	11.26666667	-0.155149
940	15	9	11.3	0.00778
941	15	9	11.33333333	0.225688
942	15	9	11.36666667	0.295911
943	15	9	11.4	0.198175
944	15	9	11.43333333	-0.0709
945	15	9	11.46666667	-0.33674
946	15	9	11.5	-0.263016
947	15	9	11.53333333	-0.025165
948	15	9	11.56666667	0.175955
949	15	9	11.6	0.198293
950	15	9	11.63333333	-0.026552
951	15	9	11.66666667	-0.280939
952	15	9	11.7	-0.305655
953	15	9	11.73333333	-0.105741
954	15	9	11.76666667	0.144065
955	15	9	11.8	0.174748
956	15	9	11.83333333	-0.014182
957	15	9	11.86666667	-0.248955
958	15	9	11.9	-0.240891
959	15	9	11.93333333	-0.021688
960	15	9	11.96666667	0.140342
961	15	9	12	0.160817
962	15	9	12.03333333	0.005361
963	15	9	12.06666667	-0.194547
964	15	9	12.1	-0.303686
965	15	9	12.13333333	-0.176745
966	15	9	12.16666667	0.076297
967	15	9	12.2	0.184897
968	15	9	12.23333333	0.091535
969	15	9	12.26666667	-0.101696
970	15	9	12.3	-0.21016
971	15	9	12.33333333	-0.164671
972	15	9	12.36666667	-0.003442
973	15	9	12.4	0.109999
974	15	9	12.43333333	-0.007023
975	15	9	12.46666667	-0.155856
976	15	9	12.5	-0.236872
977	15	9	12.53333333	-0.141416
978	15	9	12.56666667	0.051942
979	15	9	12.6	0.219212
980	15	9	12.63333333	0.183484
981	15	9	12.66666667	0.077332
982	15	9	12.7	-0.078997
983	15	9	12.73333333	-0.045436
984	15	9	12.76666667	0.134558
985	15	9	12.8	0.285721
986	15	9	12.83333333	0.326029
987	15	9	12.86666667	0.228601
988	15	9	12.9	0.08324
989	15	9	12.93333333	0.021167
990	15	9	12.96666667	0.077545
991	15	9	13	0.201777
992	15	9	13.03333333	0.218209
993	15	9	13.06666667	0.042668
994	15	9	13.1	-0.16567
995	15	9	13.13333333	-0.231141
996	15	9	13.16666667	-0.113226
997	15	9	13.2	0.047701
998	15	9	13.23333333	0.121798
999	15	9	13.26666667	-0.010566
1000	15	9	13.3	-0.14327
1001	15	9	13.33333333	-0.146437
1002	15	9	13.36666667	-0.032398
1003	15	9	13.4	0.103275
1004	15	9	13.43333333	0.130096
1005	15	9	13.46666667	0.130037
1006	15	9	13.5	0.067121
1007	15	9	13.53333333	0.004716
1008	15	9	13.56666667	0.063463
1009	15	9	13.6	0.153951
1010	15	9	13.63333333	0.192799
1011	15	9	13.66666667	0.15199
1012	15	9	13.7	0.043487
1013	15	9	13.73333333	-0.038614
1014	15	9	13.76666667	-0.037804
1015	15	9	13.8	0.064365
1016	15	9	13.83333333	0.125548
1017	15	9	13.86666667	0.114731
1018	15	9	13.9	0.028551
1019	15	9	13.93333333	-0.066246
1020	15	9	13.96666667	-0.093842
1021	15	9	14	-0.033079
1022	15	9	14.03333333	0.014605
1023	15	9	14.06666667	0.027016
1024	15	9	14.1	-0.045318
1025	15	9	14.13333333	-0.149864
1026	15	9	14.16666667	-0.164718
1027	15	9	14.2	-0.096036
1028	15	9	14.23333333	-0.006825
1029	15	9	14.26666667	0.077394
1030	15	9	14.3	-0.026673
1031	15	9	14.33333333	-0.156506
1032	15	9	14.36666667	-0.156568
1033	15	9	14.4	-0.033475
1034	15	9	14.43333333	0.058365
1035	15	9	14.46666667	0.020292
1036	15	9	14.5	-0.13859911
1037	15	9	14.53333333	-0.039730796
1038	15	9	14.56666667	0.044935143
1039	15	9	14.6	-0.002944024
1040	15	9	14.63333333	0.035147434
1041	15	9	14.66666667	0.002331833
1042	15	9	14.7	-0.050161633
1043	15	9	14.73333333	0.038367496
1044	15	9	14.76666667	-0.031165701
1045	15	9	14.8	-0.055736342
1046	15	9	14.83333333	0.029748502
1047	15	9	14.86666667	-0.007549106
1048	15	9	14.9	0.004534864
1049	15	9	14.93333333	0.037161496
1050	15	9	14.96666667	-0.016769522
1051	15	9	15	0.026443284
1052	15	9	15.03333333	0.004377478
1053	15	9	15.06666667	-0.092446053
1054	15	9	15.1	-0.068693316
1055	15	9	15.13333333	-0.0754579
1056	15	9	15.16666667	0.026434965
1057	15	9	15.2	-0.008594119
1058	15	9	15.23333333	-0.019783311
1059	15	9	15.26666667	0.004068906
1060	15	9	15.3	-0.042874635
1061	15	9	15.33333333	0.011229851
1062	15	9	15.36666667	0.042242269
1063	15	9	15.4	0.041794194
1064	15	9	15.43333333	-0.071167129
1065	15	9	15.46666667	0.02099579
1066	15	9	15.5	0.010797893
1067	15	9	15.53333333	-0.001000895
1068	15	9	15.56666667	0.050457104
1069	15	9	15.6	0.005481822
1070	15	9	15.63333333	-0.033561752
1071	15	9	15.66666667	-0.002552654
1072	15	9	15.7	-0.012245679
1073	15	9	15.73333333	-0.080592705
1074	15	9	15.76666667	-0.023193764
1075	15	9	15.8	-0.035503952
1076	15	9	15.83333333	0.037379828
1077	15	9	15.86666667	-0.014211796
1078	15	9	15.9	0.058106074
1079	15	9	15.93333333	0.034913531
1080	15	9	15.96666667	-0.010194506
1081	15	9	16	0.07169869
1082	15	9	16.03333333	-0.054973234
1083	15	9	16.06666667	-0.000231937
1084	15	9	16.1	0.01692499
1085	15	9	16.13333333	-0.048066344
1086	15	9	16.16666667	0.052331982
1087	15	9	16.2	0.010618174
1088	15	9	16.23333333	0.0442985
1089	15	9	16.26666667	-0.048499837
1090	15	9	16.3	0.038803277
1091	15	9	16.33333333	-0.01355347
1092	15	9	16.36666667	0.093071591
1093	15	9	16.4	0.022548425
1094	15	9	16.43333333	0.017433783
1095	15	9	16.46666667	0.024366206
1096	15	9	16.5	-0.039863567
1097	15	9	16.53333333	-0.032967713
1098	15	9	16.56666667	0.035385046
1099	15	9	16.6	0.083978253
1100	15	9	16.63333333	0.017225196
1101	15	9	16.66666667	-0.034840701
1102	15	9	16.7	0.027013818
1103	15	9	16.73333333	-0.057262377
1104	15	9	16.76666667	0.040272901
1105	15	9	16.8	-0.094448672
1106	15	9	16.83333333	0.069655405
1107	15	9	16.86666667	0.041473761
1108	15	9	16.9	0.012547678
1109	15	9	16.93333333	0.030460848
1110	15	9	16.96666667	-0.004099607
1111	15	9	17	-0.00498664
1112	15	9	17.03333333	0.00088804
1113	15	9	17.06666667	0.005604459
1114	15	9	17.1	-0.03252858
1115	15	9	17.13333333	0.016943312
1116	15	9	17.16666667	-0.050312166
1117	15	9	17.2	0.037925119
1118	15	9	17.23333333	0.031722898
1119	15	9	17.26666667	-0.088552614
1120	15	9	17.3	0.055682783
1121	15	9	17.33333333	0.080659808
1122	15	9	17.36666667	0.023817017
1123	15	9	17.4	-0.023381307
1124	15	9	17.43333333	-0.002754074
1125	15	9	17.46666667	0.028839102
1126	15	9	17.5	0.071579315
1127	15	9	17.53333333	0.02618542
1128	15	9	17.56666667	0.012965297
1129	15	9	17.6	0.009238023
1130	15	9	17.63333333	0.043516787
1131	15	9	17.66666667	0.015803643
1132	15	9	17.7	-0.134718385
1133	15	9	17.73333333	-0.059955859
1134	15	9	17.76666667	-0.001274224
1135	15	9	17.8	0.057286188
1136	15	9	17.83333333	0.04290906
1137	15	9	17.86666667	-0.005980028
1138	15	9	17.9	0.015744988
1139	15	9	17.93333333	0.095301194
1140	15	9	17.96666667	-0.027110331
1141	15	9	18	-0.026733075
1142	15	9	18.03333333	0.027580639
1143	15	9	18.06666667	-0.048848798
1144	15	9	18.1	0.045856968
1145	15	9	18.13333333	-0.020707453
1146	15	9	18.16666667	-0.068807003
1147	15	9	18.2	0.051726692
1148	15	9	18.23333333	-0.055536324
1149	15	9	18.26666667	0.000835276
1150	15	9	18.3	0.051504313
1151	15	9	18.33333333	0.016408313
1152	15	9	18.36666667	0.00147347
1153	15	9	18.4	-0.053650983
1154	15	9	18.43333333	-0.019557325
1155	15	9	18.46666667	0.025920139
1156	15	9	18.5	0.046543351
1157	15	9	18.53333333	0.021035496
1158	15	9	18.56666667	-0.001199045
1159	15	9	18.6	0.030405382
1160	15	9	18.63333333	-0.003248935
1161	15	9	18.66666667	0.10529999
1162	15	9	18.7	0.024343702
1163	15	9	18.73333333	0.031643858
1164	15	9	18.76666667	0.04756972
1165	15	9	18.8	-0.064364529
1166	15	9	18.83333333	-0.004423858
1167	15	9	18.86666667	-0.015507439
1168	15	9	18.9	-0.028660452
1169	15	9	18.93333333	0.021863863
1170	15	9	18.96666667	-0.003714965
1171	15	9	19	-0.042070755
1172	15	9	19.03333333	0.111525593
1173	15	9	19.06666667	-0.094419249
1174	15	9	19.1	-0.10913224
1175	15	9	19.13333333	-0.015225095
1176	15	9	19.16666667	-0.065623049
1177	15	9	19.2	-0.054637241
1178	15	9	19.23333333	0.014000734
1179	15	9	19.26666667	-0.013500686
1180	15	9	19.3	-0.023052827
1181	15	9	19.33333333	-0.012839034
1182	15	9	19.36666667	-0.011213779
1183	15	9	19.4	-0.046226009
1184	15	9	19.43333333	-0.048933494
1185	15	9	19.46666667	-0.049622469
1186	15	9	19.5	-0.035358996
1187	15	9	19.53333333	0.05878277
1188	15	9	19.56666667	0.012806724
1189	15	9	19.6	0.005963067
1190	15	9	19.63333333	-0.035661856
1191	15	9	19.66666667	-0.037944606
1192	15	9	19.7	-0.09976373
1193	15	9	19.73333333	-0.061006959
1194	15	9	19.76666667	0.02041263
1195	15	9	19.8	0.013212393
1196	15	9	19.83333333	0.033624878
1197	15	9	19.86666667	-0.002848119
1198	15	9	19.9	0.012061554
1199	15	9	19.93333333	-0.005572952
1200	15	9	19.96666667	0.043730618
